14
1 0 0 1 1 0 0 0 0 0 0 0 1 1 
0 0 0 1 0 0 0 1 1 1 1 1 0 0 
1 1 1 1 1 1 1 1 1 0 0 0 1 0 
1 1 0 1 1 1 0 1 0 1 1 1 1 0 
1 1 1 1 1 0 1 0 1 1 0 1 1 0 
0 0 0 1 0 1 1 1 1 0 0 1 1 1 
0 1 0 0 1 1 0 0 1 0 1 1 0 0 
0 0 0 0 1 0 1 0 0 1 1 1 1 1 
0 1 0 0 1 1 0 0 1 0 0 1 1 0 
0 0 1 0 0 1 1 1 1 1 1 0 0 1 
1 0 1 0 1 0 0 1 1 1 0 1 0 0 
0 0 1 0 1 1 0 0 0 1 1 0 1 0 
1 0 1 0 0 1 1 0 1 0 1 1 1 1 
1 0 1 0 1 1 0 0 0 1 0 1 1 1 
14 2 0 11 0 0 0 0 0 0 6 3 3 5 
8 2 0 0 13 0 0 12 3 11 8 11 0 0 
0 0 0 0 6 7 10 0 3 14 0 8 0 4 
3 0 0 0 0 0 9 0 14 0 0 8 2 3 
0 4 4 0 3 7 8 0 0 12 14 0 0 2 
0 2 8 0 0 0 8 0 11 6 0 7 0 2 
0 0 1 13 0 8 0 0 0 0 0 0 0 14 
12 6 0 0 0 0 0 0 0 9 0 6 0 6 
0 0 12 2 6 7 0 3 0 6 12 11 14 0 
3 0 0 0 0 0 13 13 0 13 5 0 0 0 
1 0 0 0 0 3 9 0 14 14 0 0 8 7 
3 0 14 11 0 1 0 0 11 4 0 14 11 10 
10 7 9 14 0 0 0 2 0 12 3 0 0 3 
14 5 0 12 0 0 0 0 0 0 0 14 0 0 
