13
0 0 0 1 1 0 0 1 0 0 1 0 1 
1 0 1 1 0 0 1 0 1 0 0 1 1 
0 0 1 0 1 0 0 0 0 1 1 0 0 
1 1 0 1 0 1 1 1 0 0 0 1 0 
1 1 1 1 1 1 1 1 0 0 0 1 0 
1 0 1 0 1 0 0 0 0 1 0 1 1 
1 1 1 1 1 0 0 0 1 0 0 0 0 
0 1 0 0 1 0 1 0 1 0 0 1 1 
0 0 1 0 1 0 1 0 0 1 0 0 0 
0 0 1 1 0 1 0 0 0 0 0 0 0 
0 0 1 1 1 1 0 1 0 0 1 1 0 
1 1 1 1 0 1 0 0 0 1 1 1 0 
0 0 1 1 0 0 1 0 1 1 1 1 1 
2 8 5 0 0 0 12 5 0 0 0 5 0 
0 6 12 0 0 1 9 0 10 6 0 0 0 
0 0 1 7 8 0 0 5 0 0 0 6 0 
7 0 6 13 0 5 0 0 0 8 5 12 0 
0 1 1 0 1 0 3 0 0 10 11 5 6 
0 0 0 4 0 0 0 0 7 5 12 0 0 
0 6 0 11 10 12 4 11 6 10 0 0 4 
5 11 11 0 5 0 5 12 2 0 5 9 12 
10 0 0 0 0 0 13 4 0 7 0 6 11 
0 6 10 0 0 5 0 9 0 0 0 0 10 
5 0 3 0 0 2 11 6 7 0 11 0 11 
0 4 8 2 13 0 11 0 7 0 2 11 8 
0 0 4 8 0 10 0 13 0 12 0 3 10 
