1000
2778 9853
126 2040
1825 3636
1238 9577
2295 7105
1823 9404
4189 9394
1349 7943
4785 8694
22 5774
547 1262
143 7703
2310 7840
4566 7991
2615 4799
1743 6427
2875 6204
105 1259
1373 1934
4145 4419
170 9257
2507 6983
3823 4679
2615 9188
3667 9670
3055 9097
2968 4589
3814 4065
3608 5986
335 8903
2555 4209
1584 9098
4249 8428
688 1269
3791 9760
2672 4087
3146 4327
1937 3859
1514 5096
1695 3753
3564 5319
889 1808
2743 8591
4095 4276
931 9100
2181 4583
1800 3765
672 1336
3187 9052
156 1667
4398 8900
4215 5536
2520 5162
1734 7592
2792 9022
594 8727
4688 5218
4920 7799
1876 6662
3156 3943
4311 7326
1491 2463
694 9000
767 7554
2926 9157
3986 9769
83 3927
1165 5618
2741 5038
1734 9422
3790 5543
4353 6550
1903 4833
1850 6617
2938 9870
1669 8273
1901 3140
2679 6523
843 9278
794 6915
4348 8696
4025 6709
3388 4438
1870 9746
1541 6950
3163 4759
3260 8295
1648 2987
1592 8079
4794 8180
1147 7556
4837 9243
2347 3277
3815 4542
2899 4842
2822 9944
2765 5420
1704 1882
133 377
3145 6492
1308 4924
1869 3046
4172 7322
1652 6987
4096 6563
3399 5208
286 8714
1426 6254
2851 3780
4215 4297
821 7784
283 1990
4729 8662
2591 5669
2180 8290
1484 7147
3631 6029
1052 4848
1549 3230
2225 8125
4819 8726
4711 5808
1136 7431
4529 5197
1438 5746
485 6951
139 8015
1838 8449
1431 3477
2106 6047
217 9401
3428 6013
1702 7871
735 2151
4715 9984
4271 6177
526 7474
1611 6959
3368 7294
625 7835
813 7448
3515 6353
2721 5672
4716 5059
1781 4380
4625 6264
164 7095
995 3339
785 7805
1001 4678
2225 5564
438 711
3391 9115
64 2317
4498 9260
2801 8649
3787 6350
4654 5993
4000 7657
3840 8586
2584 6844
1625 9192
1974 7968
1115 1843
3975 8888
1688 3712
3812 7598
4550 8605
1383 5688
1720 5529
3387 5486
190 2156
2078 7097
2871 6323
2226 5200
3722 9770
4134 9832
4459 9932
2991 8325
3509 9087
91 5601
4183 5567
1570 8683
1361 8657
3062 3308
2317 6323
2040 7701
3011 8347
3688 4221
4987 6847
1567 5689
2478 6836
1518 6391
2271 8753
1645 3613
3105 6654
1495 3334
4837 7079
4056 5884
687 8855
215 2822
1924 8417
2820 7806
92 296
1954 4423
2642 5572
4657 8498
2822 5733
2298 5927
3130 9667
2206 4762
1062 3901
692 7062
4197 6393
2583 3951
4536 7890
3930 4177
4929 7337
3093 4841
1838 8189
3121 6076
3293 5635
395 648
180 2466
45 7912
2523 6113
4283 8180
2438 7921
3579 7972
4396 6887
4368 4739
340 6294
3123 3922
4625 8450
137 6894
536 3309
381 9638
681 4446
3997 9579
1686 9049
625 8854
1084 7520
837 7475
4506 6314
2761 6770
289 4010
1233 6249
3132 4704
4640 6888
1891 4698
2653 5672
3283 9273
1325 6460
1759 4951
785 6963
1023 2365
2854 9872
2900 7986
1567 4357
167 3308
1035 1638
1884 6089
2548 9330
1765 8356
1380 2003
326 4038
1758 4771
809 8635
1504 7732
1636 9008
448 7941
18 4542
2873 3360
3995 9300
2163 8005
28 4820
4064 4343
4368 4907
825 7291
1747 8121
1746 5524
1901 4170
4323 4507
4739 5163
3244 7844
3594 9284
4266 8770
3883 7938
1483 9022
3513 7261
103 7338
4819 5192
4593 5184
902 4541
2056 8187
2016 6977
2839 5526
1687 3912
4359 5921
4760 5195
4384 9310
4312 4554
2377 9098
644 5589
539 4559
1569 4373
727 5032
2392 8031
3464 6332
1029 5605
3042 5874
3764 4930
2579 4170
1682 4650
2211 3712
519 2726
2042 5029
495 8604
2522 2731
728 9645
4985 7666
2560 9108
3495 4231
2799 6418
3620 6078
1390 5257
4933 7910
2128 2693
2208 7964
1651 3063
4553 5904
2034 2729
487 6238
883 5138
2903 5578
4188 8392
3054 7795
2861 3378
4289 8393
1862 3045
2952 9827
2055 3382
1812 5955
3060 6131
312 2433
2832 3855
1542 6162
390 4267
1357 7643
2024 4744
4727 5943
3458 8093
68 848
48 5518
1489 4211
1862 4066
3636 6691
2267 2716
3358 8059
4778 8605
1458 4583
3272 6417
1459 5108
4136 5114
274 9131
1575 4442
3371 8384
3480 8114
3881 8646
3512 7662
407 9153
4936 6219
2225 7316
2691 6202
2808 6343
2784 7632
408 415
3731 9645
491 2952
4240 9168
2330 7786
628 972
912 3526
2363 6716
2875 5890
1149 1245
2455 4245
512 6804
856 6777
4228 9217
1783 3871
2217 5584
3059 5950
2321 7870
1221 6519
2667 6862
4402 6204
4319 7500
4227 9871
4538 6163
28 7882
3774 6096
4276 4448
4270 8890
1996 9426
2638 8149
4014 4502
2713 8355
4989 5657
2270 5131
1232 7063
2593 8654
336 9881
1279 2572
4966 7869
3600 4782
957 3143
4106 8790
1845 5080
1013 3747
2846 3887
4069 6796
1246 3328
2442 7664
2023 2375
4664 6299
749 2736
1638 8283
3903 7785
3837 7473
2128 2259
3386 4835
3407 5829
34 922
2458 7725
442 6378
4605 8913
3904 4442
4245 7467
4266 9836
2345 8789
471 1500
2695 3705
2572 9300
2819 7285
1088 3396
624 1237
2871 4685
3341 6819
2433 8595
1977 9013
4402 6024
4140 8572
2786 4680
3930 9371
4732 8812
2101 3935
4651 9235
682 6987
3411 8941
184 453
345 6940
2022 5546
1124 1943
4796 9105
3271 7053
3437 3755
885 5083
2931 9436
382 2463
3382 4918
4266 4761
3474 6014
17 9397
1111 8852
1108 8624
1426 4302
4873 9072
1904 6909
2953 5231
147 3978
3317 4763
3240 5917
4311 4326
4737 6173
2478 5480
812 4223
2197 8518
3721 6473
3901 7501
3910 4959
695 5757
4424 8427
1950 7375
4766 6959
3341 3988
3226 7004
511 3349
2047 6900
3940 8910
3504 7091
969 3754
3393 9096
1332 6604
1355 5644
4791 8671
242 5602
4457 6709
592 2097
4464 9848
914 9210
841 3758
1646 2137
4297 7144
3249 8457
3090 4188
2893 9990
3649 6116
3109 6680
2919 4530
2906 9414
4575 9101
4398 8052
3544 4599
2980 8336
3869 9415
2386 2941
773 4213
1702 6303
3751 3968
2240 6037
1523 8772
2668 5678
4948 8819
2128 6754
857 1165
1193 7494
4619 6521
3783 8378
1759 3391
2647 3522
200 7582
2703 9488
2990 7309
1474 3507
590 1571
622 3007
949 3984
961 3751
2836 4105
800 3606
3164 4324
2378 8930
869 5342
1561 2041
1635 5278
1193 5771
2024 5031
2233 7849
2920 5717
1273 5903
1361 2118
3580 7537
607 3231
4967 8838
4303 6082
2137 8091
4875 8389
3047 4300
1904 8952
2282 7769
3226 9610
3683 7995
3179 6179
2398 6014
1232 8471
1802 8196
470 6792
2187 7172
1436 2485
4407 9570
1925 1981
3614 8507
2619 8118
730 1089
3040 4838
2033 2848
1898 6470
950 4657
430 760
4345 4748
309 8561
3159 8341
2784 7260
3665 6412
2213 6904
4048 4990
1952 2744
1033 3479
1743 5773
2234 5880
1415 3377
1144 8316
3879 9603
3894 4712
628 6836
951 7019
4182 7843
4802 6642
2853 8657
856 9712
862 8004
409 3002
4219 8743
1406 2017
4982 7648
4319 5003
4727 4783
412 2177
2669 7627
887 1126
2480 5240
4199 8194
1983 7752
4361 7977
4251 5193
1243 2399
594 7766
4570 4582
1976 5661
4394 5054
2675 3359
6 7429
4791 8134
2977 4768
2710 8261
4507 9502
1786 9833
4553 9952
3776 5994
479 2114
1152 5132
705 6621
1930 2153
4592 4768
754 7123
1254 6900
4341 7089
469 9455
1157 1248
3265 4611
547 941
1297 6678
2559 4576
4742 6980
4179 5120
2146 2618
3183 7024
1200 6566
3606 6104
4246 6853
3847 5146
4820 6216
2420 2458
3993 9021
2926 9983
1501 8371
2095 6857
593 8024
2039 6914
3628 7316
140 7378
4044 6087
3372 9987
2601 7428
3256 8793
1082 1203
2999 9405
2944 8626
1447 1834
4014 9964
2068 7920
2198 9350
1859 5191
654 3669
2978 6178
1368 3928
1808 9887
3782 5013
4449 6941
597 1469
1971 3819
1783 2992
2205 6838
1316 2684
128 4823
2324 4397
102 9977
4177 8347
3356 8430
3465 5997
2866 8517
202 9301
4107 8725
4064 5685
2558 5507
4818 9158
1533 9419
3858 7073
3382 4607
3721 4501
2371 6346
4994 9391
4185 6733
2702 4903
4752 6069
4607 8687
2561 4675
446 8924
662 2993
672 4806
4594 7869
1283 4228
956 6338
1097 7699
4974 5472
1198 9920
2326 7818
4364 9362
1061 8706
2752 9088
2352 4413
4866 9032
1147 6536
3655 8625
1671 5249
4177 8524
4142 9987
3876 8282
1081 7105
720 4810
3062 5395
4498 9372
3925 8338
730 8318
2536 9085
4508 9642
4985 8349
1311 9451
909 3042
367 7906
763 1302
2728 7960
2258 9873
3213 4340
1097 6875
2412 6203
1974 2803
4340 4875
1017 7474
599 9224
1759 5852
3091 3473
1798 5875
3178 3665
700 9329
4528 9349
1996 5658
1050 1208
857 6530
3304 9829
2761 9854
4725 7072
4900 8988
772 6401
1442 3634
2225 6321
1111 9818
3392 8107
443 6244
569 7409
2240 7361
538 3658
3047 8842
4807 9395
4787 9875
2977 9393
4610 9416
1579 9330
2642 4064
2371 8601
872 5575
3603 4405
3951 9384
341 7244
4569 9763
774 4720
3478 6290
3150 8521
377 5781
4607 9706
661 2247
959 3957
1977 2675
2723 7875
3738 8439
4488 9980
912 3317
4787 7132
1875 4908
3054 9694
4527 7619
1213 4072
2617 6333
4467 9868
89 6184
1168 3392
191 5127
4350 5672
4969 8318
773 5286
2162 8872
813 3714
4220 8550
4487 7817
4979 5755
4283 8892
1049 7114
3612 8470
2679 4080
2455 6883
3745 7765
1354 6426
3173 9773
2530 6334
3365 5338
2338 7891
1728 7353
2627 8303
1292 3428
2907 6904
738 5736
3529 7945
325 7594
833 3048
3016 5428
559 9209
3794 7665
2385 4042
2655 4270
3454 7644
3361 5696
1034 2067
3538 6360
1169 8553
944 3604
574 9204
2383 3008
329 9289
8 8565
2910 5776
195 9625
316 5265
4706 8880
2656 6057
3722 8969
286 7690
2177 6890
2867 5544
3097 5703
4041 5295
995 3239
516 615
3227 9039
3862 4915
3275 8709
1873 4636
1180 5884
87 6145
851 5950
449 2480
1968 3540
3182 3612
2777 7304
4130 5360
2303 4545
3740 7372
2375 5670
3267 8198
544 4622
986 7541
783 4582
4383 9975
3277 5957
1522 6902
4855 7095
2178 6203
1133 8793
69 5724
4182 7016
3007 3511
4869 8641
3878 5997
291 8194
1523 6909
3421 7629
2571 5095
1 6653
3822 4158
2717 3840
1926 2812
2740 4602
2275 9987
4120 9587
758 1353
4041 6569
4613 9191
3145 6852
4800 5050
3183 5366
3588 8782
3207 3230
375 4134
3822 7578
2413 7747
2473 5718
2946 4273
2189 5252
2217 3154
1805 4446
388 6860
2959 7818
2943 8659
4476 8780
4099 9483
1563 3124
1931 9052
3910 8775
3978 9318
18 468
2284 3380
4059 5890
1408 6629
3865 9374
2577 5504
2418 5018
73 4583
1307 8286
3013 3415
3539 4262
1936 9833
2542 2892
3230 6809
1443 7324
3042 3577
4261 9636
1120 2376
1373 2528
4018 7331
3491 8700
868 6855
1604 3074
2515 7034
1955 9275
269 1202
2378 7040
2463 4374
3861 5342
1232 4811
3259 6829
3128 6595
1779 5789
693 4726
3805 6994
2849 8173
4391 5327
3246 4221
504 724
3704 9024
1075 8671
1022 6884
1110 4585
280 6026
1799 5022
1835 9549
3986 4353
3644 9636
2990 7111
1289 4459
3405 8306
3733 4091
185 847
4256 4964
1880 9431
3230 7431
1216 7132
4536 7911
3344 8869
4441 8618
3558 3616
