854 950 928 32 491
546 600 969 44 890
57 12 803 186 816
403 13 314 650 318
202 715 910 797 150
830 549 536 545 264
478 83 917 353 414
830 126 578 524 800
797 814 889 163 99
7 694 223 68 397
194 870 778 348 550
519 204 747 412 304
566 122 373 824 913
94 383 114 957 917
460 480 609 516 342
825 477 729 522 559
296 212 168 732 850
913 85 721 157 950
48 487 11 470 822
148 560 992 417 448
664 37 861 563 286
928 924 707 494 901
664 211 625 488 92
664 655 238 494 72
941 657 350 269 247
908 953 54 772 529
95 612 557 430 600
358 641 309 712 468
582 259 444 122 972
652 456 273 859 124
199 145 234 895 364
656 94 551 304 598
775 548 816 276 589
993 808 121 727 815
693 68 859 244 722
149 388 673 758 474
796 695 201 755 622
627 479 91 219 57
291 959 896 77 524
575 173 552 335 9
645 107 568 508 914
170 776 697 673 950
688 132 226 15 856
842 450 798 765 8
412 892 173 909 672
352 251 549 93 944
441 349 896 66 315
104 137 346 66 545
574 837 342 477 937
883 116 565 72 778
649 202 874 318 3
416 485 598 391 743
848 669 410 452 488
56 324 436 210 420
630 798 792 241 34
286 105 387 439 575
718 301 220 666 716
174 551 971 47 627
675 381 504 476 292
466 495 259 283 135
580 894 259 566 903
455 511 26 464 881
95 777 922 855 542
519 796 490 657 395
373 297 436 268 459
911 19 14 821 455
606 766 560 164 855
514 402 430 93 987
161 847 895 882 120
438 151 10 648 591
956 251 955 876 699
562 316 772 224 167
236 603 16 772 64
521 632 419 540 788
115 620 684 661 269
265 282 946 161 793
10 820 234 53 448
733 847 7 267 561
921 197 868 566 869
301 745 767 878 71
708 219 174 483 935
526 781 190 613 104
923 445 269 839 614
392 421 914 812 527
618 984 446 118 949
654 276 783 775 506
274 191 492 364 428
184 152 70 351 303
674 151 677 766 341
985 429 123 640 832
310 126 530 161 700
110 217 780 154 546
823 965 943 519 628
381 966 200 11 533
771 119 507 848 995
79 972 888 514 178
6 64 524 309 937
735 742 312 236 598
234 778 67 887 131
592 683 346 814 931
