899 282 398 404 549
300 845 790 809 989
993 384 396 340 377
664 799 110 230 849
47 82 159 365 359
396 531 665 177 984
26 120 624 243 733
347 543 143 319 540
323 88 785 399 880
764 497 736 774 531
796 146 231 881 548
407 288 693 475 194
452 514 246 188 97
992 464 754 361 691
917 912 222 923 549
92 442 560 787 316
425 637 647 251 182
535 698 743 317 536
698 694 237 958 259
407 801 671 25 386
741 573 291 14 574
900 792 659 183 957
346 80 713 580 149
795 330 160 636 823
721 112 134 470 448
657 634 114 820 68
408 624 491 618 799
208 271 756 689 599
76 264 760 516 583
979 8 538 429 704
49 363 995 60 430
851 853 168 680 9
144 658 417 175 730
135 771 748 802 597
329 159 291 241 70
715 800 759 775 154
286 69 986 950 412
45 274 432 681 786
752 413 660 554 811
122 18 737 491 220
272 554 991 103 340
905 347 866 409 526
283 275 705 829 593
820 326 995 686 76
328 693 83 526 467
283 930 968 589 674
728 73 471 381 564
870 769 407 878 500
968 78 11 997 85
307 972 843 955 368
912 124 476 832 216
77 41 516 682 973
668 112 898 646 125
875 179 207 890 189
938 623 299 922 779
826 649 577 719 879
479 494 874 280 569
351 302 651 545 496
457 584 377 166 310
735 103 41 39 564
518 888 344 763 873
920 214 455 258 374
427 667 620 16 391
419 945 440 373 430
719 829 224 618 166
999 991 836 986 805
703 1 28 545 615
755 166 257 750 260
122 933 754 186 430
944 708 2 807 571
418 475 120 107 410
664 536 737 258 663
518 190 342 785 804
824 430 668 725 754
285 241 305 480 531
851 959 951 975 840
49 197 599 412 55
404 202 187 547 323
567 339 401 932 127
661 230 367 765 705
63 521 115 325 971
205 921 569 71 484
583 708 529 148 639
77 333 650 361 627
563 997 294 275 309
970 976 79 396 139
103 356 325 665 950
756 579 334 309 776
952 52 758 744 419
842 316 435 582 147
838 575 539 602 797
301 858 334 306 196
201 943 125 924 386
274 11 18 695 426
534 204 350 766 868
969 825 181 313 202
243 726 975 196 176
67 950 745 842 604
933 991 293 128 934
189 135 2 126 386
