390 409 374 441 379
555 521 806 639 877
435 418 389 19 939
662 309 433 391 412
875 341 393 95 9
610 690 222 6 629
119 65 189 865 344
137 960 245 115 50
687 49 291 205 367
285 641 686 900 240
254 606 372 576 371
348 440 417 215 592
581 765 911 259 927
377 460 692 495 879
936 263 212 162 442
391 877 558 558 484
754 293 557 594 637
328 924 832 564 82
222 953 53 259 867
243 925 891 144 82
337 887 443 12 342
35 194 635 19 978
442 327 127 314 434
958 245 477 767 819
70 484 663 154 300
83 85 781 767 109
860 373 915 523 418
712 182 110 252 453
399 325 108 27 816
565 655 954 809 760
865 387 386 229 405
280 672 646 114 855
764 830 32 457 254
297 216 404 937 476
91 885 777 463 403
165 695 158 500 282
925 388 591 816 622
347 560 897 928 691
17 528 416 442 98
820 745 901 578 172
920 768 84 842 405
339 953 62 199 766
846 431 433 865 869
260 957 99 790 778
30 998 266 767 330
804 285 681 674 343
328 486 787 181 682
170 393 937 345 651
679 452 126 761 397
384 750 109 763 288
72 199 60 934 238
377 569 48 999 224
355 962 637 493 888
450 955 476 199 506
122 378 26 390 944
581 938 239 376 529
588 12 213 900 613
961 821 976 210 902
791 672 507 253 886
99 614 242 340 309
585 261 131 471 150
372 752 212 606 161
890 655 422 201 695
611 520 637 16 170
82 446 841 646 547
532 433 134 483 652
252 381 899 712 804
387 872 410 549 246
949 217 811 930 732
71 710 203 615 438
308 106 815 453 809
680 881 0 266 201
352 512 360 447 347
613 298 364 630 917
717 409 430 609 238
352 433 320 812 296
517 669 531 74 498
871 193 817 597 906
3 643 96 755 233
720 916 405 776 539
279 106 127 76 713
377 841 684 802 119
534 887 775 84 836
451 777 649 127 597
199 907 503 762 883
524 905 251 590 851
216 201 164 462 604
501 291 33 125 275
838 673 91 642 179
607 567 240 885 266
891 31 314 111 147
717 8 292 725 594
410 953 33 440 758
941 853 740 77 287
828 380 67 745 360
639 393 577 586 932
240 131 262 667 301
0 804 58 292 199
386 697 0 594 93
56 350 9 356 101
