541 202 936 604 445
613 320 868 952 460
827 648 552 769 429
325 886 415 110 261
268 38 130 693 932
605 973 129 386 416
191 277 987 74 102
528 277 707 509 599
794 707 507 631 323
749 971 269 122 143
3 572 571 915 664
62 497 755 281 383
52 502 514 688 295
865 85 849 890 196
152 551 335 973 885
12 705 764 826 561
592 403 521 931 614
820 819 363 491 495
662 944 682 554 303
293 12 573 331 228
654 422 893 58 309
689 816 500 981 838
656 602 815 880 439
863 357 794 436 721
458 531 273 617 321
360 734 739 785 157
28 832 505 502 618
551 495 683 318 495
452 789 112 254 944
633 467 984 805 426
26 407 927 743 915
254 250 53 769 191
494 700 669 642 489
305 222 694 625 70
922 945 22 792 583
197 531 256 585 884
190 414 325 101 594
527 813 918 774 29
986 332 136 346 850
790 328 537 270 606
527 65 955 710 538
652 870 927 457 270
589 236 402 190 893
413 691 277 875 196
468 839 712 314 487
965 206 274 71 782
78 519 377 566 351
750 868 69 508 349
788 602 236 671 289
322 464 439 538 999
630 296 354 333 95
492 196 804 718 303
606 71 836 823 204
275 769 556 0 740
812 768 810 384 725
144 151 77 722 454
797 378 337 457 763
567 603 34 136 681
602 554 692 960 237
421 240 568 50 174
424 913 99 815 699
394 84 278 416 305
254 527 983 812 378
12 905 929 616 428
922 850 382 901 468
297 271 108 434 936
596 579 295 272 586
885 563 751 445 56
134 81 938 546 231
978 767 165 382 548
45 858 217 858 927
30 619 818 721 139
392 54 735 770 836
957 564 200 957 138
370 114 669 321 330
240 126 19 899 997
122 367 115 227 10
713 584 501 78 677
837 849 239 852 15
271 627 764 486 311
554 950 71 487 81
714 74 401 30 47
345 996 64 605 309
746 857 149 701 0
125 128 138 420 150
639 207 241 934 590
107 651 761 958 780
241 434 777 570 839
174 595 712 107 467
876 479 463 873 988
731 594 718 184 291
308 949 522 300 389
302 8 10 370 897
367 906 753 561 296
86 990 193 839 65
903 304 476 504 677
422 409 842 384 958
675 252 663 362 361
722 351 570 538 7
885 724 865 161 171
