100 6000
1 56
2 29
3 34
4 23
5 52
6 21
7 86
8 46
9 67
10 6
11 17
12 7
13 38
14 76
15 2
16 1
17 1
18 13
19 28
20 8
21 56
22 64
23 19
24 15
25 20
26 20
27 7
28 31
29 41
30 71
31 39
32 3
33 5
34 12
35 4
36 17
37 1
38 49
39 22
40 22
41 18
42 3
43 1
44 49
45 13
46 20
47 60
48 42
49 12
50 32
51 16
52 32
53 4
54 9
55 19
56 21
57 17
58 18
59 66
60 45
61 18
62 54
63 67
64 5
65 45
66 14
67 20
68 17
69 37
70 41
71 27
72 29
73 45
74 22
75 6
76 30
77 31
78 23
79 29
80 24
81 30
82 85
83 8
84 13
85 33
86 39
87 53
88 48
89 25
90 17
91 7
92 1
93 16
94 21
95 21
96 7
97 5
98 58
99 13
100 1
