100 3000
1 27
2 3
3 15
4 41
5 6
6 50
7 10
8 1
9 6
10 3
11 10
12 40
13 10
14 15
15 54
16 29
17 7
18 27
19 49
20 49
21 12
22 27
23 9
24 47
25 18
26 9
27 23
28 20
29 36
30 63
31 22
32 8
33 5
34 31
35 30
36 16
37 4
38 37
39 19
40 53
41 7
42 13
43 21
44 51
45 53
46 7
47 5
48 10
49 23
50 18
51 60
52 26
53 20
54 21
55 36
56 12
57 26
58 56
59 4
60 25
61 16
62 17
63 21
64 26
65 26
66 49
67 63
68 20
69 67
70 36
71 34
72 40
73 46
74 61
75 48
76 35
77 52
78 27
79 15
80 2
81 9
82 30
83 22
84 6
85 12
86 38
87 14
88 3
89 9
90 16
91 45
92 29
93 27
94 12
95 13
96 44
97 30
98 68
99 9
100 54
