1000 8500
1 3
2 7
3 8
4 10
5 12
6 32
7 61
8 36
9 21
10 16
11 22
12 8
13 43
14 6
15 28
16 45
17 17
18 6
19 41
20 2
21 10
22 20
23 28
24 2
25 6
26 3
27 4
28 5
29 12
30 39
31 2
32 17
33 36
34 5
35 40
36 31
37 19
38 34
39 47
40 34
41 15
42 5
43 8
44 13
45 12
46 28
47 29
48 8
49 4
50 44
51 69
52 30
53 40
54 14
55 23
56 4
57 36
58 21
59 44
60 7
61 27
62 41
63 8
64 19
65 43
66 50
67 18
68 32
69 2
70 31
71 73
72 7
73 3
74 8
75 38
76 44
77 17
78 18
79 68
80 34
81 62
82 39
83 35
84 24
85 15
86 81
87 23
88 10
89 56
90 1
91 5
92 11
93 33
94 32
95 4
96 42
97 31
98 20
99 70
100 17
101 10
102 32
103 10
104 1
105 31
106 42
107 3
108 26
109 31
110 26
111 43
112 5
113 20
114 59
115 47
116 14
117 27
118 47
119 20
120 15
121 32
122 75
123 35
124 8
125 10
126 29
127 3
128 26
129 13
130 22
131 14
132 13
133 50
134 13
135 15
136 37
137 63
138 10
139 30
140 30
141 29
142 6
143 6
144 76
145 46
146 31
147 70
148 12
149 60
150 45
151 53
152 11
153 21
154 18
155 8
156 2
157 5
158 19
159 26
160 53
161 10
162 24
163 34
164 12
165 7
166 6
167 2
168 3
169 8
170 44
171 36
172 41
173 48
174 66
175 4
176 16
177 43
178 43
179 19
180 29
181 45
182 21
183 19
184 29
185 14
186 15
187 47
188 18
189 12
190 4
191 4
192 18
193 39
194 38
195 9
196 46
197 46
198 4
199 15
200 1
201 64
202 5
203 41
204 57
205 17
206 45
207 47
208 26
209 31
210 9
211 13
212 20
213 14
214 10
215 9
216 36
217 17
218 3
219 16
220 57
221 78
222 43
223 9
224 7
225 8
226 3
227 16
228 20
229 50
230 16
231 18
232 5
233 47
234 8
235 22
236 18
237 19
238 37
239 15
240 14
241 35
242 10
243 20
244 28
245 45
246 12
247 24
248 21
249 18
250 22
251 11
252 64
253 28
254 77
255 21
256 33
257 2
258 1
259 22
260 10
261 63
262 4
263 43
264 7
265 2
266 46
267 8
268 23
269 15
270 43
271 1
272 39
273 79
274 22
275 30
276 64
277 59
278 7
279 64
280 11
281 8
282 3
283 14
284 50
285 6
286 92
287 39
288 62
289 21
290 34
291 13
292 16
293 34
294 8
295 15
296 12
297 18
298 30
299 61
300 75
301 25
302 6
303 32
304 23
305 45
306 13
307 1
308 13
309 11
310 27
311 7
312 17
313 13
314 9
315 8
316 14
317 12
318 40
319 28
320 6
321 38
322 39
323 29
324 22
325 9
326 62
327 52
328 20
329 29
330 51
331 53
332 13
333 53
334 3
335 10
336 35
337 64
338 25
339 57
340 41
341 31
342 19
343 5
344 53
345 12
346 31
347 24
348 4
349 39
350 18
351 6
352 29
353 6
354 54
355 1
356 28
357 24
358 5
359 12
360 41
361 45
362 28
363 41
364 14
365 6
366 46
367 24
368 4
369 25
370 29
371 13
372 5
373 11
374 29
375 34
376 40
377 6
378 15
379 19
380 11
381 4
382 4
383 32
384 18
385 32
386 33
387 14
388 72
389 32
390 56
391 64
392 15
393 15
394 12
395 29
396 36
397 66
398 16
399 8
400 21
401 40
402 34
403 19
404 15
405 9
406 3
407 12
408 1
409 1
410 2
411 34
412 22
413 70
414 14
415 22
416 28
417 59
418 11
419 41
420 19
421 37
422 15
423 14
424 51
425 44
426 37
427 17
428 3
429 44
430 17
431 18
432 25
433 46
434 15
435 11
436 59
437 60
438 25
439 18
440 8
441 18
442 36
443 26
444 12
445 15
446 25
447 72
448 59
449 80
450 23
451 33
452 5
453 31
454 27
455 1
456 18
457 38
458 52
459 25
460 43
461 46
462 37
463 26
464 45
465 39
466 2
467 4
468 13
469 7
470 12
471 29
472 9
473 61
474 67
475 9
476 8
477 57
478 13
479 1
480 24
481 14
482 4
483 50
484 39
485 41
486 36
487 52
488 32
489 4
490 16
491 55
492 20
493 20
494 4
495 7
496 46
497 8
498 28
499 2
500 2
501 22
502 49
503 45
504 37
505 7
506 29
507 21
508 41
509 19
510 11
511 18
512 47
513 5
514 1
515 2
516 50
517 20
518 8
519 15
520 26
521 20
522 46
523 14
524 18
525 27
526 1
527 73
528 44
529 48
530 4
531 4
532 11
533 8
534 5
535 10
536 7
537 33
538 10
539 29
540 55
541 13
542 5
543 4
544 22
545 18
546 11
547 8
548 12
549 39
550 10
551 26
552 12
553 14
554 13
555 58
556 1
557 39
558 45
559 31
560 23
561 14
562 63
563 50
564 13
565 1
566 10
567 28
568 18
569 1
570 47
571 24
572 3
573 5
574 7
575 9
576 11
577 1
578 25
579 44
580 24
581 14
582 11
583 8
584 26
585 44
586 66
587 20
588 15
589 14
590 24
591 29
592 36
593 2
594 69
595 23
596 51
597 10
598 65
599 22
600 38
601 18
602 22
603 10
604 56
605 2
606 12
607 45
608 41
609 23
610 36
611 10
612 35
613 42
614 15
615 40
616 16
617 10
618 63
619 53
620 33
621 32
622 10
623 22
624 15
625 16
626 25
627 34
628 31
629 40
630 16
631 7
632 51
633 5
634 1
635 20
636 52
637 26
638 19
639 38
640 43
641 8
642 43
643 40
644 60
645 29
646 8
647 66
648 15
649 31
650 48
651 54
652 25
653 5
654 53
655 49
656 34
657 29
658 51
659 8
660 17
661 2
662 11
663 17
664 12
665 62
666 21
667 49
668 37
669 34
670 42
671 86
672 17
673 2
674 18
675 13
676 32
677 38
678 10
679 1
680 10
681 24
682 8
683 18
684 37
685 80
686 7
687 13
688 24
689 16
690 5
691 49
692 21
693 33
694 13
695 33
696 20
697 40
698 76
699 58
700 42
701 29
702 40
703 23
704 18
705 32
706 30
707 11
708 8
709 56
710 20
711 30
712 13
713 24
714 15
715 54
716 54
717 57
718 9
719 54
720 39
721 56
722 54
723 33
724 78
725 12
726 2
727 1
728 16
729 53
730 65
731 56
732 3
733 1
734 12
735 15
736 38
737 29
738 23
739 63
740 5
741 1
742 14
743 6
744 71
745 35
746 37
747 37
748 50
749 26
750 48
751 13
752 4
753 16
754 27
755 23
756 4
757 4
758 36
759 16
760 14
761 18
762 10
763 7
764 10
765 26
766 20
767 26
768 1
769 20
770 13
771 4
772 55
773 21
774 17
775 25
776 4
777 15
778 53
779 16
780 13
781 26
782 70
783 13
784 48
785 1
786 37
787 40
788 20
789 20
790 4
791 45
792 21
793 67
794 38
795 67
796 14
797 21
798 43
799 31
800 12
801 51
802 31
803 36
804 7
805 20
806 32
807 23
808 70
809 21
810 35
811 32
812 1
813 43
814 29
815 16
816 3
817 47
818 45
819 15
820 11
821 34
822 7
823 25
824 52
825 23
826 11
827 33
828 39
829 16
830 51
831 23
832 11
833 12
834 15
835 17
836 39
837 19
838 39
839 67
840 31
841 1
842 13
843 36
844 49
845 1
846 4
847 4
848 14
849 18
850 58
851 43
852 25
853 53
854 3
855 43
856 28
857 55
858 28
859 33
860 62
861 10
862 52
863 9
864 44
865 14
866 52
867 72
868 4
869 18
870 34
871 2
872 11
873 22
874 11
875 12
876 60
877 1
878 5
879 21
880 60
881 35
882 2
883 24
884 11
885 6
886 2
887 46
888 39
889 18
890 4
891 74
892 30
893 5
894 13
895 20
896 9
897 32
898 21
899 12
900 22
901 13
902 10
903 40
904 13
905 2
906 11
907 22
908 35
909 52
910 16
911 14
912 11
913 66
914 63
915 1
916 20
917 19
918 59
919 4
920 19
921 21
922 8
923 77
924 16
925 28
926 14
927 9
928 47
929 17
930 21
931 10
932 7
933 12
934 45
935 11
936 1
937 7
938 2
939 40
940 25
941 35
942 4
943 13
944 37
945 34
946 37
947 37
948 55
949 60
950 32
951 15
952 43
953 17
954 37
955 27
956 58
957 19
958 9
959 51
960 11
961 24
962 2
963 2
964 49
965 11
966 31
967 26
968 27
969 58
970 28
971 8
972 13
973 44
974 44
975 21
976 26
977 6
978 6
979 69
980 37
981 9
982 41
983 5
984 14
985 18
986 28
987 3
988 35
989 57
990 14
991 5
992 34
993 2
994 22
995 53
996 15
997 1
998 13
999 39
1000 22
