1000 7710
1 3
2 4
3 10
4 11
5 31
6 42
7 54
8 1
9 1
10 8
11 43
12 5
13 64
14 9
15 28
16 79
17 38
18 40
19 58
20 13
21 77
22 39
23 40
24 38
25 13
26 1
27 46
28 1
29 32
30 8
31 8
32 24
33 6
34 27
35 35
36 10
37 4
38 11
39 12
40 54
41 63
42 45
43 9
44 6
45 59
46 6
47 18
48 9
49 20
50 19
51 33
52 20
53 86
54 15
55 2
56 12
57 31
58 10
59 17
60 63
61 27
62 3
63 23
64 18
65 26
66 30
67 16
68 13
69 22
70 10
71 9
72 7
73 1
74 6
75 11
76 16
77 2
78 18
79 23
80 8
81 10
82 5
83 47
84 6
85 43
86 35
87 41
88 13
89 7
90 51
91 22
92 45
93 32
94 24
95 12
96 24
97 37
98 7
99 21
100 29
101 28
102 3
103 8
104 18
105 20
106 31
107 28
108 45
109 80
110 56
111 74
112 47
113 18
114 52
115 6
116 52
117 40
118 2
119 5
120 19
121 18
122 8
123 42
124 51
125 45
126 57
127 14
128 5
129 18
130 4
131 25
132 21
133 26
134 2
135 9
136 41
137 7
138 50
139 46
140 29
141 50
142 11
143 6
144 24
145 63
146 8
147 8
148 35
149 2
150 82
151 33
152 31
153 1
154 5
155 8
156 16
157 13
158 48
159 28
160 53
161 27
162 13
163 33
164 18
165 31
166 39
167 8
168 26
169 50
170 6
171 31
172 41
173 28
174 43
175 34
176 2
177 61
178 40
179 5
180 16
181 34
182 23
183 5
184 64
185 26
186 14
187 20
188 31
189 12
190 12
191 30
192 42
193 68
194 28
195 6
196 12
197 15
198 16
199 1
200 51
201 2
202 28
203 15
204 55
205 32
206 2
207 18
208 37
209 5
210 23
211 28
212 23
213 28
214 1
215 1
216 1
217 5
218 1
219 23
220 23
221 45
222 39
223 83
224 10
225 32
226 51
227 8
228 12
229 9
230 43
231 62
232 1
233 17
234 6
235 7
236 41
237 20
238 25
239 18
240 31
241 4
242 26
243 9
244 12
245 17
246 45
247 29
248 25
249 9
250 25
251 28
252 50
253 17
254 7
255 6
256 23
257 4
258 43
259 14
260 47
261 32
262 19
263 14
264 8
265 21
266 27
267 33
268 15
269 78
270 5
271 55
272 2
273 10
274 14
275 2
276 28
277 22
278 3
279 9
280 4
281 16
282 8
283 7
284 11
285 9
286 22
287 13
288 33
289 31
290 2
291 29
292 10
293 25
294 55
295 48
296 15
297 25
298 19
299 23
300 2
301 16
302 4
303 76
304 24
305 18
306 18
307 34
308 51
309 30
310 16
311 28
312 18
313 41
314 54
315 69
316 27
317 33
318 15
319 48
320 38
321 33
322 19
323 28
324 35
325 19
326 14
327 9
328 34
329 2
330 23
331 3
332 14
333 80
334 35
335 40
336 12
337 49
338 39
339 25
340 16
341 26
342 24
343 13
344 24
345 28
346 45
347 56
348 12
349 12
350 16
351 34
352 3
353 15
354 20
355 25
356 39
357 61
358 19
359 11
360 38
361 52
362 3
363 42
364 28
365 6
366 42
367 14
368 2
369 1
370 7
371 25
372 63
373 8
374 39
375 15
376 21
377 27
378 19
379 60
380 2
381 34
382 2
383 1
384 8
385 52
386 52
387 14
388 44
389 12
390 14
391 7
392 24
393 2
394 2
395 7
396 84
397 16
398 17
399 14
400 55
401 64
402 34
403 8
404 31
405 14
406 10
407 16
408 22
409 33
410 23
411 26
412 46
413 31
414 67
415 7
416 2
417 8
418 20
419 3
420 15
421 27
422 23
423 28
424 22
425 16
426 20
427 5
428 23
429 46
430 4
431 20
432 45
433 13
434 41
435 32
436 9
437 8
438 9
439 16
440 37
441 21
442 15
443 5
444 23
445 50
446 14
447 15
448 29
449 5
450 8
451 52
452 6
453 41
454 46
455 73
456 15
457 25
458 5
459 17
460 10
461 43
462 30
463 22
464 53
465 2
466 55
467 17
468 68
469 49
470 71
471 5
472 6
473 45
474 4
475 5
476 11
477 7
478 43
479 36
480 42
481 17
482 19
483 30
484 6
485 20
486 27
487 17
488 62
489 18
490 5
491 2
492 13
493 29
494 11
495 61
496 24
497 5
498 15
499 54
500 7
501 9
502 18
503 13
504 51
505 32
506 6
507 64
508 78
509 12
510 44
511 6
512 25
513 13
514 39
515 18
516 47
517 9
518 46
519 12
520 33
521 32
522 35
523 23
524 4
525 29
526 1
527 13
528 24
529 39
530 39
531 19
532 9
533 16
534 66
535 16
536 20
537 35
538 23
539 11
540 3
541 21
542 65
543 50
544 40
545 35
546 48
547 35
548 33
549 8
550 2
551 38
552 34
553 14
554 21
555 31
556 10
557 18
558 17
559 9
560 3
561 46
562 2
563 40
564 72
565 3
566 17
567 8
568 10
569 4
570 6
571 67
572 37
573 7
574 14
575 9
576 60
577 20
578 33
579 43
580 18
581 5
582 10
583 5
584 52
585 7
586 46
587 22
588 40
589 13
590 5
591 22
592 12
593 34
594 58
595 58
596 8
597 2
598 27
599 39
600 61
601 1
602 13
603 62
604 52
605 2
606 20
607 15
608 6
609 9
610 65
611 22
612 10
613 35
614 3
615 6
616 45
617 12
618 25
619 3
620 39
621 20
622 9
623 27
624 34
625 7
626 30
627 28
628 27
629 4
630 61
631 14
632 33
633 24
634 4
635 2
636 52
637 22
638 61
639 20
640 4
641 54
642 15
643 7
644 8
645 40
646 7
647 59
648 43
649 5
650 3
651 52
652 6
653 28
654 1
655 9
656 30
657 3
658 52
659 11
660 33
661 3
662 11
663 62
664 70
665 77
666 30
667 6
668 45
669 62
670 32
671 79
672 2
673 11
674 2
675 10
676 57
677 18
678 46
679 36
680 13
681 51
682 27
683 16
684 15
685 29
686 5
687 29
688 8
689 7
690 15
691 7
692 49
693 20
694 80
695 9
696 38
697 40
698 9
699 11
700 36
701 11
702 8
703 24
704 14
705 18
706 46
707 6
708 35
709 23
710 16
711 26
712 49
713 15
714 9
715 20
716 15
717 11
718 47
719 59
720 16
721 17
722 52
723 8
724 28
725 37
726 3
727 74
728 61
729 15
730 22
731 32
732 16
733 43
734 59
735 4
736 4
737 3
738 58
739 16
740 9
741 23
742 9
743 3
744 25
745 51
746 19
747 9
748 25
749 57
750 71
751 31
752 31
753 11
754 28
755 1
756 3
757 37
758 26
759 63
760 34
761 21
762 9
763 18
764 27
765 37
766 5
767 68
768 32
769 18
770 68
771 43
772 14
773 8
774 28
775 32
776 5
777 26
778 66
779 4
780 23
781 2
782 22
783 4
784 22
785 27
786 10
787 10
788 39
789 2
790 20
791 26
792 27
793 48
794 10
795 34
796 8
797 9
798 4
799 12
800 17
801 53
802 20
803 52
804 62
805 12
806 27
807 10
808 2
809 9
810 46
811 33
812 1
813 48
814 4
815 41
816 50
817 2
818 47
819 7
820 6
821 16
822 43
823 3
824 32
825 4
826 20
827 20
828 33
829 3
830 8
831 20
832 25
833 39
834 6
835 41
836 16
837 65
838 45
839 33
840 8
841 14
842 5
843 27
844 20
845 2
846 34
847 14
848 7
849 9
850 26
851 74
852 25
853 19
854 41
855 7
856 2
857 22
858 23
859 41
860 4
861 21
862 25
863 72
864 55
865 47
866 36
867 5
868 20
869 19
870 33
871 53
872 68
873 30
874 44
875 19
876 43
877 7
878 3
879 26
880 9
881 68
882 16
883 14
884 24
885 1
886 5
887 61
888 14
889 24
890 10
891 5
892 58
893 29
894 56
895 7
896 57
897 18
898 70
899 51
900 45
901 23
902 31
903 20
904 23
905 27
906 30
907 9
908 4
909 17
910 5
911 15
912 18
913 35
914 29
915 4
916 21
917 10
918 31
919 4
920 30
921 56
922 3
923 67
924 38
925 25
926 29
927 12
928 13
929 19
930 53
931 29
932 38
933 7
934 46
935 21
936 48
937 48
938 27
939 6
940 35
941 4
942 5
943 9
944 28
945 31
946 22
947 2
948 21
949 29
950 16
951 6
952 10
953 15
954 11
955 4
956 74
957 14
958 4
959 11
960 60
961 22
962 3
963 9
964 25
965 15
966 36
967 35
968 24
969 56
970 37
971 80
972 20
973 34
974 2
975 3
976 20
977 36
978 58
979 2
980 9
981 15
982 14
983 3
984 21
985 12
986 55
987 5
988 11
989 26
990 28
991 19
992 13
993 26
994 11
995 7
996 2
997 17
998 5
999 39
1000 6
