50 1349
5 42 808
42 37 2359
11 42 749
3 11 1024
27 36 2475
1 45 825
3 29 1473
23 1 1606
4 41 1328
13 6 1553
24 37 919
47 18 188
22 23 2308
3 32 203
25 5 2235
32 12 361
15 43 732
18 29 587
20 37 952
34 31 797
40 9 1096
15 18 2200
45 6 1248
9 47 36
17 21 470
44 23 1700
8 24 571
40 13 466
14 46 1552
29 2 1202
24 17 1646
38 2 417
10 25 2128
12 40 277
29 40 703
40 47 184
46 7 1700
42 33 1831
40 30 1912
32 31 1395
48 7 1314
29 1 280
9 27 1744
9 46 603
24 35 1635
8 23 2104
24 1 635
37 27 1229
35 21 866
43 31 1107
12 38 519
2 33 178
24 45 2143
2 7 1296
45 49 1747
21 42 412
17 40 322
46 15 874
42 5 1620
35 11 207
36 38 1801
46 26 1719
1 12 1095
24 42 1079
19 2 1442
25 11 2044
18 7 1876
24 5 1285
44 42 1406
10 12 2152
45 41 1936
47 14 1805
7 5 634
43 41 247
5 39 2211
28 49 473
9 45 2022
10 7 1140
48 37 955
20 45 1408
35 5 1773
33 16 970
19 11 2013
34 5 2430
1 18 11
8 34 1740
41 31 210
44 17 711
4 9 370
40 10 1153
22 18 1192
11 16 1740
4 38 2417
48 9 322
0 36 464
18 40 407
12 31 1425
47 38 507
17 46 263
29 16 788
0 22 1801
36 23 2285
41 18 265
1 23 599
22 44 1510
32 29 1445
21 14 1014
45 13 1718
46 1 636
11 34 116
24 23 229
0 31 1612
24 33 988
0 37 1824
2 30 2033
8 37 2072
5 18 1849
8 21 1781
10 45 1383
15 45 529
6 17 1874
1 15 2398
44 34 574
33 30 55
49 31 64
12 46 2213
31 42 2066
33 31 2411
4 16 2251
14 20 1933
6 30 916
47 15 1425
39 18 1871
16 8 2448
4 19 1963
20 46 1352
19 8 346
29 31 2106
13 1 358
39 3 1821
29 8 302
25 29 459
25 49 1531
40 24 1495
19 26 1846
35 27 1057
45 31 99
9 7 2191
44 45 31
14 33 1414
29 25 1427
42 38 2416
34 28 575
18 22 1568
24 31 383
12 34 2111
16 9 894
48 32 1164
21 30 1621
35 6 227
1 28 1148
40 46 1093
44 3 1496
41 7 286
48 14 464
10 23 920
17 13 2294
24 25 724
27 29 114
16 37 243
37 25 844
32 13 2137
31 20 1731
36 45 1895
22 10 394
49 35 1111
37 41 385
41 49 989
21 40 2468
33 41 1567
29 24 1755
42 48 1853
5 31 2013
1 29 1252
23 9 1523
39 41 863
12 17 445
41 5 1970
49 37 174
16 27 972
40 3 818
35 44 2216
7 3 979
37 33 498
49 16 1848
11 32 2163
21 31 973
38 21 1751
26 29 2078
3 9 1788
30 44 1908
23 43 425
8 36 1687
47 30 1626
29 0 2170
22 0 2371
2 36 894
23 26 1628
42 24 925
6 27 785
42 0 2091
33 23 2215
3 43 676
5 37 2350
15 44 2024
31 2 313
11 10 705
8 48 662
23 49 383
42 46 1032
33 15 1231
16 23 481
42 8 2362
46 19 1266
1 42 379
20 36 599
33 5 41
39 21 2220
44 49 2166
8 16 786
20 35 127
8 10 366
29 37 1510
8 12 374
34 26 2036
14 37 1120
47 5 224
10 17 470
11 38 1770
31 8 1709
47 45 1168
9 37 48
29 36 1033
11 5 1406
44 43 1056
40 23 1432
21 15 1473
8 4 948
14 30 247
22 6 11
16 3 808
49 30 627
32 8 1271
27 17 1142
21 44 872
47 11 1931
0 13 1032
8 41 2017
34 6 676
0 29 1516
18 21 943
19 22 1421
2 32 932
34 19 37
31 24 2428
23 31 508
19 6 967
28 40 2325
33 37 1733
34 25 1515
24 32 1505
24 48 2148
17 5 2109
43 17 1469
45 3 2475
11 13 1532
42 15 716
23 12 946
45 36 2337
11 2 908
14 13 2129
0 23 162
41 40 1323
14 49 1532
28 26 1414
48 47 1607
40 15 1790
3 31 1652
28 37 1985
42 30 2347
36 1 2397
9 33 1194
3 22 913
45 16 29
44 20 1445
44 14 2167
2 27 2244
4 40 744
48 1 1316
25 34 153
11 7 562
42 3 153
11 23 2456
46 9 1044
47 3 1608
41 27 1091
13 16 2080
25 8 511
2 29 167
11 4 2224
45 15 1543
23 13 1510
39 32 747
5 32 1955
23 28 910
3 40 2308
11 39 52
49 41 148
46 14 2057
2 21 1772
4 27 2473
8 1 2475
30 27 2472
31 32 1435
46 13 1615
33 4 978
30 32 1453
46 10 5
33 19 2228
35 39 718
19 36 1880
18 47 1347
1 34 798
30 31 825
45 34 87
43 40 1119
37 10 2192
6 11 773
17 9 854
10 36 377
41 1 1945
24 26 889
12 28 545
46 33 1831
6 14 1458
7 44 139
23 38 2020
6 41 2452
45 4 1158
2 39 1230
34 38 1009
4 22 808
13 32 134
44 19 1938
22 7 714
8 14 1182
9 18 1320
6 1 2481
39 48 642
6 24 1232
31 30 2069
13 41 373
26 48 936
36 43 1136
8 32 105
23 2 346
18 23 2293
40 34 118
45 43 128
19 20 718
44 46 1451
27 34 2034
7 25 636
5 45 110
32 40 1130
27 9 2278
43 8 916
15 7 590
42 1 2295
34 3 1124
10 26 1104
26 11 214
36 30 1532
37 40 923
30 14 1649
8 15 643
48 33 152
32 11 224
19 31 1326
31 12 1853
34 33 325
31 22 792
23 40 287
39 44 1277
38 44 1400
38 7 350
26 38 63
18 37 157
37 44 296
28 13 2130
44 4 518
33 43 1498
8 39 409
38 27 713
48 18 1345
1 26 211
37 8 2232
48 41 581
3 42 224
16 49 287
44 8 983
11 26 1063
29 6 1846
47 24 433
35 42 614
20 2 1910
15 25 1605
6 43 1475
19 40 2339
46 12 287
26 15 1317
9 42 1572
43 26 1553
31 26 2017
16 19 1159
6 33 2413
20 9 2457
9 48 1877
22 24 761
13 3 987
21 10 1972
2 5 1347
41 38 2084
47 12 1792
27 1 1800
15 48 815
20 33 1484
8 11 1224
11 41 1163
26 40 1658
43 25 1018
26 27 2227
47 9 1578
13 2 1651
45 14 1281
7 14 2389
3 16 2470
1 19 1220
18 15 1832
1 24 1336
31 34 1885
24 41 2068
49 22 246
3 14 736
13 49 366
30 12 292
2 41 1578
39 27 2354
46 40 2187
25 26 1015
39 43 388
10 4 1909
19 33 1613
41 24 1142
14 34 1407
40 4 2483
27 40 1924
43 2 2077
30 20 1465
7 18 710
8 31 22
38 0 2426
4 36 433
23 34 636
18 39 141
27 21 2231
45 27 1279
34 8 1342
15 47 874
16 30 547
28 16 2237
36 13 1643
38 22 787
31 5 886
27 23 1357
16 38 2410
14 38 1721
44 18 1135
12 21 736
5 25 1264
1 44 1537
3 27 1717
2 8 1923
20 1 2269
11 30 471
9 12 1919
19 10 2043
15 35 2198
4 2 64
10 0 133
10 34 272
4 31 1877
0 33 2476
20 41 1131
19 28 2028
26 2 1889
41 15 1709
39 14 2133
45 18 385
4 6 1757
19 43 1719
27 35 2041
31 25 322
11 9 248
21 46 101
2 49 2003
46 18 1521
38 39 396
35 43 2146
5 2 1284
17 22 985
29 22 1726
27 3 563
15 34 192
7 49 816
2 48 1913
25 13 477
2 16 811
43 35 1109
19 47 1272
39 4 1276
28 25 2028
13 29 720
39 37 2422
13 28 1084
36 9 1816
3 21 805
4 45 2420
18 2 2334
47 49 2295
30 1 1754
10 24 1189
23 44 126
30 22 2472
17 1 2219
32 48 534
44 28 2084
31 10 195
38 48 715
25 9 1609
17 19 828
17 28 178
32 28 906
15 41 128
47 29 667
29 42 1921
17 4 632
43 23 2284
19 44 1820
39 0 906
34 24 1221
11 47 1048
12 18 1869
25 21 658
37 15 987
39 6 390
45 47 858
9 5 949
14 47 1101
42 34 1851
35 4 650
1 0 1278
41 9 1299
27 30 1289
19 38 2162
10 8 2329
8 17 299
17 25 1971
14 45 1540
24 4 1933
3 18 2228
29 10 1062
23 18 1762
18 4 1730
1 49 1130
23 35 979
33 18 45
16 41 436
12 36 1984
17 49 665
45 37 1413
34 40 2230
33 3 1621
27 6 454
22 39 1729
31 45 716
8 9 2171
40 36 260
26 14 1692
42 9 893
17 47 1219
6 8 1574
34 30 1647
3 7 1437
32 30 2404
17 11 1865
36 35 508
39 33 1002
31 0 2293
0 48 625
5 10 2302
46 42 1866
35 12 1317
36 18 1009
28 36 1044
49 19 2011
35 18 2165
26 1 619
33 38 80
33 14 137
18 17 1305
33 35 497
44 47 462
26 31 224
4 32 89
26 17 2160
35 1 1496
10 6 1122
5 20 1359
9 29 159
49 40 1553
21 18 1804
11 8 79
8 33 2047
35 46 762
14 5 1642
36 39 836
20 8 842
6 38 669
27 22 217
14 19 274
22 33 1748
45 21 1347
6 44 628
37 9 889
26 0 1293
44 37 1527
48 49 619
21 48 1559
20 10 376
41 30 1266
37 30 68
40 17 2115
7 0 703
21 20 2473
32 6 2202
14 1 314
22 40 828
16 48 252
30 36 1866
7 13 1887
28 4 1376
43 21 729
2 1 428
46 30 1888
0 40 1683
39 30 869
19 17 1107
34 45 1963
6 20 853
15 21 28
5 23 2421
41 44 251
7 26 1624
26 7 2459
47 25 871
35 2 1108
33 48 2079
7 30 1248
0 27 1285
2 26 95
36 21 2304
16 44 833
18 33 277
49 23 1970
48 36 2332
10 47 149
23 32 678
17 3 1281
5 15 1824
42 16 2411
5 43 1096
41 2 724
0 19 1611
13 30 429
41 19 2185
14 23 1374
46 36 1384
37 47 1269
18 16 339
9 31 1646
39 47 833
48 6 325
39 22 1195
25 46 1607
46 29 1489
34 36 194
14 26 1456
28 47 1273
43 12 2311
14 25 1113
32 2 2447
5 9 842
4 35 517
9 35 948
3 39 198
8 29 1499
47 6 2299
15 19 878
42 28 909
23 47 374
46 2 1541
26 5 572
46 5 887
22 14 1761
42 43 262
27 49 1560
2 43 1006
42 49 1635
9 23 647
9 25 1859
16 2 2192
38 17 2135
41 8 1487
3 15 453
39 12 2036
19 39 1776
42 32 303
46 31 851
8 5 1484
19 21 1555
0 30 749
25 42 593
22 47 245
34 49 316
17 42 233
30 29 1791
6 37 1290
46 34 1769
7 27 435
45 40 856
18 46 92
7 17 1862
25 36 430
22 27 1905
3 28 265
28 39 226
7 43 1270
44 6 1821
48 26 2126
14 17 1670
19 15 2411
40 0 1459
49 45 1608
23 39 1055
42 19 71
2 37 1518
23 14 459
13 25 1578
18 14 1756
28 8 1396
37 34 800
3 26 467
13 36 1172
15 4 2117
17 15 2301
29 33 1861
31 38 1534
7 42 1407
29 34 605
2 40 2421
22 8 1016
47 28 940
10 42 1989
28 9 1366
48 17 2426
10 31 1949
32 9 1007
8 26 869
24 47 1907
45 11 2071
26 25 495
44 39 797
37 23 2389
37 28 682
31 16 1229
39 38 396
29 46 1860
21 3 121
0 45 2284
18 12 2376
14 8 657
20 19 459
47 37 1853
43 3 349
20 18 2201
47 19 372
6 42 2000
39 49 1322
17 14 2399
31 27 1051
19 9 2164
36 11 976
32 7 1459
4 20 2472
1 30 919
47 41 468
13 18 1353
35 37 1029
11 49 108
1 3 21
23 16 421
12 19 772
34 48 2037
49 17 1754
0 43 1526
42 29 1797
10 20 1095
13 33 1542
38 42 38
6 49 682
19 30 197
42 25 1248
17 35 2161
42 13 2259
42 23 2450
3 33 1315
5 12 1747
30 46 374
13 27 426
42 6 30
28 10 1849
22 43 1361
49 0 1418
29 3 1118
38 18 1156
5 13 1952
13 34 722
29 45 1055
48 15 886
48 42 1299
21 25 984
14 27 474
18 43 1360
18 41 834
0 41 204
9 19 1219
8 49 1202
4 44 937
24 2 2110
46 11 852
12 8 985
21 49 2219
36 29 1512
36 49 123
41 3 1981
38 36 865
10 27 1875
36 2 1639
42 20 1673
20 17 1878
29 23 708
36 33 1674
32 38 412
27 12 1567
38 14 1065
15 30 821
5 46 1780
12 43 880
37 13 807
43 20 1014
6 4 2261
14 15 698
30 17 231
32 43 1849
0 10 1723
6 45 1017
30 35 1506
30 0 2119
9 39 893
7 41 395
11 40 2347
37 31 59
36 25 1333
36 31 773
8 22 224
15 1 1488
38 20 843
19 35 2140
8 47 1076
49 20 1136
25 3 1734
26 28 2416
1 21 1120
28 1 731
21 36 578
38 15 2331
36 37 653
25 38 1459
0 46 454
45 8 12
34 15 1169
6 29 61
43 9 1023
37 38 2284
17 16 1900
31 47 1382
12 14 1275
47 35 1047
23 27 802
26 44 1393
19 7 1629
15 29 771
41 11 1126
37 24 1442
39 23 782
26 21 1297
15 31 2454
8 42 2112
27 16 1798
43 33 1616
41 42 1013
43 46 1369
34 11 2085
11 46 1569
7 6 118
32 27 2080
34 18 496
40 20 33
2 9 1416
38 28 586
19 32 879
45 33 571
20 12 1118
2 14 724
12 44 823
30 4 2091
29 39 758
9 43 2305
30 7 298
34 47 589
39 13 1025
43 1 102
6 18 2283
13 35 66
29 27 1900
16 17 1623
22 31 111
23 37 2120
21 7 1025
32 21 606
24 40 1622
24 19 1470
34 16 2138
46 4 608
44 21 226
34 7 1724
30 40 1059
31 13 798
28 30 81
49 4 1782
6 15 283
22 13 2391
13 15 2230
24 21 1669
36 20 615
9 9 394
35 33 507
40 38 714
11 44 2295
36 7 363
8 40 408
26 12 917
49 47 1221
2 42 1031
38 29 1118
4 42 1437
24 29 2175
45 9 1312
22 48 788
44 41 258
48 12 18
7 4 301
49 26 1914
35 14 481
46 49 67
4 33 1225
5 34 1424
12 37 1247
4 15 1196
20 27 2378
49 14 273
7 47 911
15 26 2061
7 29 1613
40 43 902
35 38 1510
20 22 374
19 13 1681
41 36 1230
23 22 1561
7 11 2453
23 30 168
14 16 1775
34 41 2364
12 49 1617
33 9 2168
9 32 1782
30 33 1689
13 45 1415
33 21 456
44 25 544
39 29 1514
43 45 1226
34 20 421
38 23 2193
27 24 1971
11 1 126
38 46 2046
0 32 987
0 26 1755
11 31 2023
46 22 83
1 35 1607
2 19 577
41 22 1754
10 48 1781
8 44 583
45 39 1008
28 0 1704
17 34 1628
35 47 1535
24 16 1080
14 12 744
7 22 2234
32 35 117
28 24 544
0 17 866
24 49 821
40 26 61
16 46 815
45 35 249
26 33 486
9 14 2475
16 25 138
6 46 75
13 38 1104
29 43 39
45 23 24
21 17 2047
46 39 1473
25 2 2033
29 35 947
16 1 1852
21 38 1311
29 20 1194
29 19 622
4 46 2164
9 16 684
7 34 909
46 27 1136
19 41 1253
43 4 2395
30 15 717
6 22 2392
12 10 558
10 19 1206
11 17 89
5 22 2001
10 28 547
47 31 1207
48 23 42
43 11 2092
11 45 1005
49 12 163
6 23 946
33 0 2347
43 36 959
40 8 1717
31 43 2045
30 23 672
25 45 2461
6 2 1227
6 26 1070
23 48 655
21 8 1665
0 15 1795
29 44 703
15 22 1116
10 37 1259
24 14 1040
30 34 574
13 20 2190
14 0 140
13 40 1363
44 22 1404
5 49 113
10 9 2421
7 19 2324
1 38 1126
22 30 855
17 18 1571
44 16 2106
43 32 243
31 7 1428
6 48 835
29 13 147
38 49 487
35 24 358
1 27 1472
11 48 683
36 14 1898
34 23 728
20 11 1086
48 0 2115
36 41 2488
37 18 1242
15 23 1962
27 25 465
32 17 1443
28 23 1692
40 49 656
36 47 2495
27 10 1628
19 16 1268
25 15 125
34 37 2288
2 31 1733
9 1 1829
2 46 262
8 27 1943
5 6 288
0 11 818
7 15 1749
16 21 2103
34 9 901
17 20 2334
3 12 1809
25 31 550
14 21 1586
12 4 1771
12 47 1398
28 3 1183
9 36 297
47 32 2133
19 14 2456
17 24 1540
32 45 52
16 11 1150
41 12 819
6 21 1264
11 18 2396
39 36 2131
29 41 173
4 12 2097
42 44 500
47 10 2387
22 21 2092
43 18 527
35 16 627
10 15 2106
17 2 456
37 39 910
46 17 186
16 42 2429
46 45 1298
40 42 1274
42 39 2374
25 27 585
37 1 1149
18 27 281
0 35 2380
12 2 1178
26 49 236
1 17 2261
0 8 363
44 35 185
13 39 597
29 7 633
44 5 1057
13 26 1711
48 28 2312
30 49 570
2 17 675
26 34 1062
28 17 985
29 21 36
36 5 1588
34 2 2470
21 43 1497
6 34 563
33 12 1379
16 29 1039
5 24 1671
41 45 1707
30 24 12
38 31 1336
22 2 569
39 25 2418
11 14 1461
42 40 510
2 25 2044
45 46 81
35 34 2411
19 0 459
9 44 2131
28 43 273
45 2 1800
23 19 1264
1 41 840
45 44 316
3 41 1573
34 17 1330
24 3 1496
7 39 693
32 41 693
22 32 650
32 23 1069
8 43 2489
46 38 1999
46 28 1033
20 0 1696
6 12 2360
26 18 337
9 3 890
47 20 1342
5 11 179
3 30 825
29 15 1378
0 42 520
0 34 2472
9 22 1114
23 21 2444
26 37 547
23 11 437
9 0 1257
31 35 956
22 12 2082
7 48 1280
21 16 243
9 15 455
32 14 266
48 22 715
38 1 126
22 17 1129
2 6 2406
12 41 119
40 33 346
21 2 589
6 10 845
16 15 11
19 34 2356
32 10 2323
48 11 1877
20 15 621
3 25 1026
45 10 2409
44 1 1746
29 17 185
27 4 273
10 44 2012
26 24 550
49 10 1905
19 48 288
0 47 1702
49 38 2041
27 41 415
47 46 1505
48 43 592
22 28 59
24 0 319
30 37 919
40 25 2241
22 1 1216
37 12 1674
41 13 1514
27 31 143
26 36 448
47 36 2297
23 42 2498
5 27 2467
3 45 1027
22 19 1387
1 7 1548
21 24 2432
49 2 1768
26 42 145
4 0 2365
6 47 854
18 34 77
25 20 1282
48 38 113
37 0 2249
32 33 684
33 47 124
26 6 2262
44 12 819
22 49 1999
40 35 876
47 26 2308
41 43 2231
32 22 1133
48 31 1551
5 33 651
19 5 960
5 0 1477
16 39 1525
18 3 2151
21 39 307
10 30 896
20 23 1757
2 35 1720
0 3 2024
8 35 1383
29 9 758
12 35 849
4 25 38
37 46 383
43 38 888
32 44 1137
20 43 109
31 48 2029
23 20 225
9 38 1656
13 7 783
43 47 242
29 38 778
16 10 2148
27 46 2463
29 28 659
25 17 1913
14 7 2
14 22 1020
11 12 1773
25 41 23
32 1 2369
11 29 194
30 11 626
41 46 1563
9 49
