65 1953
33 47 1689
2 24 2771
26 39 3228
12 25 4102
49 43 4202
9 19 3974
56 26 247
12 15 3974
16 13 3786
37 29 3579
54 23 4019
45 53 1098
20 22 2608
50 7 286
43 4 258
6 0 537
6 58 2361
9 8 1064
30 38 1374
57 3 2039
27 56 1642
13 3 479
21 15 107
61 42 3786
11 19 1780
18 63 816
20 8 93
2 44 72
47 54 2463
32 15 3180
29 42 4021
8 30 266
45 40 2431
14 54 10
38 47 945
40 22 979
52 2 2776
37 2 3347
52 17 2382
48 8 2066
40 62 4023
14 9 1871
60 24 3514
43 18 1062
50 38 1354
42 17 1049
53 51 3213
56 38 1550
50 42 3758
64 28 3445
54 43 3425
4 9 1490
20 28 1896
10 7 1103
62 64 2991
11 26 2655
47 11 4072
60 37 1850
60 11 1979
33 1 2095
0 4 4015
45 25 3482
52 48 448
24 4 2786
40 63 3168
15 35 1944
57 13 2100
62 40 2893
9 33 1173
6 45 3884
16 52 3666
28 44 1773
5 8 2244
31 10 262
7 19 2595
27 52 1822
19 64 3298
58 8 2737
6 55 596
57 64 4177
53 22 1311
19 25 4157
30 21 395
30 13 489
31 12 4044
25 5 1103
26 56 3985
59 55 2831
51 9 1197
47 64 3888
54 46 308
13 5 620
8 41 736
37 1 3163
55 25 2718
47 55 1307
12 4 1301
53 15 2666
17 50 1785
42 36 3731
5 43 2048
42 39 3172
0 61 3463
2 47 1368
4 50 2678
59 34 2814
21 40 4141
51 26 4221
61 51 3547
56 57 712
61 31 2041
4 17 661
8 33 1783
1 13 2006
48 4 1556
46 60 2850
57 10 625
56 41 3737
6 34 2311
14 1 1543
44 8 372
53 52 1748
9 30 2279
4 13 1716
50 40 1265
56 3 2929
51 35 3232
14 58 1734
40 36 146
27 8 3832
39 27 3464
57 51 2739
55 40 569
14 41 1520
0 29 3511
11 46 3660
6 5 54
2 32 673
31 58 3153
50 53 1997
56 15 34
10 59 984
18 32 4064
19 34 1332
30 47 1599
42 61 301
9 50 3524
9 46 4088
13 51 2169
61 1 1806
35 39 2357
36 50 1126
27 59 1383
11 15 245
15 60 2898
16 30 3493
24 38 1095
49 12 2635
16 54 2790
32 57 2057
35 7 1020
60 21 535
2 28 2235
6 48 551
14 50 3994
9 29 3545
62 27 3560
52 33 3305
42 34 2436
45 29 3347
46 38 2427
32 63 3402
23 15 2694
23 28 1759
60 19 3626
13 35 55
9 52 174
59 35 1218
63 26 3673
35 20 2946
10 9 1157
33 40 3582
28 14 1302
16 26 1633
30 1 567
36 62 2920
1 21 782
9 32 2443
44 45 1865
9 34 1529
43 3 3743
16 4 3630
25 63 1228
60 59 220
12 24 1991
28 59 2657
2 53 2482
5 12 1374
50 61 1561
5 45 3365
46 15 2874
3 44 2250
33 42 491
0 38 1066
44 57 2062
45 5 2759
15 12 1477
12 16 2677
42 38 2019
38 30 778
10 53 2795
61 54 4211
27 45 1598
19 11 220
31 19 1139
25 36 536
17 0 3970
23 52 4072
25 51 1592
1 31 2245
12 1 1987
0 47 3132
2 55 2719
62 29 551
3 12 612
29 40 3084
31 46 1407
64 17 1920
23 63 2940
62 48 2360
25 40 3707
45 55 523
21 38 2690
17 9 690
10 32 2733
26 38 1009
12 19 1421
22 12 18
22 52 4189
6 4 2379
5 57 3322
39 17 1298
4 20 44
17 56 3550
59 16 3890
32 62 3781
19 0 3622
59 12 1840
38 64 1237
13 40 1076
16 35 103
28 58 713
47 53 2773
49 57 1129
21 39 238
57 6 3027
17 57 3129
1 10 771
15 59 3659
2 29 12
29 26 3263
46 3 1226
29 8 1154
0 16 831
36 58 3637
49 53 1475
16 19 2812
21 42 778
36 20 2730
20 38 329
26 12 244
39 26 1458
64 43 4007
44 29 598
45 51 3746
27 54 3656
9 56 1536
42 44 1875
50 41 1403
41 47 977
26 63 767
62 52 2388
52 43 4
27 55 2890
42 18 2150
35 10 804
20 2 2621
6 61 2238
59 25 2528
53 7 1430
4 61 57
17 48 894
22 40 2032
26 57 2627
11 41 2253
46 63 1625
35 33 2265
4 33 3111
60 41 4136
54 12 2109
15 51 2753
13 54 923
23 39 1569
34 62 3935
57 40 1787
1 45 113
40 59 449
35 15 219
44 21 2274
22 21 3042
49 14 1038
44 16 63
9 54 2474
43 59 3182
53 58 518
46 41 3977
26 50 3314
57 18 646
58 26 2986
13 2 932
41 64 516
5 10 2209
38 2 1439
1 52 1416
20 33 3876
61 15 1963
58 20 3835
48 23 1838
19 47 2573
15 14 1771
42 25 2546
32 0 1463
43 16 1996
33 38 2978
64 8 3782
8 52 1949
29 56 1966
3 54 3674
61 50 3916
27 60 3520
59 40 1480
19 18 1538
9 57 3232
45 35 3244
17 43 490
44 7 850
13 14 3398
27 38 1257
34 8 2699
20 53 1390
20 5 1728
35 42 3912
61 0 3960
42 28 2673
32 8 150
23 53 1548
7 53 910
56 21 474
40 27 261
17 29 4081
40 23 815
34 25 2973
2 21 2396
1 30 623
41 43 891
21 53 4155
60 7 1767
27 6 1865
36 5 1183
54 49 2103
33 24 4202
52 60 1644
25 54 4024
61 63 2309
49 38 2975
47 34 675
45 22 2015
10 3 1885
61 52 1489
43 21 3873
56 54 323
53 40 2699
33 28 1570
21 11 763
52 28 2810
8 49 3509
3 27 1478
5 29 2502
10 26 3685
23 32 137
54 36 3638
9 63 3639
49 5 835
39 55 2124
26 21 3909
6 16 2953
24 61 2271
43 51 3346
44 50 322
36 8 2330
27 3 180
2 8 1701
62 2 171
29 18 535
18 16 2968
40 25 1128
44 61 21
36 25 407
2 38 4071
9 15 292
59 6 625
45 63 2850
47 30 1999
59 53 5
63 11 3826
1 7 3712
13 28 2276
15 22 3073
64 35 424
21 61 132
55 34 4001
6 30 2207
55 57 154
55 3 2009
20 57 3666
26 20 2699
63 24 1264
42 21 153
12 23 3910
42 16 2034
59 0 2237
20 50 2268
22 13 2041
12 49 1268
34 61 3450
62 42 2094
20 45 455
29 64 892
26 29 296
29 11 2600
23 49 133
0 23 1741
48 58 1046
55 52 3283
9 18 2922
5 16 649
56 49 2728
37 58 2149
7 34 1178
9 2 4119
22 25 3079
2 50 3808
38 52 1109
27 30 3063
48 49 3761
46 57 3971
55 8 50
7 12 1202
32 54 2214
48 20 3402
17 55 3095
7 64 257
20 51 3590
46 34 3710
37 53 1591
20 56 3220
55 51 3956
32 13 2124
49 26 3256
2 54 1062
39 35 1158
41 49 2797
51 27 2730
41 2 3749
63 36 2420
39 15 2677
49 27 2666
18 22 1516
33 23 3669
13 10 427
18 9 1634
24 11 3499
41 55 1642
18 60 1233
12 31 2798
41 20 2771
60 32 894
4 0 1738
19 16 615
20 13 2264
26 9 2259
48 24 4032
21 25 2104
19 7 1817
44 59 3886
61 46 508
9 6 597
44 51 1328
40 19 3558
60 39 1555
8 51 3704
6 14 1714
21 57 599
58 52 999
14 61 1945
16 8 4194
33 49 530
31 64 4161
11 64 3241
25 6 3885
24 15 851
12 59 110
64 16 2773
1 62 321
35 5 2063
14 49 75
31 27 1941
15 20 891
55 24 1491
1 4 4196
3 64 2246
14 46 4074
24 53 995
14 0 3259
35 51 3443
9 13 1076
55 60 3042
62 5 1351
1 28 1168
62 39 470
48 36 1649
32 56 3368
15 42 130
48 63 3813
9 28 2302
54 63 3855
30 3 1778
42 30 680
48 52 803
46 61 1620
61 30 2184
19 55 1774
50 39 713
54 13 334
24 21 936
9 43 972
14 44 1022
56 48 1843
43 2 2057
48 11 3994
41 15 1332
50 33 1006
14 28 4219
48 32 1579
41 35 3692
48 9 507
63 2 2085
7 59 2217
12 39 2935
46 49 1263
3 58 4044
50 56 504
43 48 2572
32 42 4104
28 30 1702
25 59 1362
43 1 3636
52 16 3845
18 52 518
4 1 2253
22 32 295
16 7 2517
47 36 82
48 62 2914
40 34 606
38 20 1409
10 6 3699
47 56 1295
54 20 2790
39 1 1379
7 48 3501
51 5 3384
6 62 1199
62 9 1764
28 12 2941
6 21 1885
63 47 294
38 16 2456
55 37 2857
13 21 2558
47 3 1282
35 13 206
0 32 3475
16 38 925
22 59 3929
12 46 91
41 59 2987
61 40 1367
30 16 2091
38 8 3631
2 40 1475
57 11 1235
28 46 3759
41 61 1022
43 5 1038
55 16 2464
36 60 6
44 28 1571
37 20 1806
53 4 719
25 42 927
46 50 994
1 50 3620
49 19 2389
59 28 2002
45 15 3824
15 63 935
13 39 811
48 18 337
6 41 2424
58 57 2955
33 7 406
31 32 2220
10 52 302
58 41 4041
26 32 3369
64 50 2411
17 27 935
16 28 762
29 6 3375
36 28 2084
22 35 3125
25 56 1699
47 35 1743
50 22 3694
4 31 1049
34 26 1084
31 16 344
12 30 3115
21 59 2872
20 24 999
45 1 3982
55 42 1013
55 53 1060
19 27 2755
31 40 3765
41 26 4019
63 40 1917
54 1 2186
9 38 2261
58 49 4032
18 36 986
19 5 3746
31 6 3028
45 18 2326
37 48 1381
19 52 591
61 48 3209
3 17 3375
2 19 1351
36 17 2011
40 5 72
22 64 4068
38 36 87
49 22 1536
2 58 2365
2 26 1714
51 31 1606
8 62 1538
46 8 2426
50 15 4157
11 13 3984
30 33 3818
39 52 803
35 4 2133
3 2 224
1 26 839
12 63 3264
44 52 454
29 58 1280
18 37 3550
24 56 1841
48 1 2912
48 19 1067
4 48 3031
6 56 2320
18 64 2340
40 61 2674
51 34 1167
5 6 4144
35 26 3795
6 52 553
42 53 1412
23 54 1037
49 18 551
4 39 2939
45 9 3564
8 13 3413
45 46 689
56 0 3805
53 6 104
64 57 2889
11 54 3369
13 31 579
56 12 3851
34 12 140
43 50 2428
63 7 2253
30 36 3584
15 52 500
27 51 615
13 17 180
8 21 431
37 9 1150
33 5 3680
42 52 3433
27 63 3204
59 33 3160
5 44 3567
35 16 1429
3 25 808
2 49 3746
21 23 3916
29 12 3693
52 0 2344
50 31 3802
63 61 3245
10 16 3834
2 42 2253
62 31 2242
35 55 1179
13 53 3750
9 40 1316
2 20 2712
26 4 3088
38 45 2690
17 46 2935
6 51 337
60 33 1587
51 4 204
1 18 1420
56 19 2142
29 53 1844
42 27 31
5 28 3767
46 14 1908
13 27 2998
44 23 1505
47 14 813
51 3 2240
58 36 1785
19 21 1729
35 9 2323
59 1 941
49 35 1484
31 22 3262
44 39 1854
29 23 917
12 42 535
37 8 1716
34 38 1368
10 8 3057
30 20 743
36 33 1422
35 47 4139
27 46 3089
58 38 3560
62 41 3271
59 13 199
17 33 170
34 11 954
26 51 1973
55 15 1424
57 49 2794
56 28 3660
18 13 1529
48 14 124
38 32 4077
18 61 2912
0 12 2137
64 11 2059
43 24 348
38 6 2835
10 63 1468
46 48 2352
63 9 899
57 39 187
36 51 3278
63 53 3974
6 36 2392
16 23 680
44 56 4007
33 27 2529
31 34 348
34 9 2591
21 58 3944
51 7 2699
2 59 1251
64 55 967
27 17 286
52 49 3070
37 27 3866
19 22 3648
28 13 1427
11 30 2948
9 20 3206
28 18 3804
36 23 3718
4 28 4075
54 21 125
6 60 746
38 23 3488
41 30 434
3 21 3608
64 3 495
58 35 1003
12 64 495
13 19 1998
28 50 663
44 38 2865
44 49 3724
11 34 4186
53 31 3814
49 8 2114
17 28 4136
52 27 2078
16 46 1834
39 13 2010
7 8 476
16 37 3655
29 24 3329
1 23 2431
3 5 1753
34 22 3793
24 1 4087
51 8 3257
51 18 2990
60 38 2743
17 31 3122
48 39 2506
35 52 239
33 22 656
15 28 570
16 12 1462
51 32 3854
3 53 3032
8 12 1858
23 25 3007
19 28 2983
35 54 3933
38 55 3754
61 16 329
17 11 4116
18 2 1987
16 29 139
52 20 1622
15 37 85
50 18 947
51 10 3638
57 33 1919
57 4 2342
13 33 1501
1 36 3595
11 14 355
34 64 3340
57 29 1295
47 41 3778
45 37 3182
23 62 3113
46 52 1121
19 58 901
29 50 3848
53 3 180
34 15 1283
56 46 685
8 61 448
56 45 3838
17 44 2704
17 40 1597
0 51 3935
60 40 3059
1 42 1795
55 1 2892
53 63 794
44 11 1441
60 28 835
55 22 2655
61 33 317
51 55 4152
11 18 3552
0 22 84
63 44 397
32 48 354
45 26 2524
38 15 647
0 39 1602
63 41 1219
50 54 3411
27 43 239
3 50 2201
33 21 1325
50 62 54
39 46 457
43 25 3958
11 10 2933
22 62 107
43 17 1316
60 6 2180
51 36 2270
58 61 2516
38 46 1442
42 41 4131
13 38 2131
57 37 1852
35 25 49
40 16 3061
56 17 3790
3 24 4091
20 0 4042
36 26 350
50 21 3014
13 36 1364
31 59 1929
57 22 2541
8 32 2693
11 2 1822
32 10 1802
16 3 740
31 48 1978
3 41 1586
22 41 1036
64 29 2127
16 42 1758
47 59 179
13 55 1519
31 30 138
18 54 3390
31 14 3356
31 49 3241
31 62 3628
51 61 420
43 12 3842
54 37 1359
38 4 1738
51 16 1213
41 34 3243
18 0 3265
23 61 2621
35 60 1577
32 27 1574
0 49 3463
28 56 3756
18 27 165
3 38 332
42 43 876
32 4 156
54 29 2839
0 54 1991
11 62 562
19 13 1309
41 12 582
31 44 3844
13 8 895
8 38 2467
22 46 2589
21 55 80
32 26 3757
9 21 3072
17 47 3142
16 6 3388
30 8 3479
19 45 3841
37 30 602
33 43 1152
37 33 2084
27 9 2946
51 58 1275
20 11 3388
33 0 1749
43 55 1379
31 21 3614
58 34 932
30 45 684
21 44 1056
53 47 665
44 25 1645
4 59 2527
13 56 1153
62 51 3717
21 1 48
41 33 2317
30 54 1241
33 56 3725
40 10 1584
5 2 469
21 4 2717
64 37 1972
64 4 543
38 61 224
37 40 3377
26 13 7
23 57 1189
13 41 3345
0 53 726
40 52 1113
57 26 2372
57 62 2157
26 44 3839
62 19 2517
63 16 3598
6 3 1485
11 56 3475
39 11 1871
56 44 2514
0 15 3254
42 45 372
7 11 455
63 45 79
6 46 2684
20 32 3729
27 10 2950
24 58 3750
50 52 3856
2 12 1064
59 30 3574
61 27 486
51 6 43
8 22 1593
53 27 1235
44 15 1104
20 19 2747
13 18 4179
5 25 3754
22 16 3636
31 39 4164
6 31 3938
63 29 137
39 10 3744
29 36 429
34 32 2891
54 32 1315
10 23 1367
10 62 182
22 38 2019
8 16 1143
62 38 2542
10 50 1870
38 60 1123
9 24 2610
21 27 223
24 49 3914
2 41 66
59 50 721
5 1 299
35 46 1818
5 58 449
51 0 4045
4 57 2341
35 1 1526
41 13 1583
20 15 1217
60 45 2864
4 15 1838
12 3 931
42 32 2714
48 55 2494
37 13 3739
33 36 2156
41 42 3863
2 36 717
42 1 2355
51 48 3582
0 17 1008
44 26 3274
54 8 3160
1 35 938
3 60 3016
60 25 3948
42 15 912
33 54 3395
64 54 1661
8 43 1587
7 38 2565
11 37 4003
60 2 2964
63 10 3988
6 53 356
44 54 4137
38 35 2917
1 37 233
10 1 2225
9 62 3208
56 61 3026
32 59 3077
4 44 2858
33 29 223
39 2 1112
4 46 657
25 1 1033
26 36 2914
35 43 1646
54 6 1653
45 3 4098
13 24 1801
1 16 2590
49 15 1928
40 24 1870
5 11 442
37 46 152
22 37 605
51 21 4072
59 15 3471
47 45 414
28 64 240
51 64 2633
63 5 2047
39 25 2061
10 57 2239
47 22 485
53 33 232
4 37 4059
36 41 1644
56 2 3809
47 33 637
60 46 3765
23 6 1412
37 23 1620
10 18 3409
59 29 1482
37 18 1886
16 44 3190
62 22 3525
34 49 152
7 55 355
56 1 1587
64 31 4129
16 34 1796
34 50 3972
22 45 636
60 14 866
11 57 478
60 36 3302
54 7 3780
25 30 4206
53 8 549
26 31 3095
29 3 526
40 8 140
28 52 2948
14 2 2565
51 56 121
28 47 3567
16 21 157
47 24 239
24 31 3115
49 7 4015
50 55 2101
1 46 535
45 52 3936
45 27 3391
50 27 2562
53 64 2664
37 12 3319
45 6 1026
37 0 2596
6 25 3920
46 2 2417
36 40 549
39 45 3224
34 54 4101
17 6 3929
28 9 1053
29 14 199
16 55 119
16 25 634
14 12 2775
49 30 3117
14 31 3521
41 7 223
42 9 1919
41 0 2488
63 64 421
23 1 3688
51 52 3739
30 9 252
23 38 3874
23 7 2756
4 53 1268
58 54 2594
54 51 1694
4 6 2847
22 57 1680
24 29 46
31 20 2966
56 53 521
62 20 2056
35 38 527
28 40 1548
45 13 1699
46 4 1074
53 59 1798
40 47 3058
52 57 2748
32 58 597
55 38 2673
11 23 438
47 18 3601
5 13 1585
48 12 2391
17 64 1839
57 32 1505
26 7 3991
10 5 1508
34 63 2453
4 23 44
57 46 2335
10 35 2002
49 64 354
45 41 2622
3 13 3233
39 32 559
48 40 694
34 16 3239
34 24 4126
30 61 2048
44 6 1317
28 42 1939
41 60 4185
26 59 4171
8 35 742
63 32 1513
11 16 2874
10 15 2047
57 36 1693
3 31 1985
39 21 2529
47 61 195
42 29 3984
34 20 3792
41 25 398
8 15 3449
56 63 4033
14 55 787
59 23 1514
25 11 1609
64 25 1763
64 61 2662
29 17 2635
2 37 2
8 18 3284
46 7 1951
52 56 2569
54 53 3876
55 4 103
34 55 1923
31 25 2148
16 58 1245
7 35 711
29 55 3466
36 24 1269
17 21 2051
11 1 2275
52 9 2017
8 47 1180
46 18 2813
3 48 22
45 38 1008
0 24 3226
41 40 393
10 11 1331
61 6 1807
63 51 2675
6 49 268
24 28 3355
40 17 2277
47 21 3442
40 41 312
41 10 2735
9 17 2203
62 37 886
43 46 4068
34 1 3756
20 46 2159
15 34 1175
42 48 3894
47 5 1297
23 41 2080
45 44 497
49 20 2336
40 37 1581
10 44 2347
27 24 1552
12 14 1110
32 6 223
5 27 2549
36 13 612
36 55 3889
52 42 1803
49 52 1265
39 3 1269
2 57 765
21 17 1228
1 38 2043
22 20 588
38 11 1651
2 27 1324
23 46 2474
54 18 3191
47 23 2088
55 12 444
26 3 1129
49 46 707
44 31 2916
18 50 333
25 52 1983
11 61 2186
37 45 154
51 53 1756
19 60 1426
42 13 2309
55 26 3633
50 60 2034
48 50 1744
32 24 720
37 62 2875
30 58 1878
64 46 1716
50 17 1725
34 46 2292
10 13 3791
8 29 187
18 53 1442
33 16 3439
35 56 1114
52 59 817
9 31 2539
64 58 1139
28 26 3280
28 4 3047
25 23 3869
3 37 2703
56 22 483
59 27 1333
5 47 2142
39 23 497
37 16 2299
30 42 4028
64 23 1825
27 20 2163
30 49 1423
44 27 3026
34 40 454
1 61 3126
45 60 4103
7 43 1991
35 14 3958
31 28 745
7 58 3447
6 47 355
57 42 2002
35 2 4104
16 14 777
44 64 3896
64 9 2206
14 45 4109
14 40 72
14 52 942
7 62 3940
53 60 917
62 23 1737
52 18 1281
7 60 4070
23 21 2212
44 60 3201
11 40 3156
50 36 4141
43 47 3477
34 36 2736
20 61 2265
23 33 3886
23 37 3256
26 8 1166
46 32 2891
16 36 2521
21 28 2870
60 61 1182
15 56 1578
35 50 3533
48 44 3128
64 41 3099
5 48 46
22 8 3029
34 28 1702
5 34 2171
5 61 2845
47 27 1101
49 9 2814
20 35 3954
5 41 830
23 2 2876
49 44 576
2 62 212
48 31 400
44 63 1633
45 7 2007
14 23 1741
17 45 1228
62 3 779
9 53 766
35 29 1593
19 12 1195
38 43 2339
25 50 3344
15 26 1062
43 23 2216
22 9 1795
50 26 414
58 0 610
53 26 1870
30 55 1555
52 21 4027
35 36 3521
53 11 1642
10 28 1672
38 56 3557
6 40 1035
27 4 2932
25 8 257
51 1 1579
20 60 1921
12 41 1854
24 62 3108
28 22 1538
21 29 3501
31 26 2122
37 49 1336
27 13 3599
41 39 1444
9 16 2819
21 19 283
19 10 2965
11 42 3202
19 31 1293
60 43 4157
10 39 987
11 45 823
33 26 237
47 16 2942
27 0 3550
34 42 2609
8 63 3313
58 10 1569
19 41 4003
12 13 4107
13 47 35
12 27 2037
44 43 2138
8 54 3135
57 31 2837
19 63 2654
12 38 4093
21 12 1932
58 9 3929
42 58 2328
26 53 2125
45 16 3979
12 28 1510
0 7 4125
43 9 1973
55 49 3016
41 8 2437
35 53 231
50 4 2449
39 34 2481
54 4 4005
18 41 2689
31 50 3205
29 38 3175
6 23 3917
26 55 990
23 48 2417
50 20 2785
51 62 1842
25 43 1013
38 10 3743
1 6 2311
11 53 4211
39 43 2380
64 33 1932
2 3 219
40 33 1574
15 64 3924
10 64 817
36 7 3220
59 60 1733
50 1 3234
62 35 864
10 14 1576
34 47 373
43 19 2099
39 31 1957
20 31 3116
0 10 528
19 6 3982
7 16 1793
63 30 3824
55 59 1046
36 14 2426
59 57 2364
50 43 600
20 40 2938
12 61 1665
20 39 4067
11 63 4009
15 62 544
61 14 2819
39 64 1646
23 43 484
27 5 3570
25 13 2496
26 58 2576
61 56 2103
11 17 1508
2 0 3832
49 16 2246
52 45 82
36 54 525
60 27 1264
22 54 816
47 9 3637
25 44 4026
27 28 3965
47 42 456
2 51 4068
12 40 4185
30 17 2547
51 2 2394
42 0 1041
63 62 3551
10 41 730
59 52 3388
19 42 2352
19 40 1545
15 48 3280
49 37 193
28 6 2666
27 37 1577
11 50 3728
21 35 1870
28 33 133
25 37 3810
49 24 1493
57 9 1732
35 11 1505
51 14 1798
40 64 4034
28 10 1252
45 2 2879
21 32 4119
34 6 1321
10 12 2626
35 28 2362
17 49 1309
58 19 2175
33 13 1448
39 53 2652
51 30 3795
49 2 330
33 35 1716
36 48 3202
36 34 3869
38 63 2644
21 6 3952
47 44 3339
11 20 3669
47 6 244
61 2 4005
10 25 1852
61 41 504
16 5 2444
30 12 2019
62 28 1597
32 39 2204
32 9 3350
51 13 4131
28 20 3316
25 15 1531
36 52 690
30 15 353
32 46 655
16 10 1030
50 46 266
17 35 1823
23 27 2024
29 15 2549
59 36 3622
26 19 1290
43 30 3287
55 17 1373
57 25 811
22 23 1013
36 30 3286
48 22 3657
40 46 2893
31 33 585
6 32 2052
13 20 1427
58 13 2427
24 41 4188
20 6 4223
53 49 2759
20 48 2243
23 3 3528
61 24 3782
19 54 2093
29 22 1935
6 59 4211
8 25 3409
3 29 2179
21 64 2838
3 34 2439
54 55 2170
28 0 3011
54 64 1947
61 13 2167
2 7 516
13 30 2373
1 60 2363
25 3 2121
29 47 2447
8 31 1521
53 36 1912
25 16 3411
31 55 2539
20 1 3210
22 44 2494
1 47 17
6 20 3026
0 40 597
16 50 1105
56 59 1905
18 1 3512
55 11 558
39 37 1008
57 8 37
63 6 1473
42 51 2427
14 4 2821
14 3 3733
46 12 2885
0 1 978
62 4 207
4 47 1035
30 31 1797
9 51 3499
31 17 1713
13 34 3679
23 12 1239
41 37 3123
58 7 2815
53 10 1542
34 29 2586
63 59 1590
27 41 1991
48 45 3896
61 11 1940
61 23 392
5 52 1426
12 20 2224
50 29 2051
16 57 264
36 45 2202
40 7 1277
23 19 957
21 60 2942
46 40 2108
39 40 3583
42 19 3668
6 8 3101
58 5 3199
25 27 882
52 25 318
36 31 1542
46 30 1569
56 6 1377
5 23 812
19 20 198
4 42 1809
26 23 1813
37 24 486
26 64 924
38 25 4166
0 18 3299
24 45 1305
1 9 1304
17 59 2734
42 5 1698
3 10 2317
3 9 2769
12 35 2282
10 21 1029
48 27 440
34 21 3020
3 11 3102
32 1 4195
48 42 3467
6 50 4100
16 1 2766
43 40 106
23 11 2297
23 51 190
13 62 4205
7 29 2476
26 40 4166
58 17 3593
42 11 876
27 31 393
49 29 2969
42 40 3164
27 18 344
18 4 2666
24 10 1599
38 9 843
50 34 924
15 54 1517
25 24 2134
7 31 2455
11 21 499
15 0 3080
55 14 3633
19 49 767
33 6 553
9 0 1525
34 10 2805
53 28 1678
15 38 3206
3 4 1121
54 33 1491
29 43 1775
1 29 2395
4 24 2536
47 29 2585
14 57 3063
36 59 4223
33 8 250
30 10 1045
57 54 1153
8 45 113
39 19 2344
0 2 2778
2 34 1952
34 57 521
24 8 2
15 6 2665
64 59 499
2 31 821
46 59 2857
40 32 3106
7 47 105
7 41 3690
59 24 3496
5 21 1798
56 7 1628
48 61 2156
18 11 4097
53 0 435
29 5 3124
8 40 431
21 49 92
53 48 3995
17 20 212
30 41 3708
42 62 3356
16 40 1021
41 58 3290
37 44 412
52 12 3513
7 9 1116
38 49 3879
38 34 1438
15 27 3495
56 23 2179
61 57 1523
28 37 550
58 56 440
11 36 12
64 60 4193
18 62 3144
33 62 3590
32 64 3857
2 16 606
3 1 2816
25 45 2133
38 29 3732
0 36 3500
37 57 1272
55 56 237
35 64 1890
4 27 2462
31 54 1806
44 48 3330
60 20 1893
24 9 1518
15 49 275
57 55 1024
57 30 2115
3 59 1207
33 63 143
42 47 3898
23 26 1998
42 54 1902
21 37 3960
24 27 3913
17 34 3192
10 33 2661
50 16 608
59 62 456
46 16 2452
25 61 2993
35 31 2499
1 25 3050
31 2 1711
28 61 2335
29 4 2742
33 25 2560
56 24 217
59 20 4090
38 0 2127
56 58 2173
39 14 3967
29 41 2982
10 54 3115
40 43 3508
61 17 2540
15 40 3780
7 49 1151
59 26 412
21 0 1997
59 42 1902
20 63 2533
22 34 305
32 60 3858
33 50 2495
36 57 1144
37 59 3523
41 5 3196
42 50 1631
54 59 2768
42 10 3827
24 42 2149
38 57 1523
38 51 50
15 47 2637
56 33 533
46 43 3210
28 34 4193
12 58 2588
1 56 4201
48 21 1190
60 16 3008
3 63 228
2 14 2896
47 13 2768
53 41 3687
32 51 555
11 27 1931
58 40 1893
55 9 3164
28 24 873
30 50 312
22 17 2899
21 47 2386
14 19 824
18 28 2394
15 17 2861
34 4 732
55 31 654
45 24 1983
6 27 448
4 35 3049
45 30 2386
61 28 2140
15 32 1054
4 11 840
58 2 251
21 48 3127
30 29 3551
57 35 4136
7 52 1660
16 63 2827
16 9 2939
32 52 2206
54 40 493
19 59 3984
61 21 838
12 6 4197
43 63 3024
9 4 3385
63 55 1289
13 22 1621
16 11 1696
26 48 2011
60 47 2909
41 57 554
36 56 1531
62 56 795
25 22 1735
38 1 2519
62 55 4141
8 10 2999
57 53 3176
48 35 3837
26 6 4166
30 57 3188
8 11 2493
48 29 2355
63 33 383
62 47 1644
48 37 933
24 54 1340
54 41 401
25 12 2788
29 59 2883
15 61 2783
6 18 3647
55 21 3644
19 1 1264
60 10 2612
49 39 2615
22 26 84
12 44 3396
40 38 3732
61 22 144
13 50 3542
29 49 2621
40 60 1057
17 25 2012
13 0 1044
1 49 6
18 30 1710
13 9 2586
51 19 3476
9 41 2216
49 58 4170
57 43 2071
18 46 809
6 13 2204
39 0 3814
14 39 1524
59 31 1927
56 43 1931
44 4 2654
25 35 2046
31 9
