81 756
66 20 701
80 19 3903
25 26 1939
39 34 2126
23 21 2780
43 67 5880
12 61 2543
79 6 174
70 74 6483
7 29 4265
49 19 1354
9 51 2190
56 26 3636
49 18 455
9 10 5093
21 41 1041
80 15 1392
65 26 6522
67 44 3170
19 26 3873
42 78 4057
69 71 4996
49 22 6011
67 24 4547
7 33 4433
35 6 4308
7 16 5297
58 24 4587
16 10 159
22 34 4156
31 12 1510
14 0 2541
73 37 4829
39 7 5997
49 71 1029
41 51 1677
52 6 4668
67 46 3159
47 65 1517
64 71 4844
24 20 2605
5 43 1943
50 5 5907
58 2 5153
38 58 757
28 59 1549
56 24 5971
37 9 2017
35 67 5217
6 24 2235
26 74 3750
76 44 2149
48 32 2909
37 35 3229
8 3 3851
58 48 3499
34 67 3754
45 5 3270
46 25 4383
62 19 5408
14 36 6123
58 8 1857
75 62 3822
61 52 5895
25 0 354
26 32 779
57 32 4722
12 74 2099
69 20 3026
11 2 1157
72 11 5419
10 28 1064
58 17 5829
63 5 365
66 39 2254
29 78 3729
73 65 410
5 80 5054
63 48 1233
77 42 5176
57 75 2756
40 30 743
59 57 3247
52 79 3773
69 30 3237
65 1 1369
1 64 3476
6 62 3972
57 46 1201
52 23 2247
56 20 5670
46 41 303
16 23 2386
1 44 5304
54 68 3535
35 45 1941
57 8 5768
1 63 615
3 41 2731
11 41 5828
48 47 3516
75 38 1682
15 71 4920
16 71 2914
0 29 568
53 23 3001
13 10 5895
72 45 101
2 78 3060
2 41 3932
22 3 43
80 63 4124
8 26 6528
43 12 4115
37 16 227
29 37 6328
30 53 6019
74 29 3725
50 13 5031
43 25 1161
39 30 4783
10 0 3787
68 38 4161
31 3 6154
74 51 5506
73 76 4568
66 30 6222
13 62 5889
60 25 23
41 49 2160
63 70 1954
65 77 5398
41 77 525
10 21 1716
15 3 4354
40 26 4657
18 26 1278
71 5 753
54 58 474
70 64 3005
8 10 2475
33 47 3081
56 44 6514
4 46 1687
28 1 6402
70 5 5776
25 32 209
32 1 4973
68 51 4935
28 42 1811
73 68 3820
53 45 5131
9 62 2301
48 65 613
53 78 4118
39 67 5339
45 64 4672
57 71 5115
10 22 4123
46 24 2334
42 8 3908
34 8 1468
32 59 3518
45 4 3083
21 16 1514
31 22 4293
60 5 1721
43 33 214
29 50 5592
75 31 1105
74 48 586
43 2 4392
63 9 5790
32 75 1629
30 9 616
62 48 6076
17 28 1343
48 28 1198
40 42 1955
29 52 307
79 67 690
3 13 2996
28 0 4870
35 74 859
2 31 5833
7 69 2763
65 66 6250
7 17 6261
10 3 604
69 48 3540
16 77 1706
58 22 3618
3 8 5634
45 40 4273
3 21 6371
38 18 5303
46 45 5667
63 60 5009
78 45 6
3 52 4629
28 71 3149
70 25 1847
60 15 3131
19 69 1889
58 25 5523
58 53 2368
39 69 2891
29 43 3068
80 55 3992
60 6 5308
78 25 1763
69 31 4879
77 26 719
33 23 2188
30 23 5858
28 51 4367
0 28 1521
15 80 5442
53 3 5840
6 2 1431
33 2 2801
0 42 3334
3 5 627
78 44 4116
37 65 5882
43 56 6561
10 6 294
48 67 1711
24 53 466
44 75 6512
8 30 3528
41 27 2259
73 46 5275
69 64 1923
56 69 2516
7 79 3419
19 39 110
52 14 3817
41 47 4665
15 10 238
59 65 2258
54 16 2770
67 57 1950
7 63 1649
74 80 4344
54 35 5708
3 47 3656
67 65 2473
25 6 6424
57 0 800
41 44 3128
62 20 726
77 33 1422
46 29 3734
50 42 4204
57 51 801
41 65 198
21 15 832
13 41 506
77 36 2684
1 49 598
78 0 3695
6 32 1708
58 21 4346
65 62 4956
25 18 5694
7 19 5160
32 72 5791
18 55 395
59 62 4459
38 6 1113
5 73 5508
67 30 872
68 35 5473
48 60 3775
21 66 3070
67 21 6469
46 67 5026
18 61 2920
1 60 6480
50 27 849
0 20 6487
31 68 3119
0 47 4078
64 11 6283
58 19 6193
16 73 3093
19 60 18
68 42 988
66 57 2344
66 80 3500
14 30 638
12 75 3748
10 76 5898
51 17 6361
78 7 3401
52 69 1998
25 7 5386
4 40 995
29 75 6018
7 25 1299
63 49 6287
29 67 885
80 73 244
11 49 3004
55 14 2043
66 47 5262
74 27 3664
69 26 4005
76 7 2438
79 19 1554
76 59 1980
12 73 4605
15 68 3013
62 42 3628
41 24 4511
10 51 2833
16 79 919
13 40 3496
10 50 6039
2 44 4033
69 25 4966
79 4 6225
79 71 1598
40 46 2749
75 65 2469
56 15 5017
34 69 5870
24 13 4553
10 39 4679
58 32 3559
22 24 3869
9 26 5469
7 62 3429
76 26 4155
75 55 1767
29 61 1576
77 80 5373
25 29 2121
69 10 6511
18 9 3591
55 39 3426
21 52 2346
11 30 5266
42 71 4097
1 65 2934
20 12 3781
21 65 6064
3 7 5357
45 59 2434
8 21 5775
0 64 4974
80 0 1928
17 42 637
43 70 4764
33 16 5276
46 7 4397
20 29 435
13 68 4044
10 60 60
74 59 1301
64 69 1369
68 40 2370
46 30 1594
69 79 1089
42 9 3112
5 33 2160
41 0 3786
78 30 3064
30 78 4242
76 40 950
45 51 2663
36 72 3190
22 42 1945
77 63 1807
78 63 5821
25 65 6378
76 43 5824
49 52 1455
59 80 3860
29 48 5712
46 42 3630
80 47 740
21 46 6017
6 47 4537
13 59 4082
47 48 4492
43 11 2759
2 47 3569
14 23 5812
39 68 4749
65 57 5563
49 53 1647
60 12 1481
59 67 217
6 19 3504
20 58 6408
51 22 6231
56 80 697
67 34 1974
32 77 2898
67 16 1165
31 2 5777
11 80 3892
20 38 1076
63 58 1187
1 61 2326
10 30 2446
78 72 6010
44 0 188
21 30 3885
10 47 4583
21 32 4224
60 61 3043
75 56 876
46 50 6436
29 24 918
68 24 6500
3 57 539
67 52 323
14 78 1043
74 63 4380
49 7 4401
77 13 4122
65 51 5234
63 53 938
65 54 4722
54 63 5072
47 46 2119
63 21 3831
5 31 1555
77 67 678
69 14 1154
28 49 5732
37 61 753
68 22 3325
50 64 4361
21 22 174
2 62 5974
4 10 191
48 20 362
36 34 2930
42 68 2643
70 11 3737
33 11 3954
9 76 5956
68 25 4302
39 4 4637
59 44 1085
60 80 1650
9 13 3087
35 9 2804
0 50 960
0 14 2633
1 46 5804
25 24 3574
50 8 2783
68 77 5741
61 39 5783
26 57 4298
56 64 2279
30 19 2197
76 3 2099
14 51 1219
53 42 356
30 39 1928
71 14 1352
68 53 1110
27 69 728
12 31 5071
9 61 3947
31 14 1169
49 26 3730
73 36 1266
35 1 2552
75 58 5630
12 9 5876
62 27 1961
62 39 4380
53 14 5771
12 49 1114
77 66 2372
10 8 62
67 26 5981
72 10 5876
17 1 1301
72 55 6366
74 7 4665
26 12 5537
41 64 2017
68 19 6450
48 49 2199
75 15 4613
48 77 2549
31 21 4004
55 68 2075
60 63 2773
39 72 3249
26 24 2971
63 22 3737
0 43 90
23 41 3005
57 39 6402
58 45 4777
32 28 6293
48 19 5383
35 14 2183
32 50 4232
39 45 3332
48 57 4576
74 15 2925
56 68 862
17 24 5178
49 15 3601
79 36 1091
47 54 1267
45 48 5638
42 67 1150
70 4 3353
10 20 2466
77 54 3855
59 24 698
24 75 4360
61 53 3162
59 37 5781
16 43 5248
77 6 826
33 74 4235
18 22 987
57 66 5350
27 17 3184
44 39 4680
76 64 57
19 8 3353
19 23 6205
61 17 541
18 41 3454
31 79 3659
35 20 4292
35 70 67
48 33 1669
55 64 2106
11 23 5735
5 59 661
12 2 4564
2 60 2972
52 41 5705
36 77 708
38 68 5713
56 58 1236
5 38 122
19 71 16
14 74 1625
66 8 243
22 67 1674
17 19 4642
60 64 5953
36 67 1479
4 34 1807
3 48 6001
53 58 2853
43 47 5276
1 9 1354
42 55 5582
46 9 322
7 54 1053
76 10 881
34 79 6247
80 52 240
74 14 4485
24 1 188
7 67 5725
4 14 6081
19 7 3064
75 69 1652
58 0 140
31 34 5549
49 54 4727
30 1 3468
3 50 1330
33 51 260
17 40 4275
41 78 4243
23 58 158
63 18 120
10 1 2150
38 26 6196
14 1 2182
2 48 5012
1 52 5903
70 49 334
38 2 5471
32 70 3775
68 28 6231
58 72 3827
18 63 2424
73 10 705
34 64 961
13 78 2202
47 66 695
28 7 6423
60 55 1004
65 75 2614
33 22 837
66 37 6411
33 29 691
24 36 1783
67 15 35
2 50 4423
70 34 4686
15 72 129
73 79 1697
32 3 4979
75 50 194
38 46 4732
71 54 1056
39 38 6133
56 4 1906
52 15 5793
51 43 6401
29 72 4875
33 45 26
48 59 654
10 52 6304
43 1 2232
33 50 4729
59 31 5180
64 46 3635
10 75 323
8 22 3573
36 5 3784
55 69 3492
28 34 4885
50 59 362
27 72 4097
5 14 5885
52 55 2201
80 31 2403
16 3 5534
8 40 5284
4 74 2545
2 7 2157
58 4 4960
45 41 990
11 63 5031
21 12 610
39 11 6356
9 71 2709
77 3 5748
8 55 5435
33 8 2712
42 31 175
9 32 6166
15 66 2394
78 66 2686
69 7 4928
4 33 3341
5 27 6342
19 16 3963
65 42 5860
37 55 402
58 80 3857
16 27 1562
64 48 4784
26 5 727
12 55 6046
51 30 5005
76 39 2110
17 52 3764
27 39 4492
21 45 474
46 26 4104
53 49 4245
23 31 5483
57 65 6227
44 34 5914
66 58 4064
78 46 6299
12 19 1700
71 20 2086
35 21 2599
31 36 2583
10 18 1361
15 13 6515
76 2 3773
22 54 6283
67 32 4098
9 31 5052
41 5 4713
66 52 3138
25 63 2668
71 64 1654
23 6 6554
71 27 4216
33 60 2889
6 22 6072
64 56 970
30 31 2635
77 7 2198
30 74 1979
26 65 6241
24 17 5011
50 76 3939
34 7 3230
76 21 2087
66 72 4958
11 4 1768
71 52 3904
76 25 2105
39 22 3077
27 33 4499
30 10 2460
7 50 4686
42 22 1531
6 10 5489
59 5 4340
50 44 4532
42 16 1643
49 13 353
12 30 1292
73 78 5666
54 10 3412
8 12 5117
57 45 125
72 44 6154
20 27 3424
26 73 4419
40 19 1810
74 26 6539
12 27 205
59 63 5962
40 61 5512
9 52 3324
37 50 1829
1 68 6539
45 10 2021
75 20 5245
35 75 5047
42 51 2668
22 46 1581
72 80 6361
27 55 3737
74 34 3309
47 14 5939
75 54 3538
38 11 2814
21 54 1972
15 26 2430
71 13 478
75 2 4145
75 46 4603
69 34 2672
25 33 3853
52 39 4809
63 17 971
62 16 3889
80 72
