181
369
496
330
121
97
403
179
317
382
17
258
232
288
120
285
261
418
297
263
93
492
124
414
334
187
349
83
152
308
456
454
102
389
347
35
242
62
451
279
442
121
425
379
386
26
418
67
101
225
205
236
411
412
6
354
447
159
389
179
466
490
452
241
479
485
165
243
161
205
347
487
239
358
76
378
5
381
434
80
416
379
80
171
14
330
419
449
352
367
135
57
11
186
162
200
242
389
340
90
176
496
270
214
163
30
78
239
390
109
32
460
160
53
322
212
200
400
400
406
238
430
246
438
387
304
386
191
447
102
429
396
419
10
354
449
172
261
119
108
444
433
347
104
393
491
61
356
94
404
228
88
356
18
37
66
349
129
303
330
401
360
299
319
381
40
177
263
230
107
120
297
143
121
173
70
382
422
361
110
141
482
