157 490 b 94
342 489 b 47
56 380 a 89
303 320 x 5
149 434 a 77
186 378 x 53
47 405 a 100
392 437 a 14
194 489 a 82
234 387 b 44
156 478 a 89
231 245 a 6
351 361 a 6
91 269 b 49
72 258 b 55
254 471 a 62
144 452 a 82
136 143 x 5
173 363 x 53
90 135 y 15
78 285 b 61
169 365 b 55
34 336 x 88
317 353 y 11
217 388 a 50
346 420 x 21
57 467 b 107
67 462 y 103
145 331 b 52
190 348 b 50
177 224 b 14
343 463 y 33
190 259 b 25
55 302 y 69
132 317 y 53
141 434 b 83
461 493 b 11
160 327 a 43
63 81 y 6
140 160 b 7
132 408 b 74
17 294 a 77
111 253 a 38
109 117 x 6
273 305 x 11
162 362 a 53
227 469 a 65
40 312 y 84
13 403 y 103
112 292 a 53
255 332 a 23
116 145 y 10
154 254 b 30
423 440 x 6
101 305 b 58
152 204 x 16
2 42 b 14
23 353 y 92
51 227 b 47
27 446 b 120
29 170 b 41
47 274 x 58
228 491 b 74
396 408 a 4
199 208 a 3
122 478 x 95
164 449 x 77
307 345 y 12
282 414 y 40
13 213 x 57
360 388 y 12
92 136 x 15
25 53 b 11
22 353 x 92
153 207 x 16
239 318 x 22
129 345 a 59
42 352 a 83
96 155 a 18
356 435 x 24
191 418 x 62
279 377 y 26
338 430 x 26
49 76 a 8
84 174 y 27
174 289 y 37
28 64 b 13
339 417 a 25
37 423 y 107
141 492 y 100
25 172 b 44
19 260 b 71
339 379 a 13
27 482 b 124
243 394 x 41
53 330 a 81
120 409 a 79
147 239 y 27
248 379 b 36
329 413 x 28
213 443 y 71
125 181 x 18
51 445 a 112
56 216 y 45
366 481 y 35
255 322 y 25
127 410 y 85
122 363 y 71
163 354 a 57
179 316 a 46
20 319 a 95
81 363 a 73
192 308 a 40
199 308 a 38
147 158 y 4
279 288 x 4
108 324 b 67
319 490 a 48
107 479 x 100
251 341 b 28
185 266 b 23
194 484 b 76
277 396 x 37
274 435 y 53
157 163 a 2
309 367 y 18
144 206 a 19
86 294 a 60
51 364 a 84
11 43 a 13
194 257 x 19
29 357 b 90
490 496 y 3
112 166 y 20
71 336 y 72
297 372 a 23
228 267 y 14
47 250 a 57
186 209 x 10
399 455 x 18
45 447 a 114
211 497 a 84
34 288 a 72
91 420 x 98
236 456 y 76
429 477 a 14
186 425 a 82
247 330 a 27
297 312 b 6
332 335 b 2
66 361 y 84
24 91 x 20
108 229 y 38
26 485 a 128
231 421 y 61
207 455 y 74
116 494 y 106
40 142 a 35
153 216 y 18
293 350 b 20
235 400 x 57
325 368 y 14
97 297 a 58
298 401 a 35
216 357 a 42
292 428 b 37
253 319 b 22
182 221 y 12
31 447 b 118
56 359 x 91
168 450 x 77
278 442 x 48
16 92 a 25
44 352 a 83
386 387 b 1
59 428 a 97
394 399 y 3
6 477 a 123
36 471 y 125
235 273 b 11
52 84 x 14
29 158 y 38
240 345 a 29
203 250 b 14
220 496 x 82
52 327 b 81
316 394 x 31
263 423 y 53
92 304 y 65
200 240 y 16
344 411 a 27
5 235 y 63
123 281 a 45
66 229 x 47
475 495 b 6
333 372 y 13
218 267 a 17
160 289 x 38
141 294 x 48
109 363 b 71
185 263 x 26
69 302 b 65
51 491 b 125
287 365 b 28
80 103 y 9
64 344 b 81
305 347 x 15
188 240 x 18
217 308 a 27
108 432 b 101
416 435 b 9
315 388 x 21
152 385 x 63
89 142 x 19
45 366 b 89
6 494 b 143
107 169 b 20
129 193 x 20
332 373 x 14
312 421 b 35
129 341 b 55
213 247 a 12
169 176 b 3
206 287 a 23
113 299 x 55
218 299 x 24
253 309 y 18
201 265 y 22
64 291 b 60
27 414 b 104
303 398 x 29
2 409 y 113
343 457 a 34
351 436 a 27
442 449 b 4
13 488 x 121
116 455 y 95
51 358 a 84
167 494 x 98
5 246 b 64
409 491 y 25
294 443 b 48
126 498 y 112
61 311 a 75
28 384 a 95
123 123 b 1
86 97 a 5
190 291 a 34
23 64 y 15
6 330 b 98
17 447 b 116
136 334 y 56
13 315 a 79
