6798 7301 y 141
5706 8154 y 640
5755 7241 y 379
1673 8841 x 1849
8452 8928 b 130
4655 9862 a 1347
5083 7909 a 729
1591 5449 y 979
3558 9332 b 1500
2476 3585 a 285
4276 8985 x 1198
2224 6442 x 1077
4442 8342 b 991
1168 2782 a 419
735 9681 b 2275
7453 8688 b 338
9015 9689 b 174
622 9170 x 2183
5950 9263 x 861
656 7658 y 1833
7631 9404 x 458
5035 6171 b 311
907 4536 y 971
989 8263 y 1865
8580 8774 y 59
3617 7483 b 1010
3482 5236 x 490
525 5802 y 1343
2660 8273 x 1431
2484 2743 a 73
9387 9584 b 54
4830 8928 x 1036
5058 5973 b 261
2891 5259 a 636
2286 4887 x 692
1460 4373 x 764
1291 8591 x 1865
3705 7479 x 971
713 7578 x 1760
2189 6678 y 1213
5256 7245 x 543
6191 7324 x 303
154 7321 y 1852
1380 5954 y 1179
5347 8027 y 690
5223 6395 y 312
360 1411 x 300
7609 8610 b 264
1122 7243 b 1597
986 2134 b 306
6263 6882 a 168
803 3232 x 627
3175 3438 a 71
1764 7637 b 1504
631 4972 b 1108
4598 7318 y 696
6495 9841 a 844
1759 7136 y 1361
6912 8788 x 484
4387 4486 b 28
5736 8127 x 622
3588 6658 x 786
2565 8831 x 1629
1595 2737 a 312
6070 8751 x 704
258 4082 b 1006
1227 5287 a 1030
2036 6407 b 1121
2754 8535 y 1490
2749 7016 y 1102
4875 6312 y 371
3283 9372 b 1553
2976 7201 b 1099
142 4814 x 1211
2184 9050 x 1757
5006 7985 a 762
2313 4285 x 535
1940 5746 x 1012
183 1019 y 244
1244 9473 x 2117
1463 6841 x 1384
1782 7162 x 1381
2142 6771 x 1178
3129 6507 a 877
1284 1878 a 160
4938 9579 y 1184
1323 8959 b 1947
3399 4914 x 408
6184 9358 y 814
2769 7990 x 1338
1577 7287 x 1479
7069 8887 y 469
246 2155 a 490
5916 9032 y 791
984 9605 y 2205
5104 9021 x 998
1549 1933 a 109
2366 8379 y 1575
1346 6434 y 1308
2434 9868 y 1929
4634 5144 b 140
795 7580 b 1723
2820 4426 y 420
769 3078 y 596
4404 4807 x 109
6883 7821 y 251
62 8251 x 2075
3093 5993 y 739
5531 5935 x 108
4782 8585 x 997
632 1529 b 242
1516 7777 y 1629
961 7619 y 1723
1892 4996 a 828
2836 2911 x 21
1818 5760 y 1000
5006 6929 y 500
5623 7693 y 536
1409 3498 a 544
2483 7096 x 1211
2460 4266 b 461
1453 5845 b 1148
2837 5341 b 659
5439 8240 b 732
2431 6627 y 1106
4219 6876 a 673
921 6080 a 1389
1484 4203 b 714
331 866 x 140
2920 5650 x 711
1048 3411 b 617
3471 8536 b 1320
5325 9635 b 1106
5229 6761 a 393
1180 4807 y 950
4500 6509 b 526
1596 7815 a 1590
6092 9299 y 828
3175 8617 b 1390
5916 6283 a 99
5009 6624 y 426
7561 8513 x 260
2556 2639 a 26
150 501 a 99
4809 6334 y 398
1875 4934 x 819
5266 6890 a 420
1367 6901 y 1426
2035 5260 y 833
3209 8415 y 1335
1927 9101 b 1847
7654 8188 x 145
289 8080 a 2015
4796 6545 b 461
983 5998 b 1288
401 9408 x 2280
50 5217 x 1305
2428 4446 b 532
1065 6475 a 1380
1092 9408 x 2127
2293 5300 y 769
217 2967 b 716
955 7022 b 1547
1152 9665 y 2159
502 3660 b 817
6018 9297 y 851
630 6492 a 1499
761 2137 b 363
7620 8100 x 133
1301 7464 b 1572
9027 9662 y 174
851 5891 x 1288
7385 9208 y 469
1133 4152 x 779
288 5772 x 1419
6049 7782 x 461
5312 6516 y 320
3543 3634 x 28
3761 7977 y 1096
4758 4958 b 57
7211 8663 x 396
673 4893 a 1077
125 9742 x 2446
6857 8792 a 492
471 2160 b 432
474 8714 y 2097
3545 6041 a 631
629 4138 b 913
8632 9533 b 241
2316 5658 a 862
2296 2453 b 43
2260 9719 b 1906
6724 8895 b 555
7525 8179 x 168
7189 9190 y 521
1757 9019 x 1878
4867 4976 x 30
2575 3657 a 282
4741 9687 a 1283
7721 9365 x 431
5343 6494 x 312
1718 7607 y 1515
5782 9653 a 1002
2756 3359 a 163
1109 2963 y 480
2254 6697 b 1134
3566 8723 y 1313
2889 9503 y 1673
676 1305 x 165
4757 8464 a 961
4279 5650 y 366
3276 7428 b 1086
4414 9049 b 1222
1334 6867 b 1403
2795 9975 y 1829
4095 6989 a 741
6408 9422 y 797
3168 3260 y 30
1446 3872 y 627
5353 6260 y 235
3831 8089 a 1084
6496 8090 y 413
4477 9801 y 1355
624 7164 x 1655
1607 8572 y 1765
7021 9591 a 668
72 3178 x 830
7337 7831 b 136
9468 9641 a 49
2664 3909 y 326
2810 8079 a 1347
1648 7057 a 1371
749 3320 y 649
51 3255 a 816
5075 5178 a 32
5457 7344 y 507
471 7784 y 1871
5865 9638 b 957
2938 6625 y 940
958 1189 a 71
1148 7026 x 1504
4536 7442 y 765
23 5733 y 1462
1783 5578 b 976
379 1088 a 188
5831 7450 x 425
6414 8406 x 521
3028 6996 b 1001
2142 3135 a 262
3207 4866 a 430
2900 4851 a 503
4519 9258 y 1203
2300 7117 x 1210
3904 7145 b 835
5181 9546 y 1129
2720 9038 y 1624
3482 6908 x 865
4498 9864 b 1358
6847 7836 b 260
4084 8888 x 1230
1686 7999 b 1623
1203 5565 b 1124
668 3872 b 821
3765 4674 a 244
2697 3487 a 202
8871 9565 y 188
4026 5104 b 288
6197 7198 b 270
4515 8786 y 1100
1411 1767 a 105
1061 6807 x 1448
7532 9892 a 600
1461 2906 b 388
3956 9300 b 1350
5132 6853 y 437
5299 5607 b 85
45 800 b 200
1139 2463 x 347
2844 4284 b 390
7539 8860 a 338
3163 8714 b 1418
4862 9034 b 1073
8229 8534 a 80
300 8153 a 1993
484 957 y 128
2691 3106 b 111
2 5842 a 1485
4674 7209 y 662
3287 6616 b 855
588 7463 y 1743
4879 9281 y 1148
6080 8243 y 571
1710 8257 y 1696
2318 7185 a 1245
6499 7130 a 169
617 8024 y 1891
2983 9680 y 1722
3111 5726 a 682
5600 6578 b 252
2272 8450 y 1561
1444 7843 a 1664
414 6711 a 1631
2220 3862 a 429
4498 7592 a 818
7314 9772 b 632
4432 6734 a 621
2384 6905 a 1150
8943 9475 y 137
5201 5432 a 62
2492 5640 b 807
2725 6715 b 1019
1279 9200 y 2000
742 8591 y 1988
388 4045 y 935
754 5868 a 1334
2244 4865 b 670
3816 9252 x 1376
9469 9697 b 61
6251 9117 y 731
895 3508 a 692
7154 7159 a 2
470 9067 y 2175
2153 2363 x 61
1219 4556 b 882
3019 3101 x 28
3206 3829 x 166
1919 5804 y 996
2963 6370 a 871
3964 5136 b 313
936 6751 y 1474
2785 5850 y 793
222 4300 b 1045
2914 3713 y 216
54 7170 y 1809
567 4055 x 890
4129 7223 y 811
2723 4941 b 569
5233 6277 x 272
3467 5628 x 552
853 8693 b 2016
6789 7141 a 92
6646 9505 b 743
2483 8362 x 1516
2832 7920 x 1300
3112 8208 x 1312
5741 6991 x 325
3264 5370 x 545
5811 6383 y 153
2678 5118 a 639
2805 5665 b 740
6516 7181 b 175
4001 4727 x 200
4355 5801 y 376
61 5534 y 1413
4011 8581 b 1176
6651 9188 b 682
9173 9836 b 189
3688 7256 a 908
721 3197 y 641
2608 7223 y 1163
888 9626 y 2222
6315 7490 a 308
3761 6247 a 625
1580 2246 x 194
2029 9535 a 1942
2396 5515 a 805
2001 4228 y 583
1683 4891 b 815
2796 5196 y 637
8837 8887 a 16
1426 2761 x 346
2918 2972 x 17
1052 3862 b 720
3335 7367 b 1026
3438 6151 b 698
2670 4324 b 444
544 7858 b 1862
1322 2180 y 225
8471 8989 x 135
2492 9766 x 1882
35 8345 x 2135
5663 9931 y 1087
3909 5704 a 468
3754 5776 a 535
1175 9165 x 2047
6599 7820 x 323
5814 9078 a 857
6063 9111 a 794
8552 8845 b 79
5038 7720 b 699
2325 4812 a 640
7097 9302 b 572
6319 8892 b 681
5699 7687 y 533
2509 4408 b 495
1210 3190 b 519
2835 4068 y 330
5737 7142 b 390
5216 9107 x 1054
7536 8371 b 243
2447 9159 b 1786
2368 6584 x 1082
688 2977 x 589
3993 4451 x 126
1684 7242 a 1406
473 5879 a 1366
1122 7319 b 1602
596 7377 b 1732
1475 8841 b 1902
2382 4391 x 532
1584 6779 b 1346
6304 9719 b 903
1444 6914 b 1418
109 5652 x 1402
630 1877 y 320
3801 9072 y 1355
6848 7920 b 283
6376 7908 y 410
3124 9256 b 1571
4527 7718 y 830
526 3698 x 837
1308 8771 y 1916
4503 6969 b 653
5378 7855 b 660
545 8673 a 2083
1897 4236 a 602
7194 7545 a 94
7057 9405 x 598
2915 8857 y 1501
1119 9346 a 2105
6813 9082 y 577
1061 6458 b 1385
2335 4147 y 461
1545 6628 b 1289
2219 9389 b 1851
8786 8877 x 27
5423 5887 b 129
546 4216 y 942
538 7406 x 1758
904 5211 a 1088
5090 7903 x 736
4721 8879 a 1055
4286 7050 y 726
1189 9363 y 2070
5822 8590 b 730
27 8843 a 2223
1646 8443 a 1743
733 5928 a 1335
555 6425 a 1493
8664 9302 a 166
2275 7096 b 1232
3274 9393 b 1560
3409 9600 b 1577
4467 6145 x 445
3088 3542 a 115
2344 8508 y 1571
6019 9391 b 865
7977 7985 b 4
4614 8852 y 1112
1381 5222 b 1001
7574 8644 y 276
913 9515 y 2186
260 3904 x 917
1134 4010 x 731
1309 3711 b 617
4663 5352 y 187
3734 4913 b 306
95 3664 b 907
3556 4742 x 305
3483 9685 a 1565
6472 9219 b 708
3131 3851 a 185
7095 7592 a 130
10 8508 a 2146
4665 5672 x 262
1316 9820 y 2140
8127 9506 x 359
605 5937 y 1394
1149 4817 y 938
1102 6397 b 1393
1389 8219 b 1775
1802 3355 b 415
3126 3457 b 86
4439 6498 b 567
521 3020 a 656
718 9606 y 2307
2600 3987 x 354
1179 8879 b 1965
3406 4492 a 285
5852 7956 a 555
4115 5332 x 315
1628 5821 x 1091
2209 3815 x 434
2681 6006 a 859
2448 7225 b 1249
9738 9980 b 75
2704 4159 x 379
2024 4802 a 714
680 8565 a 2024
6007 8080 b 546
1789 7588 y 1501
7221 8479 x 341
162 7813 a 1946
9301 9383 a 24
2378 7815 a 1403
1760 4170 y 638
438 4657 a 1092
5008 6141 y 294
4553 7743 y 832
2851 9549 b 1725
1697 7611 y 1519
7562 9998 b 649
1185 1960 a 200
3366 9758 b 1688
2778 4742 b 516
586 1920 b 362
8568 9978 b 364
774 6484 x 1470
3323 9289 b 1537
3234 6396 y 816
4701 9485 b 1241
1091 5811 b 1196
722 3698 y 768
264 1595 y 356
7079 7596 y 141
134 3948 b 987
245 5284 b 1297
671 760 a 26
3047 4126 b 288
3353 5384 a 541
2414 4642 b 560
254 8304 x 2031
6470 8571 y 558
1247 2889 b 457
4617 4976 a 98
2261 8048 b 1510
6727 9954 b 862
4880 7519 x 701
1937 2465 b 151
3431 6533 a 790
1708 4683 b 780
6929 8873 a 526
4398 9590 b 1337
2504 4650 x 558
7292 8713 b 386
4095 5263 y 305
1715 4907 x 836
4333 6778 y 634
2299 9384 b 1810
1425 4222 x 729
440 8208 y 1961
1670 2829 x 321
116 2802 a 699
5880 9460 y 916
595 7530 y 1767
1536 2719 y 318
2275 7638 b 1375
2620 5408 y 710
2675 8806 y 1556
1181 1762 x 154
44 815 b 214
1681 9953 x 2122
1256 3366 b 555
5079 6805 x 475
1099 3790 y 699
4990 8339 y 883
1509 4157 b 695
957 1050 x 28
4140 8764 b 1190
4555 9465 b 1245
5707 7474 a 466
1070 3944 x 742
806 5920 b 1294
1332 8489 x 1833
210 9675 y 2437
408 1677 y 354
141 5183 y 1293
3115 8882 y 1468
5820 8304 y 642
1602 3760 x 569
142 2470 x 625
1326 4381 a 791
4199 7917 y 966
7781 8511 y 195
3141 5562 y 635
4055 6090 y 546
978 5606 a 1178
4655 5692 y 282
4697 9806 a 1310
1922 6002 x 1042
1679 7940 x 1612
6332 7212 x 240
305 3823 x 919
4409 9001 x 1183
2120 5096 x 787
1627 8639 a 1805
5730 8879 x 794
7157 7656 y 135
2876 6422 y 910
3432 6745 b 873
2744 9268 x 1657
4217 7312 x 815
8188 8783 b 155
1560 5043 y 912
4188 4873 x 182
6941 7723 x 203
4547 7668 y 808
1385 2013 x 163
4746 5392 a 176
7219 7645 a 118
336 4620 x 1085
6326 6710 a 118
5171 8783 a 952
1189 4964 b 980
6159 6572 b 124
5789 9442 x 958
6576 9466 x 754
2878 8370 y 1427
1318 5745 y 1160
3183 5168 b 528
203 4857 b 1223
1965 8316 b 1648
7747 9037 y 340
1774 4665 b 750
2960 8975 b 1536
6065 7749 x 429
5034 9396 y 1113
2631 9761 y 1814
346 6946 y 1725
2139 7769 y 1432
1459 9733 a 2101
2687 3210 x 138
3738 5418 y 444
6548 9948 a 868
8757 9176 y 118
1940 8314 a 1619
5219 8132 y 735
19 2873 a 742
2953 4419 x 376
4943 6815 y 490
7162 8994 x 476
2805 5312 y 661
5748 6070 y 91
3750 9396 b 1479
8746 8899 a 43
1895 2312 b 122
832 4651 a 974
3647 6102 x 649
6659 7081 y 110
6847 7324 x 125
3570 3744 y 50
2034 3097 b 277
4357 9349 b 1271
6163 8944 y 729
746 5931 a 1367
319 3504 a 839
3688 9670 a 1537
4833 8940 a 1048
6370 9997 a 942
3262 4291 x 272
7591 9109 a 398
2599 2699 a 31
494 9548 b 2298
7123 8919 a 472
6385 9810 b 874
9249 9728 a 138
6856 7093 x 67
1500 7282 b 1482
121 567 y 119
1804 3805 a 514
6201 7324 x 302
3829 9811 x 1529
2219 6516 x 1121
75 4374 x 1111
3349 4954 x 437
1466 3687 y 569
5356 9633 x 1095
5248 5428 a 55
6978 7285 x 91
2540 4873 b 622
4706 8462 a 971
159 4189 a 1043
599 3332 a 713
1333 6465 y 1337
1559 6747 y 1342
1732 9631 x 2056
8171 8766 x 168
768 9468 y 2310
6266 7281 y 265
1915 5458 a 901
2523 6324 a 979
5009 7264 b 594
5617 5627 y 6
4228 7999 b 979
827 7437 x 1711
2957 7836 x 1231
510 9820 a 2386
486 3392 b 756
1185 3148 b 518
2226 6426 a 1055
211 2235 y 526
928 6886 y 1545
193 5631 y 1414
5293 6083 y 217
6476 9276 y 731
1163 7199 a 1531
2742 6120 b 880
8550 8564 y 6
4761 6831 b 549
4732 5495 b 202
3202 9841 a 1712
7876 7928 y 17
2826 6703 b 1023
2651 9722 a 1836
3686 7489 x 998
1618 7448 x 1485
3267 9419 y 1571
4717 6339 a 437
2399 2678 b 72
5895 6414 x 141
8963 9174 x 56
1605 1821 b 61
95 1474 x 374
4589 7162 x 661
2844 4364 x 412
2188 3103 a 238
3681 4458 a 218
2570 6592 a 1044
2395 2657 y 85
2193 3630 a 362
1106 3449 a 604
3938 8732 x 1231
3286 7275 a 1010
8419 9883 y 376
990 1575 x 156
4046 6204 a 555
3297 6422 b 795
1003 9655 x 2215
1809 2826 x 265
1187 3323 x 581
967 7140 y 1589
3476 9338 a 1494
3693 7497 a 981
3037 4034 x 267
6130 6339 b 65
6029 9947 b 1019
888 3174 a 596
3523 3766 b 65
3778 4446 x 183
4126 5698 x 409
2858 8047 x 1355
485 955 y 131
2723 8365 x 1469
78 3521 a 925
1579 8385 a 1762
3926 7341 b 878
527 4492 a 1054
6016 8828 a 719
2863 8182 x 1348
4597 7358 x 707
1438 6661 x 1332
939 7141 b 1589
5233 8165 a 755
568 3889 x 848
6493 9148 x 682
4365 6425 b 527
1297 2224 b 238
3284 7920 b 1175
6962 9972 a 768
7554 8563 y 274
2047 7307 y 1338
7348 8519 y 306
2532 3127 x 157
2971 3888 b 245
1076 3032 y 543
847 6113 b 1347
4494 8460 x 1019
2316 3662 y 349
5403 9128 a 961
2723 5925 b 808
2137 2476 x 99
92 3062 b 761
250 2339 y 538
315 5930 x 1423
1193 1619 y 115
7745 9475 y 460
2892 3361 b 125
79 167 y 25
1600 7235 b 1439
2875 8028 b 1304
1557 7127 b 1426
749 6723 a 1510
1959 9512 x 1961
3398 8073 y 1230
865 2119 a 322
36 2534 x 638
5714 7782 b 535
8034 8351 b 96
479 7103 b 1690
1245 2250 b 269
3825 5003 y 307
1198 7318 b 1561
2053 4778 x 714
1841 6750 x 1270
1473 7996 x 1677
4132 7932 y 968
1032 4604 y 953
988 9877 y 2320
738 4988 y 1117
5836 9551 y 940
871 7813 y 1812
5896 9103 y 828
1499 3505 b 532
5686 7765 b 527
356 7344 a 1819
5342 6129 a 220
4563 6268 x 442
5416 6866 x 368
8118 8609 b 136
908 8555 a 1935
6532 8837 a 601
7210 9725 b 637
1748 2970 b 323
7628 9888 x 582
3200 7101 a 988
3871 8207 b 1097
494 9582 b 2311
6470 9349 y 745
170 3122 x 765
3256 4841 a 411
4506 7577 y 817
1545 3464 b 494
6646 9074 b 650
1926 2486 a 158
546 9311 x 2255
7599 7848 x 67
217 6975 b 1711
1364 7398 x 1522
4742 8115 b 866
4538 9190 a 1202
4672 8183 x 896
5633 7930 y 598
5049 6990 y 515
3167 6038 y 756
2254 4773 y 636
1618 3692 x 532
15 9859 a 2533
26 8654 a 2224
1970 9236 b 1869
6487 7523 y 271
2977 4451 b 372
6816 9171 b 616
2188 5015 a 719
898 5314 y 1124
3782 4612 b 242
450 6216 y 1468
1906 5631 x 944
4419 8547 b 1075
4319 9330 b 1283
3768 5610 x 505
5813 6191 x 98
4163 5578 x 372
275 1297 x 267
859 2976 a 563
4665 9586 b 1253
3766 4904 y 294
3700 6867 y 830
509 6827 y 1639
2586 7985 y 1379
1604 6747 b 1334
4249 6414 y 572
1394 9444 b 2038
3010 3978 y 252
5778 8373 x 665
3578 7677 y 1077
372 6464 y 1570
2198 3688 a 381
1145 7508 y 1652
5112 7899 y 735
4983 9698 x 1212
3039 3246 a 61
3596 4922 y 357
1083 4054 a 765
3146 9400 b 1585
7817 8028 a 58
2606 3793 a 318
2342 2651 b 85
703 4615 x 995
1450 8171 x 1720
7084 9719 a 697
5630 9794 a 1081
1555 2792 y 341
2863 6755 b 1005
2795 3833 x 278
991 7845 a 1802
1841 6284 a 1126
1459 4306 x 751
7527 9229 b 442
809 7216 x 1679
3286 4607 x 337
4728 9715 a 1307
353 2371 b 516
5709 8241 a 659
4970 7216 a 597
5745 7445 x 438
3696 7238 a 927
904 1969 b 272
173 5069 x 1243
4300 7822 x 918
4176 7992 a 968
4144 6172 b 530
5844 7721 y 486
3530 4158 y 175
5790 7427 y 423
2175 5269 y 851
4009 8639 a 1223
1414 6533 a 1343
4795 9305 x 1167
1390 2988 y 424
493 8805 x 2144
742 8541 a 2013
2478 9090 a 1721
1373 4347 a 770
7590 7805 a 61
4437 6219 a 487
3385 4102 a 201
128 884 y 208
310 9093 a 2245
2647 8503 a 1498
5223 8477 b 831
1581 7186 a 1432
1936 3218 x 341
5791 9003 a 829
64 1744 b 431
7557 7601 a 13
1828 7945 x 1568
303 3319 x 801
5937 9392 a 885
1469 4015 y 677
2769 9429 b 1711
3801 9559 b 1470
7263 8454 a 339
738 3265 y 644
5792 6160 y 97
3064 3295 a 63
866 5462 b 1184
995 1900 a 245
348 6441 b 1554
1487 8322 y 1747
7789 7845 a 17
6849 8028 x 308
3125 4110 x 259
1347 4023 a 700
6451 7863 x 376
233 687 a 117
475 2826 y 667
3964 4716 a 198
97 3433 a 884
2380 6813 b 1121
1801 2708 a 262
1901 5168 a 848
3343 6958 b 911
3755 8104 a 1107
5953 7149 a 316
852 6393 b 1419
843 5017 b 1087
1805 3128 y 372
2535 8281 y 1468
1365 8360 y 1781
1478 6891 y 1392
3567 9343 x 1496
8650 9596 x 249
3849 6982 x 798
6597 9099 x 649
2248 9325 y 1848
3661 8903 y 1329
1627 7580 y 1556
2183 3819 a 440
2867 9250 y 1607
561 6488 a 1524
4806 8553 y 957
64 1282 x 333
879 6465 x 1454
7862 8439 y 161
502 4849 x 1134
4057 7650 x 929
4091 4408 b 86
1968 2178 a 56
2343 3486 b 309
5141 8725 b 911
5153 7455 x 597
4374 4614 a 80
985 2556 x 412
6600 6845 b 65
8343 9329 y 258
3640 9878 y 1589
5233 7416 a 565
5570 7907 a 600
1191 6277 x 1341
7308 8369 a 277
1940 7959 x 1587
1562 5477 y 987
967 7754 b 1712
160 1020 y 227
2806 6747 y 1019
1227 4556 y 842
897 6684 a 1477
4175 8702 x 1140
3545 6137 b 665
7306 8820 y 398
1899 4583 b 687
8556 9682 b 297
5680 9912 b 1088
3377 9004 b 1440
4006 4757 x 204
833 6453 x 1413
1756 3069 x 343
3425 4232 x 210
1153 8878 b 1974
6171 9034 y 733
8416 8470 x 18
6876 6893 y 8
2039 8495 y 1644
397 1540 y 300
5418 9574 x 1062
126 1753 y 425
1176 7097 y 1522
1542 1718 y 49
201 4728 y 1166
5654 5722 a 21
6639 8505 y 491
2146 9695 y 1933
5459 9942 y 1150
7085 8082 a 255
3756 9739 y 1528
1689 3496 x 471
923 5566 b 1174
5783 8799 x 772
5354 5849 b 143
2948 6274 a 844
1179 5309 x 1045
1261 2950 x 431
4059 5423 b 353
8 6873 a 1745
2557 4225 a 443
3737 8280 y 1158
1355 4992 x 938
1964 3234 a 339
1668 4941 x 841
1304 4257 a 775
7074 8806 a 464
3620 4454 a 214
7534 7782 y 71
1744 7266 a 1405
414 8480 a 2043
225 1183 x 254
434 841 a 112
387 1463 b 279
3979 7385 b 866
5027 9727 b 1190
3780 4217 y 114
2684 4250 a 412
6069 9853 x 959
1260 9210 a 2023
436 8443 a 2027
6119 9954 b 980
126 6973 y 1743
3357 7312 a 1030
4312 7029 b 696
1559 8397 x 1724
2323 8142 b 1481
2796 3932 b 301
3943 4034 x 25
1113 4009 y 743
4449 7735 y 841
3456 4399 a 257
978 9563 a 2216
76 5818 b 1448
3253 5517 a 596
4502 7570 a 782
1970 5453 x 893
660 3017 a 599
446 2694 b 565
3235 8759 b 1431
266 5313 x 1293
202 7389 b 1820
2045 7969 b 1525
2754 5232 a 654
4286 4905 a 165
1062 6195 a 1294
1397 3538 x 540
5660 9023 y 875
6609 6807 a 57
7656 8193 y 147
1334 4608 b 844
6520 7928 y 370
6054 6915 a 225
4985 8944 a 1003
5282 5616 a 91
1051 8288 b 1837
7092 7330 b 64
2634 6182 b 900
3518 6967 x 890
867 2786 y 499
6146 7225 b 289
3513 5862 b 610
7171 7762 b 162
602 5958 x 1356
1674 2349 a 175
6063 9967 y 1031
648 5062 b 1148
3454 8384 y 1263
1287 6149 b 1251
7591 7840 y 69
4087 5738 b 455
7120 9779 b 675
4329 9204 b 1289
3898 9130 x 1372
2100 4360 y 577
5082 9327 x 1114
1556 2442 b 250
4289 9975 x 1503
64 6000 a 1508
1742 6921 b 1319
859 3998 x 837
4573 8462 b 1046
3338 3513 b 47
3825 5636 b 495
1073 9552 x 2176
592 7272 y 1729
5931 6394 x 125
2808 6414 y 947
2211 4084 y 497
76 6052 y 1585
542 4271 a 1003
440 6058 b 1505
6540 9970 b 884
1924 3392 x 391
1912 4357 a 626
896 9687 x 2245
4291 8667 a 1126
5980 9527 x 921
2455 2961 b 147
6180 7891 b 453
46 522 x 136
7616 7836 x 63
3551 3572 y 11
7247 7777 y 143
3008 4453 x 382
143 5695 x 1447
4414 5431 x 272
485 6827 x 1611
5925 9242 b 855
3359 9911 a 1656
1123 8492 b 1884
669 6764 x 1536
147 3224 x 809
2961 4474 a 402
2753 9056 b 1629
6910 8107 y 317
1897 8636 y 1760
5750 9437 a 977
1679 2528 y 227
1483 2943 x 375
6561 7090 y 142
5969 9496 x 929
4703 8445 x 979
994 4754 b 977
5321 8768 b 905
3858 6756 y 744
4609 5056 x 125
5493 7547 y 528
22 7247 x 1852
750 8079 y 1876
5478 6208 a 202
4535 6594 a 542
1983 5481 b 927
535 7866 b 1851
6706 8450 a 447
3781 5136 x 353
1420 2937 a 391
3747 4722 b 268
2022 8690 y 1686
2104 3544 x 370
5216 9413 a 1065
4724 9365 a 1194
5324 8457 a 801
2434 3310 b 250
1313 3767 y 653
5403 6990 b 424
1949 7865 y 1482
5050 9178 y 1042
1530 2645 y 303
1370 6849 y 1441
812 7985 y 1882
229 3713 y 922
534 8146 a 1968
3617 5547 a 518
2586 7792 b 1351
8896 9023 x 39
4031 7975 x 1015
5223 8365 x 813
9340 9963 y 165
5954 6636 x 176
3058 8121 x 1309
1374 2025 a 175
7706 7815 b 30
1513 6531 y 1305
6694 9018 y 593
1705 7483 a 1474
1956 6794 x 1257
3600 9506 b 1499
2467 2708 x 70
756 6889 x 1574
2358 4999 y 693
1089 6494 b 1415
1262 8618 b 1884
4175 7657 b 895
8306 9620 a 352
1698 5479 y 973
7726 8933 b 308
3273 5936 y 709
2012 4194 x 565
2238 6808 b 1195
3347 8974 x 1447
9136 9535 a 108
2047 4565 x 667
8806 9297 y 134
633 1994 b 358
4675 6410 a 451
8571 9127 y 155
3792 9881 x 1556
2574 4325 y 458
1748 9653 a 1998
1647 3619 x 521
1558 9503 x 2023
21 8759 x 2248
4282 6549 y 589
890 8064 y 1841
5625 8559 b 742
1145 1181 y 13
5849 7139 b 338
4996 9485 b 1180
7906 9133 b 321
3384 5981 b 673
5954 6062 a 29
2487 7602 b 1310
2218 8639 b 1651
8160 9626 x 399
1569 5013 a 878
7582 8853 x 337
6128 7837 y 441
1128 7952 b 1726
3173 4574 b 355
148 2313 y 561
296 6109 y 1469
2653 5063 a 623
8915 9793 a 237
36 3566 a 894
379 9990 a 2437
6735 6798 a 21
3087 5982 b 755
4283 7573 y 837
72 2538 y 631
4449 7539 b 784
5302 5991 a 186
9546 9669 x 35
5702 8116 b 631
482 2098 a 417
910 3596 b 703
5457 9156 b 958
4056 4316 x 77
1312 5375 x 1063
2124 5246 y 839
3277 7384 y 1094
476 478 a 1
6066 7582 x 387
535 4448 a 1018
70 6495 a 1649
5833 7664 y 470
2915 9120 a 1594
7951 9264 a 359
7777 7847 y 22
2508 5006 b 670
3849 8396 a 1193
579 2961 a 616
1584 4582 x 764
2070 4557 x 639
6562 7441 x 240
1545 3013 a 398
4413 7276 a 757
2956 3147 y 55
2466 7266 y 1236
4336 7071 b 719
5056 8457 y 868
825 7301 y 1645
5629 8906 x 851
200 445 a 68
4895 8955 y 1049
5796 7741 y 504
1323 1409 x 24
6405 8991 y 671
3878 7628 b 963
2179 8460 x 1601
231 7125 x 1752
684 9110 y 2160
2011 7415 a 1382
1697 7610 a 1518
3400 4947 x 398
3291 5589 x 584
3915 4024 y 35
4718 8804 x 1048
461 1912 b 393
2001 8087 x 1539
4058 8153 y 1035
6271 6653 a 101
6658 9765 a 821
1867 8560 b 1694
314 545 x 62
7105 9554 b 633
2915 3156 a 73
1634 7128 a 1426
2640 8441 y 1470
5173 5367 a 56
6397 8057 x 430
4854 5941 b 291
4669 5077 a 111
2802 5377 a 667
4351 7331 b 773
1429 9055 a 1927
3005 8145 y 1327
179 7016 y 1736
459 5499 a 1282
2844 4173 b 359
221 3256 b 811
1404 3785 b 640
6659 6706 x 15
8726 9140 y 119
4314 6014 b 438
89 1484 y 379
9382 9810 a 110
5118 9201 a 1039
240 8949 a 2236
4893 9759 a 1245
21 8602 a 2177
4356 5714 b 357
4714 9059 a 1100
8438 9238 b 224
3958 7869 b 1007
1269 9848 a 2183
1847 8485 a 1713
4335 8456 b 1065
1855 3925 b 561
3775 4842 b 286
2505 3249 b 208
146 5227 b 1343
2644 7717 b 1303
7167 8636 b 388
943 2919 x 530
56 6024 y 1514
456 3652 y 806
2055 3556 y 387
4678 7171 y 650
3850 5035 a 316
2979 8763 y 1484
1708 4005 y 585
1907 7014 y 1295
3091 9510 y 1622
1586 6071 y 1131
988 9697 b 2215
8698 9591 x 237
3060 5375 a 588
1390 9497 b 2070
6752 7181 a 113
3256 3790 a 140
1221 4434 x 839
3273 7759 x 1160
4288 8735 x 1137
5984 7861 y 480
6864 8557 y 439
2330 9902 a 1917
468 647 y 47
9685 9704 x 6
322 5129 a 1245
9320 9458 b 40
8466 9503 a 286
1193 4512 y 841
166 4655 x 1143
1422 4751 a 847
6203 6426 y 61
3297 5935 y 671
3968 4687 a 186
62 6660 y 1671
4841 5852 a 264
6199 8097 b 493
4361 5350 b 253
3309 3347 x 12
5527 6151 x 166
1346 3881 x 659
1632 4832 y 818
2372 7154 b 1205
567 1990 a 367
3867 8263 a 1119
1809 4432 y 664
8298 9852 b 421
5964 9890 x 1041
1019 9797 x 2228
1924 6921 y 1261
242 7665 y 1885
7022 8807 x 472
715 4923 y 1061
5407 6610 x 306
629 3444 x 720
4652 7961 a 839
3168 5435 b 584
986 4476 a 898
1958 6028 y 1046
6515 6608 x 27
4140 8764 a 1181
1423 8073 b 1702
836 8373 b 1934
3140 4986 y 480
2325 6105 a 985
2213 5199 b 774
3061 4149 x 303
2224 9489 x 1866
3449 4717 y 337
75 3891 a 981
119 7566 a 1919
3749 4723 x 246
6602 8763 a 556
5040 7011 a 511
968 6231 a 1347
41 7839 x 1985
732 8865 x 2079
126 4101 x 1035
1847 4303 x 652
3926 6446 a 646
884 8959 a 2051
8220 9904 a 474
4776 9156 a 1140
1506 5488 x 1019
746 5650 x 1233
3270 9804 y 1685
257 3231 x 756
2189 7013 a 1239
3949 8267 b 1114
1678 6645 x 1270
2016 8933 a 1763
2690 3820 b 302
2160 8950 y 1714
2754 8306 b 1468
246 4299 a 1028
1791 7147 y 1380
2285 6458 y 1090
2323 7542 a 1352
2005 7281 b 1360
1300 8538 b 1847
8635 9573 y 248
1786 9742 a 2016
4788 7177 x 624
1283 3682 x 627
6323 8375 b 534
4020 8182 a 1072
5116 6259 a 320
3472 7568 a 1053
1549 6873 y 1374
2133 5178 y 789
2550 3203 y 184
262 3679 y 894
5914 8847 x 753
461 9380 a 2270
5040 7342 b 594
1633 7737 a 1550
4205 9558 x 1402
2760 6776 y 1032
6119 9410 b 837
7339 9290 a 495
3441 7747 a 1094
1223 4672 x 898
3222 3681 x 128
1072 4407 x 852
3543 9922 x 1612
5088 5179 x 30
516 3002 b 642
4085 8592 x 1198
9220 9863 y 195
1673 5730 y 1082
6811 9964 a 801
2164 7472 y 1382
1265 2765 y 392
2346 9974 b 1947
3514 4663 b 333
4628 6809 y 560
2396 9196 x 1770
6922 8070 a 308
3847 5206 x 364
895 9835 b 2306
475 9445 b 2317
3527 7519 x 1037
1620 7461 b 1563
3248 8087 b 1284
4646 7067 x 628
3413 5114 b 477
7677 8820 a 309
2522 2540 a 7
6281 8660 a 605
4872 7786 a 758
800 9010 b 2093
4516 9610 x 1292
5802 6344 x 148
4216 6592 a 626
425 800 x 98
1354 6241 a 1281
22 4886 a 1264
4372 8427 x 1050
3625 9378 x 1503
1024 4566 b 924
868 7006 b 1566
2586 8825 y 1619
1450 1684 a 62
6158 8915 a 726
3366 3485 y 38
2834 9481 x 1723
4227 8034 x 1019
3507 9891 x 1692
4541 5429 x 240
1989 7429 x 1442
2238 7736 x 1437
2614 3496 b 239
518 8876 y 2147
3353 5964 b 703
242 8959 b 2240
4048 6100 b 560
5269 6470 x 309
2700 4832 b 590
4493 7636 x 800
3898 5520 x 452
5572 9338 y 998
2343 5390 x 799
2855 5490 x 722
2665 9018 y 1642
5736 8275 y 698
1188 3474 x 586
850 2520 x 439
4172 9390 y 1351
202 9691 y 2413
1665 5571 x 1012
5711 9116 a 899
3882 9152 a 1418
1579 6328 a 1260
2156 4360 x 581
8109 8306 y 57
1163 5691 x 1196
2236 9651 b 1950
7199 9218 b 532
1555 5271 b 1006
4214 6681 b 635
3962 5275 b 378
2754 3447 y 189
808 7054 b 1627
721 1984 y 338
1790 8022 a 1649
2372 5390 b 770
117 5092 b 1290
206 9852 a 2437
468 4526 b 1034
2314 7109 x 1226
313 1618 b 346
6366 8106 b 446
2550 5105 a 656
6604 7948 x 344
1139 9411 a 2105
2892 9360 x 1647
1917 3872 a 524
326 5786 x 1399
4584 4829 y 67
4245 8273 a 1064
2644 5380 a 725
6428 9300 y 743
2585 3659 a 280
635 1347 x 190
5350 6287 x 246
1595 4805 a 869
1590 8307 a 1707
6073 6137 y 19
5096 7848 x 713
2033 2204 b 61
724 8262 b 1911
7482 9532 b 545
3316 4069 x 204
2650 7012 x 1114
5788 8805 b 784
841 9793 b 2262
1889 4492 x 687
219 6689 b 1647
3423 9419 y 1516
7979 8290 a 85
6762 9643 b 742
3640 6957 y 844
6723 8718 b 521
1964 8029 a 1532
4135 7875 y 958
6778 9946 y 809
2462 2843 y 103
6133 8212 a 544
1221 9951 b 2233
6260 9151 x 754
839 4423 b 912
1079 1587 b 132
1077 5486 a 1133
3618 6306 a 693
3585 7238 a 937
25 4008 x 1007
504 5881 y 1364
3135 8866 y 1460
1016 6549 a 1396
3932 6995 b 790
7379 8650 a 338
2579 9743 x 1869
3772 5178 x 376
7361 7804 a 120
6931 9985 x 807
523 5210 x 1202
6539 7255 y 195
6423 8341 y 491
4833 7227 b 613
2918 9237 b 1610
1447 8861 b 1888
2422 8547 b 1564
4654 8699 x 1040
4066 9079 x 1302
2375 7669 x 1342
429 6592 x 1597
6891 7544 b 177
3313 4772 y 384
3094 3773 a 184
5233 6856 x 422
4345 7056 y 725
3695 8870 y 1352
1737 5244 y 903
2394 4499 y 540
1963 2150 a 65
3754 9338 a 1418
6 6918 y 1746
2325 4858 a 662
166 6974 b 1744
5422 5708 a 76
7835 9426 y 430
5273 6772 y 395
2031 7332 x 1372
2036 7544 x 1434
1352 3500 x 551
3089 4916 a 476
4228 6603 b 652
437 6183 b 1479
90 5833 b 1481
3699 8554 b 1291
8519 9178 a 176
2773 9680 x 1753
4515 8980 b 1139
3606 6631 b 810
610 3800 a 854
2644 4296 b 436
3883 7355 b 899
5628 9201 a 921
1971 9968 a 2036
5848 7278 b 385
1023 2109 a 303
1111 2712 a 453
1160 7754 b 1674
1379 2885 b 436
6372 7523 a 304
2148 8313 b 1571
2046 9981 b 2018
1944 5816 b 999
45 4719 b 1207
1015 8953 b 2050
7208 7804 x 163
6262 7814 a 410
6470 8388 a 504
1622 7633 x 1586
6604 9716 a 797
2 4293 x 1102
715 3750 y 789
1866 5276 y 878
6951 8298 x 353
2311 8191 y 1495
2416 4142 x 442
2565 3023 y 133
208 4489 y 1099
2443 9120 x 1707
817 4088 a 856
622 9331 a 2236
3523 5494 x 502
162 6035 a 1514
2886 7808 b 1246
4998 8143 x 802
8428 9876 y 388
1299 5138 y 987
608 3962 y 888
5240 7418 a 555
5617 7036 y 379
244 9635 b 2424
3103 3265 a 45
2065 2922 b 230
4276 5359 y 286
1917 7919 y 1571
3629 8880 b 1335
1190 6237 a 1322
611 2173 x 412
9012 9559 b 154
695 4432 a 987
1347 3360 a 520
902 8396 a 1946
4845 6455 a 422
6693 6957 b 73
3578 7659 a 1086
4389 5767 x 359
9476 9847 x 103
2652 3744 b 278
4939 5303 b 101
6233 8781 x 649
323 4412 a 1039
4005 7641 x 942
279 329 a 18
3813 5180 y 383
611 6814 a 1602
770 2077 y 341
2466 2817 a 90
394 9584 x 2361
780 6652 a 1510
3868 5313 a 400
1220 9713 b 2154
6234 9825 b 918
2513 8579 y 1541
5535 5691 a 45
1880 4959 a 791
1528 3016 x 412
3505 9623 a 1555
2704 6194 b 908
1300 2330 y 282
6898 9050 a 558
5508 9200 a 944
387 9673 a 2358
6151 7002 b 226
3241 8679 x 1399
5943 7294 x 356
4957 5653 a 197
4271 7342 b 786
925 6212 b 1346
2710 8383 b 1445
473 3348 x 738
149 7076 a 1766
1 7235 a 1841
7455 7690 x 64
4361 6627 y 585
1673 7089 y 1362
2031 5350 y 859
6715 8605 y 504
4745 5381 a 175
2036 2457 x 119
1123 8652 b 1890
1260 1483 b 62
7697 8911 y 343
2003 4236 y 565
7813 7880 b 26
2149 8751 b 1667
2282 9173 b 1737
6778 8323 y 401
3749 9562 x 1494
6284 9150 y 732
9581 9993 b 107
4307 7389 y 801
1534 4864 a 853
229 2485 x 582
3206 4494 b 332
3482 9210 y 1462
1790 4772 y 767
2609 4730 b 547
6858 9396 b 646
207 7400 b 1841
4217 9772 b 1440
5864 9335 x 896
2456 6266 x 972
4270 5231 x 250
9185 9691 x 134
4191 8956 a 1223
5755 6790 y 284
2819 4703 a 492
4454 9252 a 1253
93 3920 b 969
1432 4269 b 760
851 5406 b 1199
6358 8694 b 593
7276 7290 b 6
7438 8861 b 385
5960 8075 a 547
394 4632 a 1098
1392 9928 b 2167
3698 9769 a 1551
3655 3679 y 10
6992 8806 a 463
886 9135 a 2129
3337 6946 a 926
5981 6437 a 128
41 8876 y 2229
4440 5563 x 290
1098 7234 a 1549
634 9268 a 2190
183 8334 a 2076
2987 5447 x 642
4748 5691 x 254
1131 1407 b 78
5960 8123 b 547
2306 7840 y 1450
1752 5965 y 1108
4563 9233 b 1200
7684 8176 a 134
5510 9051 b 914
6529 9209 a 672
867 1352 x 132
6657 7003 a 103
3310 4885 b 416
8329 9925 x 414
1558 2685 y 306
4277 7189 a 742
1551 4303 x 712
2810 6803 b 1027
4630 6221 b 406
765 9080 x 2125
7012 7710 a 185
649 8691 y 2063
2250 8886 a 1669
246 5127 b 1283
1753 3598 b 484
1820 2972 b 305
1179 9807 x 2226
5154 9289 y 1077
3004 4855 x 490
2292 4968 x 706
1497 3756 b 590
4324 5824 x 385
761 3375 x 685
2284 4408 x 559
1525 5695 y 1048
3220 6948 b 944
7101 9119 b 527
87 9927 b 2498
1555 7733 a 1564
4637 5342 x 188
6709 9822 x 787
5110 6963 b 470
2090 9399 b 1883
8977 8996 x 7
3655 9906 b 1571
5096 5793 b 182
44 6603 b 1694
3762 5983 b 564
5093 8839 y 943
2547 4984 y 641
4362 5576 b 314
1185 9868 y 2196
7468 8303 a 226
7012 8370 b 349
3767 4139 y 104
1429 3613 y 578
3293 9256 x 1516
1833 2326 a 133
2093 7671 x 1415
1303 8068 x 1700
3163 5163 b 516
691 2988 y 586
4307 8640 y 1097
2441 5812 b 871
186 5279 x 1326
1685 8403 b 1709
1910 5279 b 856
2937 3935 x 270
5727 7095 y 358
1615 4804 y 817
2210 4919 a 689
2118 4150 y 519
6108 8026 a 502
3298 7664 x 1116
4626 8833 a 1085
2355 9589 b 1844
3787 4619 b 221
859 4601 a 948
1855 3560 y 456
3141 3839 x 193
3615 9483 a 1494
5471 7592 x 562
2681 2796 x 33
848 8026 b 1811
7569 8869 b 344
1327 2807 x 398
176 8405 y 2069
3196 9830 x 1686
7345 8624 y 342
1923 4552 x 680
1799 2650 y 235
2589 6253 x 931
5940 7774 a 481
3089 4622 x 396
1252 6287 y 1302
4190 9646 a 1387
383 1154 b 203
941 7945 b 1796
1223 8786 x 1962
1001 9465 x 2183
5778 6159 b 99
4411 6771 y 627
730 8861 y 2079
3520 4383 a 222
1844 4292 x 645
480 5279 x 1240
639 3137 x 678
2238 9058 a 1732
4946 5504 a 146
582 1587 x 262
201 6963 x 1722
1455 8211 x 1749
1231 8727 x 1965
199 8458 x 2133
8440 9860 y 373
3932 9482 x 1397
4955 6356 b 365
6664 7492 x 216
6080 6206 a 37
3963 9059 a 1306
2796 8384 y 1420
8476 8536 b 24
2188 9548 b 1872
440 3021 a 661
835 3210 a 601
1871 8382 y 1652
6947 9597 y 701
3829 9846 y 1528
936 6233 y 1343
1944 6889 a 1256
677 1378 b 188
891 5866 y 1267
3168 6634 b 893
7328 9673 y 622
557 3556 y 767
3364 5072 x 437
2429 8389 x 1542
1623 3912 x 594
4910 9973 y 1298
404 5846 b 1371
1304 9669 a 2128
2525 9753 y 1846
1880 8796 y 1781
3087 9269 a 1606
139 984 a 218
1180 5380 y 1110
325 8163 x 2008
4282 8627 a 1126
4822 5463 a 165
1793 6003 y 1138
1923 3877 a 545
7064 7834 b 204
4785 9980 x 1355
319 1714 x 361
6799 9482 x 732
763 2642 y 490
2240 9479 x 1885
7952 9170 a 352
7705 8834 a 317
6467 7849 b 356
2338 4026 a 458
3240 8405 y 1317
7785 8295 x 132
1286 2433 a 308
6497 9811 y 855
6455 9701 y 843
1440 7054 a 1450
2764 7451 a 1216
4912 6051 x 295
3517 9684 y 1566
567 9494 b 2263
4291 9752 a 1390
635 3166 b 641
1482 5733 a 1120
4678 6073 b 357
8289 9913 x 444
7985 9057 b 290
4566 6601 b 521
2588 9822 x 1832
1176 4536 a 860
7675 7738 b 21
6409 8350 b 492
1064 5432 b 1128
1621 5791 b 1087
676 8272 b 1943
3594 8098 y 1143
4320 7503 y 805
36 1627 y 406
4208 5927 x 450
1030 3351 b 593
700 3250 b 662
7217 8055 a 222
7047 9782 b 742
7022 8459 x 369
5418 7534 x 544
912 4067 a 794
3904 4126 x 60
851 8800 y 2004
5610 8038 a 625
301 9951 y 2487
5466 6446 y 248
181 6105 a 1563
7091 7192 b 32
3888 6371 a 642
2103 7191 a 1304
1607 4418 a 738
3845 6888 a 777
3469 4153 a 191
517 7380 a 1754
3110 5307 a 586
1429 5882 b 1138
4832 5405 b 148
2949 7260 b 1108
9665 9735 y 20
1625 2671 y 285
810 1394 a 162
1898 8719 b 1736
4355 5924 y 397
3931 5525 y 412
5628 7214 a 435
7535 8159 a 160
2764 2998 x 63
459 527 b 25
897 8206 b 1887
573 3258 x 685
5165 7173 a 510
30 4940 x 1271
3610 9286 x 1451
2330 6779 b 1141
3469 9328 x 1506
3699 3863 y 52
1879 9184 b 1848
2254 3839 y 420
7628 9527 y 510
671 2349 a 437
321 3512 x 833
1147 2824 b 428
7391 7551 x 48
2273 9401 x 1811
3275 7603 a 1093
2005 6820 a 1235
3558 6655 b 785
5267 9063 a 968
6674 7222 x 150
321 583 y 75
3923 6369 b 625
247 3387 a 816
930 9186 a 2098
6046 8380 y 601
361 8709 a 2114
7849 7954 a 31
6548 8948 x 617
4398 4991 y 155
3690 9956 b 1617
4335 8138 b 963
4490 6659 y 548
3788 9021 a 1333
403 5868 x 1389
1193 5778 x 1161
6096 6752 a 170
2504 6701 y 1085
1421 2940 y 389
1972 8393 a 1633
360 587 x 68
6930 7316 y 109
4315 5357 b 266
6046 8508 a 660
6587 8336 b 454
5415 7796 y 633
7878 9010 x 313
1220 3280 b 521
2077 3407 a 345
4035 5198 a 303
7828 9111 b 356
536 9609 b 2293
1883 7971 a 1543
4451 8688 a 1088
3458 9246 a 1479
4497 9923 a 1398
6144 6555 b 115
3156 3681 b 145
5376 9916 x 1184
2730 2910 a 50
1405 5586 b 1078
4923 8704 a 970
2130 8237 b 1536
5929 9919 b 1023
7298 9535 b 568
6562 6955 a 111
3280 6815 b 909
697 5172 a 1139
2501 5637 y 822
5872 8748 x 750
877 4544 a 941
740 7983 x 1820
822 6374 y 1404
2119 3903 y 471
3165 5225 y 534
100 2375 x 606
4476 7791 y 876
944 9937 y 2293
5696 7535 a 471
3907 5633 a 455
3809 6240 x 649
250 7162 y 1770
8533 8747 b 67
3524 5340 y 473
5492 6408 b 237
6548 8226 b 424
7206 7726 x 144
3747 9266 x 1410
5640 7938 b 577
868 8922 x 2082
136 6106 b 1539
444 5834 b 1383
1833 7493 x 1440
1817 3235 a 390
66 3874 a 998
4569 7536 y 794
984 2630 a 437
4003 5248 y 323
1704 5747 b 1051
4849 8815 b 1066
855 9720 y 2274
2895 5077 y 572
1010 8171 y 1858
5265 8446 a 848
2680 3313 a 180
8838 9556 a 191
1072 8474 x 1904
4454 5606 b 297
3814 4925 a 291
3273 7892 b 1192
6320 6851 a 151
2337 3551 a 321
2246 8969 b 1744
356 6237 y 1501
2723 9333 x 1672
6719 9314 x 670
179 4013 b 977
6913 7788 b 229
1084 7004 x 1506
3795 8688 a 1249
2019 4653 b 676
3079 3795 b 195
6404 7491 a 293
1663 6379 y 1199
6405 9627 a 862
3563 7572 b 1033
261 1860 a 419
2685 4571 a 520
602 3794 a 851
3261 3745 a 136
9100 9214 b 33
8664 9616 b 262
7505 9717 b 579
1386 5563 a 1096
6543 7649 x 284
4785 5900 a 294
2934 5253 a 617
450 885 x 116
1573 5751 x 1084
2238 7442 b 1353
4061 6377 x 610
4672 4748 b 23
192 6362 a 1602
4238 4483 b 74
3427 5807 x 623
9089 9360 a 72
3442 9460 x 1559
6675 9734 y 778
2477 8303 y 1520
3803 3873 b 22
1590 1641 b 16
2286 6893 a 1189
3834 4952 y 297
37 7742 a 1989
2675 5492 a 726
3023 3913 a 235
5838 6254 y 115
2436 8724 b 1594
5719 7095 b 359
2012 7985 y 1544
6056 8577 y 652
5051 5382 x 92
1386 6815 y 1388
2795 7228 y 1133
531 3986 y 872
3939 9014 b 1295
5008 5751 b 194
5269 7205 a 498
6937 7973 b 288
265 4106 y 1010
8470 8957 y 134
4003 5333 x 344
5332 8215 a 742
1156 2331 b 305
1576 1701 x 36
872 1332 b 126
5530 5614 a 25
6786 7982 x 312
733 1041 x 87
4907 5076 x 50
5639 5835 a 54
1907 7901 x 1565
4411 6786 b 625
2073 7747 a 1428
615 4948 a 1106
5391 7363 b 512
375 724 y 92
4866 8783 b 1018
2656 8166 x 1412
18 6917 b 1752
8579 8959 x 108
614 8818 b 2097
3024 9125 x 1625
8010 8580 x 168
6890 7746 y 238
4547 9589 y 1382
2689 8140 y 1417
7559 9218 y 477
5749 7711 b 536
3828 8467 a 1190
774 6722 b 1525
2486 8391 a 1504
3001 3875 a 245
510 8516 b 2044
100 7843 b 1989
6374 8327 a 506
6720 8091 x 361
4255 9079 b 1232
6748 6949 b 56
3451 4300 a 227
548 9639 b 2340
4239 7343 b 819
3550 5896 a 616
497 7427 b 1786
7001 7431 a 122
511 6172 a 1478
6103 8790 x 686
4678 5846 a 317
27 8010 a 2068
819 9409 a 2231
3277 9022 a 1483
7751 9613 x 492
1965 2872 a 232
47 8737 x 2223
3023 5508 a 632
3344 4889 x 392
7227 9980 y 722
936 1230 x 82
3886 7282 x 879
2292 4433 b 557
1464 5979 x 1148
4823 5193 a 95
1031 8596 b 1927
654 7246 y 1700
5819 8346 y 651
6162 8206 y 527
2522 9516 a 1796
3108 4383 a 335
2153 7032 a 1262
48 5315 a 1355
1243 2999 a 449
3961 8888 x 1269
3040 3512 a 123
4861 6324 y 406
4028 9003 b 1269
2085 7011 y 1273
5280 7959 a 691
1443 4264 x 727
5600 8722 y 787
3574 4638 y 292
6433 9995 y 918
5397 8723 b 862
2225 4328 b 555
5099 6087 b 260
609 8992 a 2148
205 6080 b 1516
1773 7065 b 1378
4 3249 a 841
5656 6569 b 254
3693 6700 b 781
346 9423 b 2297
1348 2972 b 414
5766 9933 y 1058
3307 7326 x 1039
460 3708 x 856
3375 9076 y 1451
1760 5463 a 960
1791 7192 a 1403
6899 7285 b 102
738 9927 b 2329
939 6267 x 1375
841 1137 y 82
4347 6485 a 557
992 1170 x 50
6600 6814 b 62
5572 9429 a 994
3300 5092 x 489
7811 9427 y 421
3111 5223 y 568
2228 8413 y 1601
3162 4051 y 240
7774 8933 y 323
4055 5726 b 445
7846 8749 b 250
4991 5632 b 175
3777 9172 b 1399
1303 7996 b 1728
1045 1181 a 42
3536 5233 a 449
626 9121 b 2185
1044 3640 y 678
2094 6675 b 1179
1786 2220 y 127
2368 6200 b 994
3579 7819 x 1099
3106 7147 y 1046
3296 7898 a 1184
3447 8712 y 1347
6312 9128 x 725
1003 4424 x 874
2083 9320 x 1847
2228 3478 x 322
8067 8488 b 110
4539 6481 a 507
1504 6914 y 1396
566 5123 x 1174
8141 8867 b 189
5692 6431 a 191
7363 8034 y 183
6918 7321 x 111
1505 6424 a 1303
72 5947 a 1511
3333 8689 b 1372
7686 8955 y 334
976 3690 a 706
2359 7380 b 1315
766 4320 b 910
1024 9893 y 2290
251 8386 a 2095
4634 7456 a 727
4065 6807 a 713
866 1640 x 200
3667 8084 x 1143
1434 2653 b 318
5072 7638 y 671
971 6360 x 1377
970 6358 a 1357
6359 7973 y 409
4882 7544 b 680
3909 5336 y 373
4839 5238 y 107
4719 6407 y 431
2502 8430 x 1508
1846 7815 b 1509
5804 6617 b 221
1145 7979 x 1767
2860 9539 y 1701
1463 2982 x 399
3059 5814 y 720
1855 1923 y 23
4942 6376 a 371
6375 6669 b 78
726 7011 b 1592
2631 6679 b 1047
859 6185 b 1349
6032 8810 y 731
2234 5572 b 861
6353 7716 b 359
6187 6909 y 193
3343 6701 b 868
4148 5025 a 230
8767 9556 x 209
1771 7876 b 1566
6343 9548 a 819
1064 4521 x 875
1590 4451 y 731
8558 9390 x 219
5792 8783 b 760
3048 4685 b 431
7730 8152 b 115
3229 7661 a 1137
1252 4634 b 902
355 3373 b 787
6614 7895 a 332
1807 9849 b 2076
7025 7233 a 55
5341 8195 y 745
92 7030 y 1813
1218 3122 y 517
1540 6987 y 1432
4554 5962 y 378
3824 4710 y 234
3615 9647 y 1529
4390 9494 a 1299
1863 3875 x 510
3655 5212 x 408
1726 5311 x 926
6917 8467 b 407
679 9776 y 2320
3876 6036 a 556
5971 9622 b 942
2253 9676 y 1897
1619 8438 a 1724
5144 5844 a 189
2985 7978 b 1314
4140 8033 x 1017
1291 9609 b 2108
1772 4693 b 739
4792 7648 x 764
3458 7143 x 960
2990 8710 b 1465
1652 8399 y 1714
2783 9343 a 1668
474 5544 x 1312
7391 7900 x 135
110 7446 b 1914
5382 6393 a 267
4813 6660 b 479
2018 4052 a 525
4370 6842 b 635
1655 5133 b 902
4724 7065 x 609
4293 8296 y 1036
6759 6950 b 54
41 6775 y 1716
3425 3819 b 108
262 2116 y 488
3516 7647 b 1058
445 2056 y 418
6461 6575 y 39
1666 7031 a 1371
4941 8742 b 973
5205 7407 b 566
5616 7452 b 467
7648 7922 y 75
7445 7526 y 26
5139 6281 y 293
5425 8303 y 740
967 4210 b 838
2310 7803 x 1408
3255 8313 y 1300
908 9275 y 2153
2532 7336 x 1240
4048 5361 a 342
3350 8899 y 1438
5016 5217 y 58
5143 5251 b 30
15 4782 a 1223
3595 4798 y 317
128 8776 y 2215
5911 6864 a 258
3308 8643 b 1381
777 1183 y 114
1613 2241 y 177
3054 7084 a 1024
6019 8920 a 746
7240 9017 x 468
2476 7687 x 1328
2996 4049 y 267
5777 9075 x 852
1037 2393 x 351
2218 7186 x 1268
3584 8042 x 1150
1300 2146 a 220
4044 5804 b 454
1637 4456 a 725
1308 6877 a 1433
8012 9133 a 295
718 8357 b 1979
1015 9853 b 2262
2663 5320 x 685
1393 7465 y 1563
2655 3288 y 177
1377 4402 y 777
8532 9468 x 248
2494 3542 y 272
3435 6960 b 910
3550 4403 a 224
4345 6598 b 604
2904 4520 a 421
1393 8141 b 1738
5893 6552 x 195
305 3669 x 858
6214 8316 x 556
710 3495 y 701
6066 7460 y 357
1193 2023 a 217
2180 7276 b 1294
3596 7432 b 980
4277 8486 a 1076
3714 5583 x 486
4936 9589 a 1199
697 1447 b 196
6531 7777 x 327
191 3657 x 888
1408 2799 x 358
2647 7188 x 1150
7631 8579 a 265
658 9065 a 2121
496 5180 y 1181
1112 3065 y 499
2723 3934 x 307
3497 9249 a 1471
4931 5226 x 81
422 5035 y 1167
1125 7473 a 1610
461 7712 x 1836
2158 3933 a 461
2414 6169 y 947
6634 7326 x 195
1477 7835 y 1609
7416 9968 b 655
1889 5166 a 831
2921 9977 x 1769
9865 9903 a 11
3126 9373 a 1591
5247 6341 y 295
890 4238 b 858
2448 6294 y 983
860 4976 b 1078
3798 9861 a 1543
5578 6835 y 344
3232 8839 b 1430
3324 3689 y 105
246 4888 x 1191
8994 9334 y 92
1061 5125 y 1062
20 5044 b 1298
2208 8880 y 1701
6739 7322 b 156
606 915 b 88
523 7028 a 1638
893 6806 a 1511
2185 5377 x 840
1534 3504 y 515
2524 9214 x 1689
2898 6525 b 931
15 3244 a 851
3576 9779 x 1591
3979 9511 x 1422
7756 9567 y 478
1245 6212 x 1247
5138 7695 b 651
5352 5612 a 75
711 5679 a 1270
2855 4314 a 368
3933 7697 x 966
1741 6423 y 1174
7930 8694 a 204
2235 5033 b 718
2425 6628 x 1089
3715 6862 x 822
2278 5238 x 759
7247 9405 a 560
9191 9277 a 24
633 5334 b 1225
8256 8829 y 155
97 8934 b 2260
8453 9364 x 244
6970 9715 x 704
3520 3974 x 120
5887 8443 a 649
3526 5760 x 595
3820 5502 x 451
3866 9440 x 1421
126 851 x 207
4494 9985 x 1392
1249 2382 a 311
6936 9772 y 724
4604 5131 b 141
2448 8935 b 1676
5076 5113 a 13
4595 8476 y 1006
2142 8737 b 1672
7805 8515 y 185
8595 9166 a 157
6535 9991 x 903
7943 8592 a 172
5632 9067 x 880
982 1043 y 22
2555 5158 a 667
3693 7319 a 925
6694 7521 a 221
2094 3881 y 474
1935 7066 y 1309
2027 9723 a 1955
5243 6325 y 282
5505 6948 b 373
4774 8225 b 885
1243 6172 x 1258
6930 8015 y 283
6417 8680 b 576
567 4721 a 1074
7575 9736 y 558
2733 6134 a 878
3047 9341 b 1615
3696 5258 b 406
652 9612 b 2277
2285 3191 b 246
3596 9049 b 1386
849 3430 x 665
149 5711 b 1405
1205 6778 b 1419
5323 9363 b 1036
4547 4982 y 119
1919 5096 x 833
5097 7835 b 699
6380 8937 y 647
1950 5997 x 1058
2921 6179 x 852
3861 4766 b 244
4431 7245 x 730
3465 4395 b 266
1263 9974 a 2191
6434 9871 a 872
1701 7177 a 1403
1331 9736 a 2156
1146 8192 a 1803
2917 8668 b 1458
3557 5096 x 411
3182 6900 y 984
994 6255 y 1356
2446 9535 b 1820
3290 8603 b 1356
3594 3706 a 33
2787 3303 a 134
372 2596 y 591
7332 7947 b 162
4606 5932 x 346
4660 5413 b 195
1343 8897 x 1907
3344 8503 x 1319
1126 9016 a 2017
2422 4499 a 532
991 7666 a 1714
5036 5745 b 183
7812 9909 y 545
6292 8889 x 670
5964 6540 x 158
6156 7026 x 229
2758 5854 a 811
5193 8213 x 790
2224 8325 x 1571
2699 6631 x 1006
2652 3078 x 111
4449 4479 a 12
6572 6676 a 30
5839 7715 a 485
7609 8888 b 332
6611 7711 b 292
5599 6798 b 311
1350 4063 y 721
659 6947 y 1638
5435 5480 a 12
4237 7664 x 898
3944 6700 x 710
2672 3736 y 284
2098 2247 b 46
334 9814 a 2425
4188 9469 b 1350
1386 6257 a 1250
176 7420 y 1836
7127 7769 b 173
967 4315 b 850
1986 3906 y 506
5900 6327 b 111
383 4390 b 1044
3809 9377 y 1408
2659 4226 a 419
2914 8041 b 1336
220 4724 x 1187
5324 5522 a 62
3629 4487 x 231
276 9138 y 2267
2444 2461 b 7
5056 8218 b 821
4830 8352 x 908
1676 5032 a 855
2351 4204 x 482
5056 9156 y 1069
4177 5015 b 218
242 9573 y 2379
5983 7726 y 448
1434 6509 a 1283
9573 9939 x 104
3683 4765 y 294
7804 8723 y 244
5539 9339 y 980
4324 9853 x 1428
1790 6127 b 1097
2131 4250 y 554
7111 7154 y 14
5884 6743 y 230
2255 6627 y 1107
2375 5938 a 906
2352 7975 b 1431
6917 9142 b 582
4706 6230 x 408
1316 9176 a 1998
3838 6143 y 581
8213 9115 a 242
1368 9051 b 1990
507 3956 a 878
1820 9196 x 1910
1834 5474 a 933
1875 7773 y 1495
2201 8347 y 1561
4113 5163 x 280
5875 9287 y 898
5739 8036 a 613
3772 9090 a 1367
3996 4031 b 17
780 6812 b 1536
1301 8672 a 1862
5489 7701 a 581
1441 6930 b 1395
561 7408 a 1732
7790 7932 b 40
3145 9589 x 1622
4498 8918 b 1129
2704 3514 b 217
1770 8873 b 1808
5483 5765 b 76
3286 7551 b 1092
372 4588 y 1089
5302 7360 x 551
1531 2392 b 231
437 7170 a 1725
5624 7529 x 506
600 5496 y 1233
7155 8463 a 337
2277 4228 y 495
3470 5456 y 518
5366 7599 y 596
2064 3623 b 401
5884 8472 y 678
96 5964 a 1488
1861 2916 y 275
2304 4003 x 432
5366 7954 a 679
1493 7548 b 1544
3238 6416 x 804
6774 7144 b 102
4798 5275 y 133
3347 5107 b 466
785 3134 b 618
528 6456 y 1499
2404 7178 x 1221
510 4476 a 1004
1383 4166 b 710
1428 1754 x 95
1239 1858 y 167
5640 9550 y 1005
3923 5818 y 491
4089 8673 y 1186
7036 8715 x 424
1212 2384 b 303
660 8197 x 1935
5676 8740 y 821
627 9155 y 2194
575 736 x 45
1948 2496 b 144
2934 8398 y 1417
504 9768 y 2369
2075 3723 y 421
1650 2154 b 134
4004 5006 a 257
2287 8920 y 1713
7220 9970 y 717
1068 1293 x 67
6595 9838 y 859
7921 9416 y 401
909 5352 b 1122
1189 6748 x 1404
4060 4977 y 236
3108 8577 y 1396
2643 3811 x 302
4300 5097 y 208
3429 6993 a 908
3883 9790 a 1529
3941 9940 b 1536
5749 6349 a 165
2754 2931 a 53
733 9662 x 2263
2445 7042 a 1185
2022 8037 x 1523
2528 9480 x 1769
5899 7675 x 462
7284 8771 a 386
3227 6739 b 901
1338 2190 x 231
5761 7120 b 364
5650 9362 b 949
6288 6308 b 7
3962 6788 y 716
1039 5077 x 1028
4507 6363 y 489
4787 8120 b 861
3085 4565 a 375
4866 9676 x 1233
141 5203 a 1282
3727 7504 x 982
3208 3329 b 36
1586 8144 x 1679
4092 8329 x 1098
2546 5338 x 707
3031 5751 x 696
2430 6925 x 1146
3160 3896 x 192
4934 7840 y 755
2888 2936 b 16
4443 7151 a 701
4098 7372 y 831
6512 7163 a 169
942 4179 y 832
4873 7578 a 709
8186 8897 x 187
7522 8417 x 238
6203 9040 x 733
7291 9287 x 519
1750 9231 y 1892
2127 7058 y 1261
6270 8777 x 657
6159 6859 b 185
3998 6523 x 660
1634 5094 x 883
882 6506 y 1433
5781 9252 y 898
3264 6779 a 913
1368 3582 a 572
7774 9463 x 438
3362 7802 b 1134
8447 9854 a 366
3261 4327 b 280
894 9925 x 2279
2732 3528 x 228
5668 6243 y 157
200 2899 b 690
5625 9005 b 874
1080 3728 y 674
3313 3714 b 105
3970 6929 a 760
2528 7718 y 1329
2104 8823 y 1691
2395 7443 y 1289
0 3450 x 881
3662 4815 a 304
924 9807 x 2255
3386 5028 a 433
1379 4434 a 775
5938 7153 b 334
701 9994 b 2364
5120 5203 x 25
8325 9250 y 260
4975 8664 a 955
1387 6793 a 1366
3593 8444 a 1248
1718 9068 b 1851
865 920 b 18
98 9707 a 2443
9318 9587 x 77
5868 7639 x 456
787 3456 b 711
7493 7562 a 23
4394 8035 a 927
357 8762 x 2124
8601 9310 y 192
1978 8932 b 1805
4453 8882 x 1132
1682 6621 x 1262
790 7271 a 1662
3128 7341 a 1095
7387 7821 x 117
1442 8958 a 1924
4038 5886 a 480
1036 2733 a 467
5625 6068 y 119
4366 7443 x 800
615 1256 y 183
185 6730 b 1674
5 8257 b 2087
5874 6903 y 262
7103 9570 a 640
3237 9246 x 1543
2048 9079 x 1785
620 5173 y 1184
4506 6478 b 512
7939 8166 x 62
3768 6405 x 684
3783 6007 x 574
1518 3624 y 544
4528 4577 b 16
2797 8950 b 1566
2246 7507 a 1331
1968 8999 b 1782
2778 7774 b 1253
5189 5231 x 13
3823 4498 y 177
4143 6295 y 550
3062 8128 x 1280
6539 8352 x 470
5450 8668 y 825
70 4187 b 1045
3731 8173 b 1120
149 957 y 214
2057 9156 b 1800
3335 5259 y 492
3795 5005 b 328
5004 9471 y 1127
1280 2609 y 345
671 9308 b 2183
6936 9800 a 724
8887 9253 y 99
396 777 y 108
7025 8602 a 401
9197 9753 b 150
8815 8970 b 54
1000 5715 a 1200
1146 2392 a 337
4917 9575 x 1174
1644 4888 b 829
3999 6905 a 764
1300 5206 b 998
5297 9094 a 975
962 9169 b 2073
4144 5314 y 302
797 5665 b 1260
2487 6014 b 908
2842 6776 b 1018
1168 5444 y 1092
2683 5853 y 811
3592 4257 a 185
6793 7418 a 168
3181 3443 y 70
7065 7331 a 73
473 8368 b 2006
8077 8267 x 56
785 9193 b 2136
5572 9523 a 1011
2575 8316 b 1457
3543 9395 x 1479
2843 6044 y 830
2745 5894 y 821
116 6442 y 1638
3182 8407 y 1322
4920 9462 x 1169
3690 6322 y 685
4753 9647 y 1245
1212 9303 y 2078
5533 6813 a 340
1667 3986 b 611
2575 5697 a 828
8157 9620 a 383
1845 9601 a 1987
4673 6024 a 373
1283 4077 a 715
1380 8095 a 1710
3312 9027 a 1472
2681 6599 a 994
5530 7557 a 517
2733 8982 a 1620
435 9508 a 2302
864 5807 y 1265
2359 4085 y 452
5234 7150 y 497
7161 8359 b 313
371 5332 a 1298
3176 7316 y 1058
3299 5932 a 684
850 7021 a 1595
2082 4700 a 676
7018 7719 b 178
416 2613 a 567
9195 9532 a 88
695 9046 x 2147
3573 9315 y 1453
5800 8184 y 635
4959 7052 a 569
7726 9201 y 393
2650 9399 b 1741
1428 2493 a 286
4019 8782 x 1250
3768 5847 b 536
889 7526 a 1694
1656 2913 b 337
281 9604 a 2381
995 8076 y 1818
1178 9335 y 2117
1731 9950 y 2104
82 3687 a 929
5834 9821 y 1049
776 7997 a 1833
2941 8726 b 1487
6787 7561 b 211
5273 5572 x 84
5198 6447 x 325
6878 7121 x 68
3174 8003 a 1226
1427 9286 y 1984
5393 9903 b 1157
8125 8254 x 36
6114 9205 x 805
4625 8980 y 1119
7378 8991 y 420
3813 4280 a 127
6254 7663 x 366
1339 1497 y 46
7304 8138 a 220
4348 5189 x 225
1417 5849 x 1154
782 5091 x 1111
1251 3509 x 593
2843 8524 y 1444
1048 3041 a 512
2950 9530 y 1689
262 5019 a 1207
4728 7878 b 806
2663 9091 y 1644
6603 9931 y 871
7376 8456 x 278
4502 5825 b 352
1233 4378 a 820
4194 7893 a 932
1149 8366 x 1843
3388 9209 y 1486
1391 4232 a 729
1777 8476 x 1705
2325 6301 y 1010
653 7619 x 1790
1989 3251 y 326
7707 9086 b 371
62 6031 b 1522
4084 6174 b 543
4254 9511 x 1349
815 7690 x 1757
7535 8796 x 330
1347 9226 a 2000
6411 8151 a 483
2668 2839 a 48
99 6450 a 1633
3867 5159 b 346
736 3771 x 803
1127 8601 x 1932
5270 5803 x 141
6603 7323 b 207
308 8995 y 2234
7892 9635 a 450
7231 9439 y 588
339 6107 b 1470
900 5671 b 1238
5991 9126 b 830
3247 3485 y 67
2304 6891 y 1194
4801 7776 b 799
7830 8105 y 70
5941 8348 x 646
7175 9713 x 667
7224 9121 x 499
2066 5513 b 890
815 6663 b 1484
2010 4710 b 705
6715 8001 y 366
2547 5786 b 852
2631 2991 x 95
2548 9356 x 1743
6528 7825 a 347
4010 6066 y 523
3366 6161 a 715
5716 7332 a 419
2114 6624 y 1161
1155 5520 y 1112
4590 8709 a 1054
1688 9953 y 2083
2830 3864 y 289
3160 4315 x 314
3279 6879 a 908
4878 9336 x 1136
1429 8003 x 1677
5961 7397 b 375
2758 6073 x 882
5940 8914 b 779
2658 6955 y 1089
4863 8808 y 1024
894 1530 y 172
3639 9360 y 1455
3794 8748 a 1291
1346 8867 a 1922
608 9392 a 2223
2263 2650 a 102
4153 8441 a 1131
316 8897 a 2195
258 5190 y 1245
1947 7910 a 1531
6886 7367 x 128
3979 5427 b 387
6901 8398 a 394
3523 3863 y 91
411 5400 y 1289
1309 8847 a 1922
3697 4325 a 170
4559 6893 a 603
1540 8022 a 1656
4713 7763 x 794
542 7622 b 1815
3776 6250 b 651
1369 7788 x 1620
4109 4970 x 226
1474 5919 y 1131
1863 9447 a 1941
2518 4959 a 633
2930 3108 y 47
1178 7419 a 1593
3941 8883 a 1285
252 5207 x 1273
5171 9655 b 1150
5861 7287 b 365
6311 6871 x 150
7754 9165 b 360
53 8129 b 2050
762 8028 y 1856
7528 8070 x 150
3473 3928 a 119
3357 3916 a 150
6043 9752 y 945
5576 8048 x 633
7242 9206 a 515
9534 9708 a 50
6581 9545 y 749
4311 9414 x 1294
2290 4083 x 462
3066 4578 x 386
1164 7278 a 1555
2395 3552 y 298
6402 9141 y 708
1917 2798 b 230
4890 5796 a 236
3924 5069 x 290
362 7116 y 1693
1072 1150 y 24
4102 6471 a 601
2522 7697 b 1318
1611 7957 b 1626
2221 3810 b 406
7467 8049 b 152
6105 7992 y 501
2989 7725 a 1233
6292 6417 a 35
2005 6060 a 1031
3300 8850 a 1429
2164 3970 x 470
5166 7116 x 514
584 3006 y 624
9184 9771 y 165
8838 8934 y 34
3511 4151 x 173
1868 7310 a 1400
2357 9111 a 1732
4289 8835 a 1182
5223 8947 a 968
2399 4413 b 529
1002 8176 a 1852
6349 7112 a 214
6554 8614 a 554
6456 9321 a 762
3985 4558 b 151
5994 7340 a 370
5638 9138 a 930
1076 7113 b 1552
6067 6874 x 224
8552 9608 b 274
1804 8335 x 1669
4757 5525 b 201
2414 2430 x 6
3961 5189 b 325
2810 4324 x 416
4406 8391 b 1038
9274 9844 x 153
3887 6936 a 805
1528 7756 b 1637
513 2230 y 468
84 4858 y 1286
447 721 y 85
1017 6231 b 1347
5241 7623 b 612
5082 7806 b 706
1331 8957 b 1970
6471 6571 y 36
719 8239 a 1916
5293 7209 a 531
2495 3724 y 324
3697 9456 a 1470
5920 6225 x 82
776 6604 x 1506
1314 1495 b 52
113 7129 b 1811
845 4636 x 954
5017 8727 b 974
3613 6223 x 690
266 7921 b 1933
3529 7337 x 998
6653 7975 x 350
2289 8339 x 1580
3570 7657 a 1055
1 4009 y 1007
8891 9930 b 271
2017 7248 a 1356
1671 7208 a 1434
3188 8950 a 1508
87 3471 b 860
3951 6500 y 660
1430 8513 x 1808
6888 8310 a 376
3183 7218 y 1036
10 1178 x 302
5754 6297 a 155
1845 8517 a 1744
6644 9381 a 700
579 8804 a 2113
1992 9589 a 1959
7034 7577 a 146
131 6811 y 1729
700 1720 y 285
5601 7005 b 379
2056 5720 b 957
2135 7560 x 1387
536 5147 x 1204
4990 9029 a 1030
1284 4445 b 801
6101 6819 a 203
164 5144 a 1279
269 7263 x 1793
226 8791 b 2172
1187 2745 a 399
9136 9797 x 180
8680 9425 a 198
347 8152 x 1993
3980 4258 a 92
832 2834 y 526
4047 9339 b 1347
1697 3366 y 449
2813 6186 a 900
3971 7261 b 847
4772 9958 y 1337
1310 2211 x 231
5188 8960 y 982
3449 9029 x 1427
4092 9837 a 1485
2634 3314 b 176
4246 9556 a 1362
5011 6405 x 361
8138 9914 a 450
7424 9719 x 590
2817 6619 x 960
3348 6506 b 841
5630 9125 x 904
4982 5261 y 75
5140 9728 a 1189
5236 6042 x 214
7874 9625 a 460
95 5873 b 1497
2879 4796 b 515
6532 8357 x 486
6163 9621 x 921
4113 5312 b 328
233 8712 b 2196
4426 6945 x 654
1359 7253 b 1506
1909 5683 y 963
966 3127 x 574
1313 9111 y 1994
272 6934 b 1702
832 5684 b 1235
4407 9956 y 1421
990 7551 x 1650
8437 8746 b 82
1739 8977 y 1828
4549 7019 a 672
4946 5761 a 220
1309 1829 y 140
3388 4883 a 395
6244 8062 x 476
2456 4336 x 487
477 5798 x 1366
7407 7989 y 159
6883 8437 b 414
436 6590 y 1582
5131 6453 a 349
5405 9333 b 1029
1283 1731 y 127
1956 7789 x 1514
2559 6117 b 915
4866 6269 y 370
3035 9106 y 1560
1936 2218 b 78
2034 8172 a 1581
1574 5595 y 1040
2487 8634 a 1571
449 8496 x 2029
136 1106 x 253
5132 5959 x 228
7627 8650 a 286
3694 4586 x 248
938 8533 a 1926
2486 8196 a 1534
2581 4638 a 561
187 490 b 87
2367 3415 a 274
3809 4189 x 106
2933 8224 b 1399
5449 6578 y 302
1818 6749 y 1272
1471 3752 a 579
491 2733 a 590
3177 9593 b 1648
5922 9482 b 918
2659 5240 y 653
1051 1452 a 107
267 3787 y 909
5348 6504 a 299
5890 8918 y 783
74 9841 b 2459
8079 8760 y 180
7049 8921 a 481
6592 6745 b 42
1004 6601 b 1437
631 6829 b 1591
126 2605 a 663
3246 4365 a 301
5854 8964 x 809
2166 2842 x 190
2238 9800 y 1963
4371 8827 a 1158
2660 4907 x 579
1481 4067 a 678
8731 9311 x 160
481 5290 b 1226
3795 4244 a 121
812 3296 a 642
973 6627 b 1479
6261 8371 y 550
3490 4067 x 160
54 747 a 187
284 5738 y 1389
4410 8088 a 958
5778 9204 a 889
5423 6329 a 230
491 4004 x 890
2575 4110 y 403
1123 4731 x 932
5192 6292 b 284
1248 9026 x 1968
1012 5718 x 1212
4457 6162 y 445
2317 6960 a 1200
6037 9814 a 957
2559 8890 x 1624
5904 9997 a 1038
5623 6401 x 207
4680 9466 x 1223
1334 9640 x 2101
1597 8229 x 1696
926 3930 b 762
1499 2810 x 334
3800 5472 b 458
7608 8142 y 150
1450 5273 y 993
652 4155 y 891
212 1998 y 465
254 2353 y 546
6755 7145 y 107
350 3987 y 937
3424 3868 x 116
30 9795 x 2476
4045 4966 a 254
3321 7647 y 1115
6246 9091 b 738
5598 8975 b 870
3460 5937 x 650
2402 8225 a 1535
3578 8570 b 1307
98 947 b 228
7179 8993 b 475
3962 9594 y 1482
2286 6481 y 1071
1561 9180 a 2005
5857 7284 a 381
1670 7205 a 1463
2829 2911 b 26
7344 9459 a 560
1337 7794 x 1656
7294 7844 x 151
3230 6983 y 971
2799 5298 y 654
3510 9770 a 1618
4356 6631 a 601
3558 8864 a 1384
2564 3652 x 285
4947 6734 x 485
8269 9047 a 199
3715 4193 b 136
2216 2390 a 47
7045 9360 b 593
772 4584 y 996
225 6759 x 1642
551 8031 a 1883
5190 6440 b 338
1255 9818 a 2156
1488 5839 x 1117
1545 6677 x 1326
251 5440 x 1321
3044 9892 y 1763
900 5280 y 1112
1307 2248 x 241
3380 6895 y 906
666 4704 y 1068
223 732 a 141
4734 8354 a 926
496 4146 b 932
342 1648 a 342
4342 8950 x 1182
4316 5234 y 242
151 9599 b 2392
2076 8975 x 1747
3767 7795 x 1021
1384 7377 a 1515
4021 5704 a 435
2594 8513 a 1497
6283 8136 y 474
3538 5336 y 457
4229 8961 a 1204
4241 8414 x 1077
1778 3807 y 540
9246 9888 y 173
5868 6948 y 290
2156 7237 a 1320
563 4399 b 1022
4147 7658 b 888
9314 9468 y 43
588 850 a 70
6643 8114 a 376
4596 9288 y 1188
6995 9704 b 709
2839 5034 y 564
280 1888 a 440
3340 4605 b 328
4415 8159 a 976
7066 7789 a 202
377 8341 b 2076
3179 4575 b 369
3851 3858 a 3
3139 7466 b 1120
4671 6148 b 389
576 7777 y 1825
6077 9088 x 770
542 4052 a 907
492 5147 x 1187
6731 8917 a 569
1126 2927 a 473
4178 9299 b 1297
1644 7117 b 1379
6873 8969 b 542
1360 8767 b 1898
4994 5799 y 216
979 9804 x 2255
5278 7933 y 714
1095 2405 y 336
4596 9407 y 1227
6966 9922 x 766
2325 5337 a 791
5682 6015 a 99
7341 9458 b 565
4111 5041 b 245
2203 7015 b 1231
2128 3825 y 439
6820 8947 a 561
2073 9341 a 1880
64 75 a 5
2847 3851 x 264
328 6856 x 1676
1978 5763 x 974
4053 5820 b 474
5209 8964 x 976
8007 8562 x 151
384 3863 a 884
4864 6283 x 363
8086 8864 x 209
8746 9187 a 120
5079 7684 x 678
3725 8472 x 1235
6982 7332 b 94
2227 6283 x 1048
1007 1721 y 186
733 5779 y 1282
2779 3529 b 189
5651 5898 x 68
4643 5970 y 342
3071 8769 a 1479
4361 6142 b 465
971 1232 b 69
505 1262 y 200
2880 5072 a 592
4445 6435 x 520
2307 3691 y 375
2287 7350 y 1275
1937 5667 a 954
3429 8655 x 1347
3841 4359 a 151
271 5655 b 1377
3946 4396 a 134
6896 9882 x 785
2263 9003 x 1716
7550 8930 x 363
5410 7992 x 677
2295 4066 a 496
6913 9179 a 605
919 3721 a 738
339 1242 a 247
1473 9137 y 1964
273 7656 y 1912
4530 4917 b 111
3845 8161 y 1120
2958 3291 a 90
1498 6909 y 1397
1339 7588 y 1623
4018 8579 x 1170
3673 9088 x 1406
3615 6792 x 814
2362 7818 a 1407
453 1725 a 338
761 9901 y 2370
1843 5691 x 975
2437 8962 b 1655
356 8476 b 2082
507 9120 b 2189
6903 7860 y 254
885 9579 x 2196
2415 8942 x 1664
6960 9426 y 647
7441 8384 x 245
6532 8620 a 537
613 6446 b 1517
6492 8987 a 640
3165 3368 b 59
3330 4478 x 299
3878 8146 b 1093
1340 4826 b 910
4231 7767 b 907
1544 5440 b 1023
2252 4512 x 597
1423 8512 x 1812
619 4307 x 981
6191 6997 a 214
850 1852 x 273
9186 9510 a 89
3937 7132 b 823
6399 7939 b 413
8675 8873 y 57
7629 9061 b 366
2271 3637 b 352
235 6316 x 1542
2617 4348 y 445
585 6949 y 1620
1628 7448 a 1508
4497 7459 a 769
1554 8038 a 1678
946 3742 a 714
1717 6629 a 1267
4774 6012 a 323
272 1999 x 453
2031 5068 x 780
1800 3417 x 424
1285 2826 y 394
2395 6426 a 1046
336 9587 y 2340
3159 8561 a 1399
4017 4557 a 149
6365 8733 b 623
3581 7799 b 1098
7944 9537 x 405
1482 1956 y 124
6069 9408 b 838
1208 8361 a 1822
2213 8684 y 1645
2970 7756 b 1240
1971 9537 b 1935
6157 7275 y 289
3695 8468 x 1241
2296 3855 y 422
1273 2214 y 253
4547 4659 a 29
2378 7061 a 1225
1375 7757 a 1676
6856 9325 x 631
1148 9558 a 2223
2590 3541 b 259
7951 7982 b 11
3835 7368 a 909
3252 9623 y 1669
3855 4887 b 268
4339 6481 y 578
2439 9823 y 1953
3697 6076 y 642
6329 8766 b 639
5042 9704 a 1235
985 1061 x 21
4331 7849 x 885
8813 9597 y 229
1947 4476 b 677
3970 4875 b 237
1657 3690 y 526
2648 3133 b 132
8269 8794 x 147
1920 8479 a 1665
1733 7613 a 1504
9524 9708 a 49
4141 7268 b 830
3039 9057 b 1551
347 621 y 76
5361 9506 y 1055
4490 8346 y 980
941 5703 x 1218
2246 7012 a 1228
4404 7653 a 834
2438 4186 x 444
672 2645 b 511
1629 7494 b 1493
9009 9102 b 30
4412 8308 x 996
3455 4284 b 209
172 3594 b 905
3067 5223 a 563
2287 3033 x 197
6763 7463 a 196
4186 8581 x 1117
4791 9776 y 1263
2942 7703 y 1244
2422 8838 y 1659
1374 1710 b 98
7367 7606 b 63
9360 9892 x 142
1101 4564 y 892
7941 8642 b 196
7773 8759 x 269
3117 7768 a 1176
6637 6744 x 35
4516 9722 a 1339
3325 8651 a 1373
2859 5244 y 638
1149 6498 a 1370
1211 4543 y 852
7694 9079 b 384
1071 4327 y 827
1213 7573 a 1622
651 3163 x 645
4808 9819 y 1279
7565 9891 b 616
2325 3468 a 304
2359 8819 a 1649
1316 3237 b 522
5403 7868 x 637
6873 9652 b 732
1472 7165 b 1444
3269 6382 a 792
4172 7046 b 739
3833 9928 b 1577
116 906 a 217
7510 9323 x 471
32 526 b 133
1301 5063 y 988
4771 8044 b 853
2175 7295 b 1331
2291 4793 a 647
5171 7803 y 674
5266 6421 a 309
2976 4207 b 328
7444 9517 y 525
6505 7702 x 305
2418 8108 x 1467
2830 6218 x 887
4614 6624 x 532
6718 7445 b 185
5787 7668 x 479
5304 8958 y 970
6322 8629 y 607
1007 4012 x 774
7384 8143 y 203
3220 7357 x 1056
8381 9444 y 299
58 7229 y 1816
5667 7257 a 405
5609 9301 b 971
156 6195 a 1569
6155 9067 b 777
8260 8921 b 186
1197 4437 y 865
1102 2804 y 450
2138 9323 y 1856
32 4380 y 1123
2083 7179 y 1304
355 1329 b 252
5418 7465 y 546
1590 9925 y 2157
4755 5709 x 265
7213 7580 y 95
4252 9855 y 1450
1404 1470 y 23
5286 7550 a 594
4054 6284 a 583
476 626 x 46
2167 3411 a 337
5366 8513 b 804
4201 6089 x 499
8286 8464 y 56
2699 3811 a 296
23 351 a 83
891 4096 a 843
374 5856 a 1411
1498 1870 a 103
1319 9230 a 2017
2667 4605 x 506
6722 9941 x 825
7568 9992 x 623
3394 8752 x 1354
819 9062 x 2072
3412 8945 x 1398
2236 5167 x 786
2217 6370 b 1074
1470 9344 b 2032
3210 5727 b 638
538 2735 b 573
2091 5740 b 941
4120 9971 x 1499
5901 9072 y 812
819 7537 y 1752
2326 4576 a 611
1487 4512 a 797
1382 9079 a 1965
6262 7571 x 335
2592 7094 b 1157
8910 9265 a 97
1886 3929 y 537
4589 5644 x 272
4545 6299 x 450
42 4799 y 1213
3403 8654 a 1326
652 6067 a 1400
7937 9373 a 375
667 1333 b 192
1528 9366 b 1995
5285 9428 b 1063
5263 7369 y 552
3928 9456 y 1412
1237 6254 b 1284
6072 7179 b 294
3697 7950 b 1080
6428 6505 b 31
4155 8207 b 1029
3230 6827 x 929
307 943 x 173
5522 8709 x 804
2394 5022 x 680
686 8320 x 1959
6553 8582 b 523
3221 4622 x 376
6673 7328 a 167
7953 9088 b 297
5475 8381 b 752
4955 7935 b 777
5784 6257 x 127
4672 9443 b 1233
4466 4927 a 125
1553 4650 a 798
7083 8596 x 386
1441 8259 x 1733
1709 2596 b 230
3294 5968 x 694
380 7686 y 1858
8112 8509 a 107
1345 4674 y 889
90 6993 y 1772
1182 6819 y 1451
3475 9341 b 1481
1383 4206 y 725
522 1054 b 142
3196 7714 b 1149
4926 7278 b 607
3104 4759 a 449
477 7870 b 1885
1546 8725 b 1811
5342 5545 y 59
3148 6521 y 877
1741 8060 y 1610
3519 8445 y 1276
8244 8544 b 82
2515 4278 a 488
3052 8326 a 1355
1239 4679 x 925
2257 4563 x 625
1607 3305 x 462
3133 7488 y 1140
5107 5324 a 63
384 9134 y 2243
6713 8952 b 587
280 1195 y 237
1371 6377 y 1306
556 1367 x 211
6757 7949 y 331
5090 9156 y 1046
527 3683 x 836
3244 4958 x 442
1809 4311 y 662
4501 8996 y 1148
6732 7557 y 217
6221 8100 a 488
4128 5462 x 345
589 4577 b 1046
5731 8421 a 685
5581 8269 b 698
4788 6608 x 468
427 2172 b 455
2985 8976 y 1514
989 6509 b 1408
8338 8744 y 118
3320 4816 a 409
2071 2560 y 125
5520 6760 b 322
4728 9371 a 1212
999 4685 y 978
4542 8294 a 965
4686 7483 a 710
1357 7088 a 1483
4446 7074 x 674
9224 9300 x 24
630 9839 y 2329
2214 8509 a 1600
633 9772 y 2333
2303 4685 a 620
3555 6821 a 855
806 6407 a 1433
5801 6386 a 157
1807 8418 a 1706
5816 7541 a 451
1849 8467 a 1710
6261 7395 a 293
7455 9943 a 639
1330 4075 b 699
2053 7447 b 1391
6082 6355 x 76
6281 9166 x 734
6626 8403 b 469
1765 7702 b 1531
700 6902 x 1592
2585 7407 x 1224
4358 4935 y 146
736 2305 b 411
3379 8911 x 1404
7111 9892 a 740
3845 4356 a 141
5469 6349 b 251
2895 2940 a 13
7780 8614 x 230
4221 7533 y 880
8031 9868 b 474
4110 8524 a 1155
785 7433 b 1723
9201 9385 a 57
1369 8588 b 1879
5074 7677 b 720
275 8161 b 2024
4826 4861 b 13
236 8106 y 1991
8787 9816 a 267
2214 8388 y 1583
3509 5398 a 494
8253 8371 y 32
4413 4762 x 99
354 3169 x 735
3177 9040 x 1525
866 8179 x 1945
1922 2351 x 116
1570 6864 y 1395
693 1884 x 307
2007 3379 y 361
795 9764 y 2292
5811 9084 y 845
2004 3092 a 293
36 8301 y 2097
991 5944 x 1256
8012 9744 y 458
9474 9675 a 55
1675 9949 x 2105
839 1080 b 67
5386 8937 b 912
1622 5975 y 1096
733 6250 y 1397
6683 9921 x 848
3684 4349 b 178
359 5035 y 1182
6987 9950 y 783
112 7810 y 1956
4509 6775 b 589
2514 7685 x 1361
3006 6368 b 859
172 5901 a 1447
5306 9698 x 1144
1368 4120 x 701
179 7392 b 1870
3948 5741 a 464
1213 9480 y 2175
3221 8660 y 1458
4094 8436 y 1128
3748 3824 b 27
4267 4986 a 199
2669 3080 y 111
3249 4226 x 256
1061 6646 b 1426
3150 9226 x 1546
4661 8260 b 934
4651 6038 y 359
382 1834 x 392
1314 3236 y 508
945 4846 y 1041
2779 9677 b 1752
6315 8203 b 500
7009 9913 b 742
4373 5648 b 332
2416 9069 b 1730
735 7491 y 1726
5744 8387 a 696
410 2379 x 510
4471 8171 a 944
1493 9003 x 1909
3817 8382 a 1161
5759 7255 x 397
1558 2891 y 352
2513 6690 y 1081
2779 7749 y 1282
7762 9062 b 342
5155 5584 a 114
270 4316 y 1024
2469 2558 x 27
2398 8227 b 1482
928 8401 y 1901
402 8223 y 2001
1023 5823 y 1242
1627 5723 y 1058
584 3916 b 870
1180 5612 b 1142
5511 9019 y 906
5968 7469 y 393
2671 8025 y 1390
5032 6763 y 455
8636 8906 a 78
1577 6654 y 1300
893 5968 y 1283
6216 7563 y 359
1135 9633 y 2196
327 8342 y 2046
1038 6321 b 1330
4201 7872 y 962
1441 8151 y 1716
4696 8232 y 919
3286 5367 y 528
2636 8800 y 1561
4908 6983 y 544
5720 8635 b 771
7842 8325 b 130
2099 8277 b 1572
335 5615 y 1347
3058 7651 b 1188
2996 9707 b 1714
825 7546 y 1720
1471 1953 a 131
4348 5179 b 224
5816 8187 y 614
3788 4841 y 270
7459 8677 x 314
2049 6266 a 1082
3248 4521 a 329
629 8588 b 2004
4592 8258 y 934
2692 8358 a 1435
3710 9439 x 1447
2614 9489 x 1740
4077 9139 y 1287
2505 6786 b 1098
713 4351 b 934
4904 8578 y 946
2838 3592 a 201
6755 6890 x 44
197 5119 b 1249
2838 4014 y 312
366 1639 b 336
7469 7514 a 18
2723 7019 x 1108
2501 3077 b 161
3881 5896 x 538
2440 7190 y 1248
883 2999 x 548
2629 6875 y 1112
778 9867 a 2317
1820 3474 a 427
2242 2307 x 21
2039 3733 x 439
2305 9432 a 1863
4798 8360 b 944
1937 9074 b 1823
446 5316 a 1233
1627 9895 a 2103
3730 9868 b 1585
2015 2195 y 48
857 1213 b 94
4787 6904 b 564
4832 6434 b 438
8209 8601 b 110
2228 9506 b 1876
2410 8293 b 1531
1801 3104 a 339
3345 4725 a 355
3301 5045 b 446
3042 7023 a 1015
3823 7213 a 869
697 6197 y 1405
1008 2119 x 299
7311 7313 b 2
5143 6978 b 475
648 7560 a 1750
2496 6520 y 1036
2749 3060 y 91
364 8352 y 2030
870 6029 a 1368
1187 3080 a 526
4711 4887 a 49
4809 5602 x 207
3217 8330 y 1311
3272 3394 x 34
6183 9100 y 779
3664 5705 x 534
2918 6656 y 958
276 5095 x 1228
4785 7356 a 661
4993 9469 b 1179
929 9246 y 2171
7155 9894 x 716
508 962 x 119
7595 8749 a 306
2863 5325 x 643
5738 8880 a 822
5100 7999 a 756
181 7396 x 1823
3056 6723 y 960
5820 8674 b 741
1541 3738 x 562
7886 8152 x 73
1478 9429 b 2042
7183 9480 x 602
3187 6186 b 808
4086 7623 b 949
5825 6826 a 269
4367 5064 b 189
4092 7453 y 867
4247 8202 y 1004
1225 2266 y 269
7734 7824 y 30
207 4164 a 1005
527 1579 b 273
328 9756 y 2397
3067 8565 y 1405
1956 7515 y 1416
1197 8237 y 1828
868 6436 y 1433
4913 7174 y 591
6930 8607 a 423
129 6275 x 1543
2765 4528 x 460
2344 4889 a 662
5460 8288 b 737
3463 7620 b 1100
3085 4185 b 300
2116 8482 b 1648
82 6064 x 1551
8928 9103 b 47
2754 8158 b 1374
4002 7309 y 878
825 6419 y 1413
559 7238 y 1712
5752 6198 x 117
5536 7495 x 504
3521 8319 y 1224
7651 8260 a 158
1642 7404 b 1475
6297 9942 b 924
132 8551 a 2113
1100 3585 y 632
6927 7800 y 234
522 3168 y 676
1121 4194 y 812
5076 5337 b 76
3743 4857 x 289
5864 7961 b 546
9102 9157 y 18
1838 9528 b 1928
858 8104 a 1837
6968 8013 x 277
1701 2406 a 207
6050 7902 b 493
4187 7073 y 751
4420 9342 y 1252
5686 8428 y 712
5552 7959 x 622
787 7453 b 1722
2070 8607 b 1694
169 1667 a 399
1242 6937 y 1473
5358 6043 x 190
64 2236 a 559
8290 9874 y 411
152 5887 a 1466
5603 7259 b 448
1811 7623 y 1472
717 4882 y 1066
376 9040 y 2189
2604 8683 x 1526
1117 1785 b 186
6735 9765 y 788
5066 7884 x 727
2497 8687 y 1605
5398 7327 x 505
2106 7251 b 1330
6814 8894 y 539
1909 2917 a 273
2032 5661 a 954
980 9021 y 2070
144 9813 y 2473
2647 6015 b 875
5061 7913 y 745
4511 7257 a 709
5285 8629 x 858
2013 8200 y 1598
5542 7155 b 412
766 9253 a 2159
3319 8006 y 1209
180 5837 a 1474
5422 6293 b 232
583 4495 a 1047
3446 7755 y 1090
6665 6964 x 82
1521 9555 a 2069
2159 6779 a 1197
3150 9478 x 1617
511 3078 x 662
1589 4655 x 837
684 3030 y 640
1142 2850 b 464
4411 5606 b 319
4617 5086 b 124
138 5584 b 1425
8708 9644 b 247
4890 7789 x 745
1085 3873 x 755
3389 8363 x 1268
3632 8833 y 1318
189 336 b 42
7016 7356 b 92
7180 9677 x 637
2178 4127 y 498
6072 6712 a 173
4154 7570 y 877
1579 2342 a 199
728 9011 y 2101
7417 8606 b 307
5780 6850 a 285
2809 7934 a 1307
2314 5191 b 730
2856 4544 a 440
7001 7504 y 131
2743 3640 a 234
3041 9818 y 1719
1553 6852 y 1357
7259 7725 x 128
4693 9946 y 1349
5018 9464 y 1144
5049 5950 y 248
5467 8198 y 707
345 7462 y 1825
7450 8971 x 392
4115 8664 a 1157
3201 7167 x 1009
2986 8332 y 1364
3052 7612 a 1169
2053 8755 a 1696
232 4723 b 1133
789 7749 a 1764
3528 6003 b 629
1712 5967 y 1076
5762 7888 x 542
3074 5244 a 555
424 6889 b 1636
185 6212 y 1524
5028 9944 y 1280
3005 5755 y 700
8631 9028 b 108
6097 6125 y 12
347 3202 b 732
3288 9645 y 1604
1366 5369 y 1014
4334 5637 y 344
2853 7502 b 1192
4273 5633 x 346
6107 9295 b 810
4029 9482 x 1376
1976 9213 b 1846
4823 6084 x 335
5496 7380 a 481
3375 4214 b 226
404 3142 b 700
8565 9128 b 148
5368 8487 b 794
3537 7153 b 944
7443 8407 x 264
4133 8157 x 1062
2556 9649 x 1822
4707 6028 a 369
1857 3909 a 541
503 3908 b 896
8656 9745 a 279
8796 9407 b 157
1490 5841 b 1119
2755 4389 x 425
301 9188 y 2255
5209 5633 x 126
5430 9591 b 1096
4812 8132 b 865
6254 7924 x 443
4280 7139 a 766
3784 6024 a 598
659 4237 x 934
1062 5808 a 1212
3720 7939 a 1075
2268 5267 a 763
8250 8280 x 10
3424 9021 x 1430
4226 4623 a 106
2496 9356 x 1767
2478 4721 x 577
5304 6518 b 340
380 4707 x 1143
6088 9926 b 1001
5497 7753 a 597
2646 3148 x 129
2734 3145 y 111
2530 9355 x 1747
37 2000 x 524
2140 9568 y 1905
5192 9440 b 1122
2822 7025 x 1090
4860 9631 y 1239
1236 6165 y 1289
253 6649 b 1620
8611 8930 y 90
989 6248 y 1362
1220 7293 y 1561
4862 7319 x 649
7404 8284 x 233
878 1952 a 274
4405 6665 x 596
1625 6241 x 1183
2377 5648 a 838
8531 9974 a 367
1925 7219 y 1363
5695 5817 y 39
6319 9475 b 824
1481 8315 b 1744
1312 5371 x 1068
6510 8004 b 396
862 6474 b 1427
6132 8775 a 692
1128 7599 y 1667
502 5943 y 1398
751 3781 b 776
933 7138 y 1612
3867 7135 a 846
3201 8704 a 1432
8589 9932 x 354
582 3507 x 758
3504 8301 y 1229
3049 7039 x 1039
5561 8961 x 875
2362 8162 a 1500
3347 6642 a 861
3681 6518 a 744
5676 9852 a 1068
2157 6626 a 1153
1343 6316 b 1263
60 2606 b 653
2736 7415 b 1208
4510 9580 b 1295
9031 9816 x 201
3259 7182 x 998
422 4350 y 1002
3151 4054 a 232
3889 6105 b 591
261 9545 b 2369
729 7784 b 1798
7775 9462 b 433
192 8231 b 2062
1763 2817 x 276
738 1044 y 83
449 2683 a 578
6712 7186 b 132
4994 9813 x 1253
5373 8927 x 927
5303 7970 a 701
8309 9758 x 375
2917 6918 y 1036
284 6627 b 1628
5372 7927 a 663
3187 3807 b 166
1794 5049 b 849
3353 6288 x 754
762 8734 b 2033
276 7542 b 1869
2680 9927 x 1859
4880 5493 b 161
6353 8127 x 465
1614 5608 x 1043
1052 3016 x 510
7058 9585 y 659
6823 9054 y 581
4032 9224 y 1367
1555 1644 y 29
0 7373 y 1894
2408 3080 b 185
3699 3984 b 83
3911 4964 a 275
902 5627 a 1245
9412 9930 y 138
1767 6832 x 1312
1047 6908 a 1509
2903 9360 a 1689
6046 8127 b 533
7710 9719 y 516
4719 5329 y 156
803 5633 x 1262
1584 8734 x 1857
9230 9245 a 6
3318 3905 a 166
6367 8592 a 561
5997 9334 x 850
1649 5997 y 1151
573 3673 x 824
3167 7918 x 1229
320 3797 x 919
3725 9127 y 1386
3291 9628 x 1621
4342 4595 b 70
736 9461 x 2220
5415 6870 a 398
3814 9469 a 1435
3592 5042 x 394
1591 3344 x 464
7306 7560 b 73
4466 9731 x 1349
102 9211 x 2306
1123 4306 x 817
1883 5006 x 808
3503 8271 x 1242
3265 9025 x 1512
3755 6082 x 616
3337 5560 y 600
321 889 x 151
4541 4707 a 46
348 8878 a 2193
5690 8788 a 790
2145 2328 a 51
4365 8720 b 1109
2999 5466 x 654
202 1260 y 274
7878 7949 a 24
485 722 y 70
2402 4616 y 588
1323 3475 y 553
6694 9531 a 721
2148 4419 y 602
1050 9921 y 2247
4517 9363 a 1231
57 9861 y 2485
3165 7201 a 1075
2563 9873 a 1880
969 3585 a 666
6090 8545 x 624
8033 9563 b 392
445 8975 b 2164
3342 7015 x 950
885 1668 y 214
4942 5213 b 82
331 6483 a 1565
3705 7297 x 912
9334 9952 a 172
8390 8752 b 96
2502 2909 y 114
871 1332 y 129
874 4923 x 1076
1802 6295 x 1172
3375 6965 x 931
1220 7909 y 1719
527 5174 y 1249
640 5967 y 1418
8143 9991 a 486
4475 5040 a 155
1649 4423 a 750
6528 6729 b 57
2742 6696 x 1041
3926 8878 y 1263
755 4349 y 941
2607 2631 b 7
751 6118 y 1405
5486 7442 y 524
3940 4955 b 279
4531 6821 b 587
212 4552 x 1143
4951 8654 x 974
3748 9198 y 1395
6401 9773 x 873
3603 5026 y 391
1682 4111 y 642
2005 3153 b 309
10 5004 b 1289
8488 9005 x 147
7937 8049 y 31
5375 9806 a 1140
533 6174 x 1461
440 4757 x 1121
2049 9174 y 1863
4310 9001 a 1223
1957 3268 x 344
2296 7739 a 1413
3256 5719 a 665
5638 9746 y 1056
3310 9451 a 1586
2710 3485 a 208
1687 2666 y 257
7405 9166 a 454
3249 4577 a 351
5848 8457 y 692
1804 2334 a 141
232 6744 x 1695
1157 3525 b 599
8309 8523 a 61
6771 8160 y 364
2315 6473 b 1061
2813 6566 b 982
8227 9361 x 308
5411 8420 b 773
4920 7996 x 813
6137 7338 x 327
1290 8104 y 1714
2291 7452 a 1350
1794 9579 y 1967
4484 5612 x 298
7600 7862 b 70
717 2030 b 344
1499 9276 y 1964
1360 8994 y 1932
6659 9666 x 759
1184 8165 a 1783
4807 8964 y 1063
1845 9738 y 2006
2653 5381 b 725
1583 3970 b 606
1481 5899 b 1121
4553 5511 x 261
4634 7857 x 832
6263 7988 b 440
5865 9958 x 1045
5099 8071 a 795
88 3157 b 791
3 9323 b 2425
4681 5046 a 105
2960 3515 y 148
4074 9537 a 1434
4319 5492 a 320
1448 3284 y 476
2380 9791 y 1882
4464 7492 y 790
5261 9882 y 1216
3213 3416 x 57
5928 7823 b 508
3156 7694 b 1205
7027 9795 x 746
2891 3817 x 259
6497 6635 y 39
746 5701 a 1305
1977 4784 a 734
4862 6095 b 319
2583 4653 x 553
9471 9749 a 82
1756 2728 y 248
3257 5593 a 601
1374 8403 y 1787
1724 3361 a 418
4257 8409 x 1059
2233 5481 a 828
218 8612 a 2122
5851 7530 x 457
1551 7739 y 1595
239 593 y 100
462 1113 b 168
5502 9091 b 918
37 2964 y 758
6219 7287 y 282
1244 5794 y 1167
2389 6465 x 1035
4169 6268 b 540
4527 8643 b 1060
440 1122 b 189
1183 6345 b 1341
4459 9999 a 1403
209 8493 b 2108
4661 9609 y 1265
646 5095 x 1152
4103 6499 x 617
5097 8158 a 782
4030 9039 b 1267
1650 8454 y 1760
2749 5707 y 779
3709 7948 a 1117
3729 8429 a 1234
1651 9152 a 1928
1528 6167 a 1220
8439 9240 a 211
2090 2462 y 103
268 7791 b 1922
643 6470 b 1518
6 5264 y 1345
5362 9347 y 1037
519 1408 b 230
830 2865 x 524
3671 4984 b 347
1264 5377 a 1067
243 8098 x 2002
3986 9545 x 1439
3623 5592 x 516
8140 9576 a 376
2858 9865 x 1799
3966 3980 x 5
2505 6183 y 957
1834 8344 y 1685
1049 4579 b 915
1588 2965 b 359
1794 3347 b 400
1001 9005 a 2044
2790 7823 a 1300
3443 4055 y 175
1227 4598 b 862
4344 5593 a 338
4519 5966 b 375
1372 8864 x 1943
3794 8902 x 1312
352 6727 x 1632
3864 5035 b 306
1553 4084 y 646
1430 1972 x 145
1829 7181 y 1389
214 5724 a 1425
2133 3105 y 267
2820 6870 a 1044
2466 5010 a 676
911 3763 a 756
1995 9374 b 1899
219 9092 b 2261
692 1300 b 160
546 3366 b 728
4406 4870 x 126
4657 7697 x 781
1803 7232 x 1373
3272 7184 y 998
2072 4872 b 719
1351 7335 x 1512
4417 9524 x 1298
4455 9133 y 1211
4425 4867 y 118
1834 6481 x 1179
2574 3411 x 230
708 5236 a 1173
4367 8784 a 1127
2120 3408 a 348
3759 7710 x 1008
6364 6551 x 53
870 8890 b 2039
984 1231 b 67
5712 7704 a 500
7187 9126 x 503
2803 9014 x 1581
820 5735 x 1264
322 3000 y 684
183 3757 y 921
268 9449 y 2320
324 7310 a 1785
428 2908 y 635
245 2417 x 550
6313 8918 b 696
1726 1899 b 49
4727 5832 y 283
7467 8601 a 297
7119 7484 b 97
5956 7372 a 371
2892 6898 x 1025
1301 6807 x 1415
2373 3314 x 251
712 5549 y 1257
38 6649 y 1693
1444 5786 y 1114
6947 8437 y 401
5904 8136 a 579
3194 8402 y 1350
5788 9648 y 998
552 4031 y 897
5427 7057 a 425
4371 7772 a 872
3263 5871 a 684
4096 4938 b 227
1641 8981 b 1884
3546 4928 b 374
5666 9550 y 986
1678 8022 b 1642
68 5450 b 1389
7499 9303 x 459
7163 8789 y 413
3590 7340 a 953
4619 5925 x 338
1380 1492 x 38
5691 8931 b 835
7901 7951 y 16
494 4416 a 1000
4128 8275 y 1044
785 5376 b 1190
2040 8167 a 1562
6459 8029 b 398
3634 5112 x 389
3776 8981 x 1337
5753 9926 y 1079
6271 8581 y 598
3290 6455 x 814
1102 3707 y 680
6493 9865 y 865
3131 5425 y 590
6526 8809 y 584
3517 4338 b 223
5911 9455 b 927
346 581 y 66
845 2601 x 457
1302 6637 y 1386
872 6600 x 1484
962 2361 x 367
8264 9619 b 352
6338 7472 b 298
427 9796 b 2379
8087 9378 b 333
1288 1595 y 90
506 6061 b 1411
1439 8497 x 1812
3047 3496 y 118
2533 9718 y 1821
1212 6443 a 1340
1238 5700 a 1138
1587 2375 a 204
7381 9029 b 426
2857 4246 x 368
3170 8229 b 1297
5902 7070 b 335
3081 8583 b 1409
1724 4522 y 717
753 7605 b 1774
7182 8600 b 366
2812 9783 x 1807
1137 3018 a 483
941 4437 y 914
3462 7845 a 1161
5747 7697 b 529
218 9382 a 2363
181 3218 y 777
716 7199 b 1662
39 4090 a 1039
2913 4470 y 410
2892 6937 a 1079
2435 3672 y 331
1356 9045 a 1997
448 8035 a 1960
237 678 x 121
4251 7860 b 952
1062 5033 x 1007
324 7800 x 1885
1041 1576 a 145
745 6918 a 1576
2666 3414 b 199
33 8090 a 2074
8333 8716 b 103
4088 6309 x 566
3953 8992 x 1305
2169 7036 x 1259
1270 3467 y 574
2232 6810 a 1190
6972 7688 a 203
4731 5073 y 94
7901 8295 b 102
6392 8759 b 630
2107 3457 a 348
933 6468 y 1431
871 2003 b 285
2425 8323 y 1535
4547 5616 x 283
1664 6314 a 1215
969 3769 a 716
2792 6440 a 951
2377 4038 b 424
1683 9013 b 1859
4266 5797 y 393
248 7643 a 1895
3359 3382 b 8
1516 3376 x 466
1155 9594 a 2139
830 9365 b 2162
8197 9073 x 239
6457 7593 a 315
3319 3705 a 105
2862 3884 b 261
1394 9193 b 1997
5277 6475 x 332
3152 9732 b 1669
302 4623 a 1098
3057 8364 x 1350
2846 7038 y 1076
5940 9623 b 949
6039 7610 x 429
1075 5712 a 1170
2956 9811 a 1742
7354 8031 x 179
6700 8106 x 376
1854 2232 x 106
2130 2507 x 98
3225 6199 y 760
9156 9690 x 146
3622 5003 x 360
1528 6521 b 1278
3734 9248 a 1460
1096 5846 x 1219
5195 6702 b 410
3324 9067 a 1471
1547 9927 x 2116
2615 2973 b 94
1698 4159 b 636
815 3715 y 747
2459 7034 x 1196
427 4186 a 962
1051 3207 a 558
6161 9740 y 927
9160 9959 b 209
6719 8866 x 567
2589 6149 x 934
85 8838 a 2219
1935 2973 x 272
939 4658 x 975
6474 6922 a 123
2998 3859 x 240
4646 7938 a 838
107 6974 x 1774
3732 6614 a 757
1824 3791 x 532
1985 4339 x 639
1183 3867 x 720
5281 8131 x 727
415 2472 a 529
1615 4465 x 734
2871 6092 x 828
4462 8170 b 940
5828 7813 x 518
4730 8651 y 1000
188 2430 a 580
4555 4591 b 12
2082 8529 b 1662
584 2282 a 437
1386 7050 x 1469
1178 4913 y 979
3992 6435 a 648
938 2566 x 423
2451 3485 b 274
671 981 x 85
4344 4856 b 139
7900 8581 a 191
8252 8288 a 11
1459 6339 y 1272
1186 6945 a 1507
629 7816 a 1838
2868 9929 b 1815
4969 9563 y 1192
578 6250 a 1462
3532 7167 a 954
1903 3325 a 387
3891 5222 b 342
1580 2432 a 241
2121 3785 b 433
7016 7458 a 126
1222 2170 x 258
404 2111 y 456
6999 7848 b 229
1913 4827 b 749
3872 4583 y 185
6566 9428 a 748
1669 7899 b 1594
143 2137 a 557
3436 4266 y 215
191 728 y 141
162 7854 a 1987
2887 3070 y 52
7011 9047 b 531
6942 7323 x 106
2749 3613 y 233
213 6118 a 1542
4997 9031 b 1029
3909 4396 b 135
564 5688 b 1367
2282 7932 x 1446
740 6497 b 1536
2022 4711 a 714
1421 8351 a 1801
1053 5865 b 1247
186 7237 a 1826
4057 6654 y 665
1198 1960 b 236
227 5468 b 1367
5019 7498 a 643
4918 7010 b 535
5785 7700 b 503
2311 3264 x 256
144 3745 y 941
4681 6131 a 384
2640 5082 a 628
2708 3906 a 324
512 5389 b 1247
4368 4965 a 157
2051 9191 y 1807
2677 7286 y 1180
2054 8004 y 1512
5678 7699 a 530
3331 6748 b 877
2213 4926 b 721
6814 8959 a 553
7120 8540 a 373
615 3013 y 645
836 1014 b 55
4137 9681 a 1403
909 9760 y 2262
2419 6238 y 990
5254 8705 y 873
668 9046 y 2156
3945 9560 b 1429
1881 7280 b 1398
7847 8323 b 130
2166 7376 b 1345
1136 1762 b 170
5203 6746 a 416
966 3719 b 716
4665 8616 a 1009
2399 4952 b 647
2263 8503 b 1600
4196 8289 b 1056
7680 9893 b 570
2824 7526 b 1201
4598 6731 b 558
2600 2887 b 81
79 9245 x 2345
4481 4849 y 99
5570 6136 a 149
3603 9298 y 1455
1386 4330 x 764
5616 7860 a 584
6397 8460 a 551
195 9389 y 2309
5891 6095 x 58
5958 6967 b 280
3866 6312 x 645
225 3416 y 844
3807 9765 x 1528
5710 9324 b 922
431 2980 y 669
677 3837 y 824
4405 5012 x 173
4750 7070 x 610
4795 8441 x 944
3244 8334 x 1306
141 7376 a 1852
910 2613 a 453
5315 7879 x 677
4431 7323 y 756
4728 9654 x 1269
6680 9605 x 755
3747 6216 a 638
462 9047 x 2194
5657 9282 x 934
5170 5895 y 191
2515 9978 a 1884
4194 6687 b 632
3334 6415 b 790
2106 4269 y 563
5114 9632 a 1154
1407 1456 a 16
6886 9324 a 637
1273 8287 y 1783
5495 6170 y 177
4499 6249 y 451
3984 4569 x 163
2720 5707 x 786
4884 9435 y 1172
7020 7235 a 57
4223 9026 y 1232
5649 7918 a 609
85 3548 a 888
3778 7036 b 847
1831 2543 y 208
1575 7008 b 1408
6611 7701 a 279
436 2588 y 543
3548 6487 a 763
569 1720 x 298
7904 9045 y 296
3478 6574 b 804
513 4857 b 1124
1784 9257 b 1933
950 8319 b 1890
3974 4107 a 43
6899 7678 x 205
573 9024 x 2145
294 3738 b 894
1780 7395 y 1431
423 2773 x 611
1068 9162 a 2049
3121 6350 y 816
2145 9826 b 1972
4700 6429 a 459
5012 7227 a 576
7669 8666 y 258
14 4780 b 1220
3012 6610 x 930
751 9324 x 2189
2986 7431 b 1164
4546 7512 b 788
4237 5094 x 234
2111 6331 x 1116
1704 7067 x 1380
221 8529 x 2127
1828 9873 a 2066
4769 8490 a 983
6432 7419 a 268
1108 3831 x 719
7443 7932 b 128
419 3310 y 748
4178 8225 x 1046
4590 5161 x 161
990 6096 x 1327
4298 5181 x 244
166 7557 x 1907
4890 6531 b 429
1676 8836 x 1820
548 2653 y 542
6956 8732 y 453
5607 6326 x 194
2369 8962 a 1655
7029 7853 a 218
8703 8733 y 12
1532 5216 a 984
4285 4748 a 126
3130 3539 a 111
1386 1440 x 16
629 2384 b 461
620 828 x 54
2783 9113 y 1634
5090 8123 y 774
4727 9469 y 1216
8249 8718 a 129
4854 8876 b 1013
8062 9270 b 304
1461 8313 b 1743
2663 3562 y 238
309 5749 x 1395
3238 7783 x 1168
1135 4209 y 790
8802 9446 a 181
291 6541 y 1588
1497 5155 y 954
1570 8668 a 1811
2369 8830 y 1649
2987 7345 a 1120
1680 5257 a 930
5059 7303 b 575
3519 3825 b 91
7538 9598 b 538
70 6614 b 1692
5313 7242 b 497
7236 8703 b 383
3605 6033 b 643
4416 9285 b 1266
4687 6156 b 387
