532 74
92 74
517 92
313 517
506 74
252 74
230 506
282 74
121 506
281 506
393 281
491 282
349 252
254 74
496 121
213 496
216 252
291 313
374 74
159 281
116 491
274 282
323 282
271 496
129 349
71 281
301 92
131 291
320 213
112 71
384 349
69 349
417 230
27 230
17 129
177 374
414 230
473 282
445 129
287 517
164 393
117 216
513 506
12 216
514 291
312 117
347 496
507 313
50 129
0 374
376 129
191 50
59 230
381 417
430 349
261 59
61 164
101 254
218 71
519 230
211 430
403 12
294 473
256 159
423 191
126 294
366 281
258 71
266 513
152 514
55 129
99 258
77 376
431 230
209 191
503 69
424 216
201 313
65 274
365 117
327 376
483 177
139 256
125 101
428 71
143 129
303 77
336 327
146 312
527 431
124 274
133 271
456 381
509 320
13 177
359 13
495 509
197 506
461 133
460 27
285 359
210 303
150 164
265 428
37 209
257 254
307 101
3 12
110 291
104 61
352 254
40 133
73 0
444 347
248 519
400 210
315 266
378 50
475 307
113 431
153 282
390 266
142 101
135 143
410 456
498 430
14 17
217 40
85 177
183 365
207 483
260 110
190 281
276 359
206 301
487 252
275 213
245 271
93 37
383 218
505 410
204 17
316 55
490 261
63 505
372 63
96 444
419 372
341 281
15 125
171 430
203 359
202 210
106 495
429 40
244 0
57 327
486 50
279 461
165 211
358 74
251 248
187 509
5 359
11 498
306 513
404 327
401 303
454 63
214 256
379 306
436 306
299 13
364 112
19 187
90 265
482 461
52 291
386 113
288 303
18 376
325 0
78 257
234 430
346 61
321 190
199 131
530 430
181 366
508 14
41 336
427 266
87 323
162 101
1 61
184 306
120 112
408 213
296 410
193 244
297 393
362 78
247 11
373 202
348 12
228 321
7 12
452 530
375 40
335 393
102 150
21 199
521 456
262 519
236 320
406 427
415 93
53 375
56 336
238 419
269 12
510 73
493 99
140 207
240 59
380 218
342 87
504 13
278 65
198 530
109 498
280 419
91 498
268 294
46 491
34 372
105 171
45 342
309 150
350 124
462 280
295 390
79 327
286 125
81 414
75 55
166 460
477 57
485 3
399 327
170 153
470 75
413 228
43 506
233 504
267 110
232 408
86 1
205 436
523 19
132 415
369 452
212 315
208 262
434 483
526 81
458 321
515 198
302 380
215 27
418 21
114 496
176 423
23 274
259 232
70 11
409 41
174 212
357 61
243 357
354 498
314 454
82 260
455 424
147 247
402 55
273 109
26 150
83 460
220 417
283 228
195 508
343 238
433 288
512 301
25 210
179 507
459 77
310 112
484 375
148 252
237 205
416 15
305 307
388 374
528 375
292 386
448 414
328 386
330 176
172 254
421 286
160 508
39 424
370 268
304 162
8 295
263 527
324 461
2 245
51 386
450 220
108 139
98 8
412 493
356 515
180 121
387 106
235 210
524 325
136 388
141 191
326 25
442 82
173 83
145 356
226 427
501 359
231 324
155 271
89 53
345 369
6 265
520 166
30 365
516 520
478 341
395 379
438 323
511 383
224 245
49 281
479 313
123 87
64 434
188 125
185 142
476 450
270 384
331 85
351 15
227 210
241 184
332 345
446 508
255 498
471 331
151 341
189 220
68 291
525 30
9 299
500 215
149 213
465 266
42 271
472 205
38 171
360 429
277 484
394 105
58 378
88 450
137 438
441 59
466 423
97 326
339 403
464 110
392 241
531 261
405 165
411 419
128 500
440 81
318 261
333 2
32 413
10 43
158 136
322 291
76 366
457 105
355 217
488 524
24 92
300 331
66 232
253 56
494 259
382 486
492 383
225 235
48 240
337 430
154 427
94 325
175 531
161 141
371 473
115 202
47 380
377 454
398 139
4 530
186 204
481 201
222 342
298 7
319 277
239 370
29 46
389 222
250 516
107 464
443 417
134 431
138 273
432 123
439 209
223 227
169 458
463 507
529 473
361 70
497 321
437 55
340 388
284 280
518 123
168 135
130 515
221 135
289 153
422 232
391 75
420 248
344 64
425 12
396 262
329 423
62 105
338 411
272 138
480 270
290 493
156 530
111 512
353 155
36 460
363 481
474 3
44 413
407 162
334 356
167 180
264 32
178 414
522 68
16 178
219 6
67 207
426 67
144 164
385 97
435 348
368 128
119 175
451 195
499 158
229 170
20 357
367 484
200 269
54 150
122 415
467 430
163 8
72 78
194 396
469 77
28 240
311 211
35 315
31 117
100 427
103 159
127 372
196 197
118 103
308 152
397 435
33 440
489 29
95 73
192 21
502 266
468 118
84 445
22 84
242 513
80 215
317 460
249 283
246 220
182 243
157 168
60 232
293 354
453 365
447 19
449 462
