167 46
53 46
155 46
34 53
160 53
129 155
85 34
158 160
49 158
150 49
105 160
79 160
11 46
35 105
95 105
127 129
73 127
5 95
45 129
43 158
83 79
149 73
67 34
124 83
27 79
6 95
75 6
15 85
56 85
21 15
9 105
151 15
164 27
36 124
26 21
25 155
122 45
142 53
120 155
23 35
130 56
118 142
148 67
163 27
116 150
135 5
91 49
111 11
8 27
54 148
137 116
60 111
100 60
13 91
144 26
50 111
0 43
121 148
71 118
17 46
82 111
1 95
38 35
41 56
161 118
48 34
70 91
3 79
18 49
76 3
14 26
143 73
141 160
114 76
132 111
61 43
52 79
152 54
96 73
39 9
69 73
147 21
78 52
62 54
101 25
136 45
166 1
146 5
106 46
80 50
131 38
42 0
128 17
110 41
162 26
159 148
125 124
113 147
22 144
44 155
31 44
108 62
59 53
99 42
4 14
117 111
47 0
139 101
19 69
140 118
145 136
103 23
107 9
126 13
94 67
2 162
98 19
115 161
74 116
134 76
104 132
156 130
57 61
102 108
153 61
109 126
29 44
87 43
165 41
51 49
97 153
65 107
7 42
123 62
63 49
55 39
20 94
30 21
112 61
72 136
88 100
92 128
10 142
40 73
119 121
68 76
81 106
37 80
32 67
33 62
93 40
66 115
89 156
28 39
12 155
64 21
16 88
154 118
24 136
86 40
77 48
133 136
138 31
157 96
84 138
90 124
58 162
