7212 6469
5074 6469
1903 6469
3372 1903
1789 5074
7197 1903
6656 1903
498 6656
1060 7197
7098 1060
960 1903
4323 5074
3708 1903
721 1060
2855 4323
2098 1789
7188 1789
5063 6469
407 960
5058 7197
511 498
3760 960
4476 721
802 960
240 1060
7158 1060
2517 4476
5019 960
2909 240
5494 3760
375 3708
754 7098
6902 5063
5593 2909
5513 2517
2930 721
4007 1903
5594 5019
3062 6902
34 5593
2835 5074
2713 5019
3111 498
6358 3111
4028 7188
9 5593
5365 1789
3969 4323
1776 4323
3596 511
5308 5063
1529 7188
4773 2517
4767 5593
6337 4323
3714 3372
3729 6902
6549 6337
3603 5513
7022 7098
3489 5019
4065 2835
1349 5513
677 3729
719 5593
4668 375
2438 719
6733 5365
2925 2855
5178 6733
413 677
100 1903
6856 375
301 6656
6278 2925
4625 1776
6386 6469
647 6337
4803 4028
5624 240
2599 3729
296 5513
4855 7188
5690 6386
2588 100
5883 6358
1083 6656
4844 677
2957 240
5079 3489
5298 1529
5700 413
5874 2588
1019 6549
4027 960
356 407
1192 4668
3201 1083
5853 2957
4868 2713
1306 2925
7141 4868
4713 1083
5691 301
6747 5079
2504 2909
1132 754
84 356
1221 647
1873 1789
4532 5178
3569 1789
3421 4007
1995 1221
2836 511
376 3760
1074 7098
7125 3421
1499 1306
2416 2925
5723 2599
3731 1873
587 413
5918 6747
3247 2416
6218 1995
4071 4476
908 1903
2675 5298
2665 6549
1908 5513
5457 5308
6453 4027
1246 3596
6234 5308
1854 6337
1732 6218
3694 5079
204 6469
1746 5883
1171 5723
2641 3708
2533 2416
4479 7022
3737 1019
6325 7141
891 4532
4682 511
5023 6278
4352 6747
6679 6549
3295 1732
1663 2835
507 3247
5519 4323
2901 5019
140 9
3434 3372
35 498
5623 908
5169 5063
1738 1746
4394 7158
5057 1789
5194 1738
1758 7022
6200 2504
2813 7098
2761 587
3265 1789
4583 7125
6068 1746
5743 677
6141 7197
6087 1738
1123 5743
5386 1499
1825 5853
4236 5178
7122 4065
3898 5743
6424 4855
658 754
3056 2855
5816 2813
3170 5365
4586 4394
3123 908
2377 34
3181 4071
6734 908
3816 6549
4724 6234
2323 1789
445 5690
1373 5365
5126 2641
4013 2909
1308 5457
328 6733
1289 960
6085 1132
1870 5691
6226 6085
1068 1132
5641 356
1601 2641
2808 4028
3743 2675
5756 5690
4787 5178
4042 908
1759 1289
1073 5058
3464 2377
4473 407
1937 1073
269 6656
2868 3123
3508 4713
4626 7141
5826 5513
1654 1903
3600 5019
6692 5126
3702 658
1670 6747
3059 5826
1962 269
33 2868
4837 4013
249 6226
1695 5386
4700 6200
5475 498
6934 5494
1245 4236
290 4027
3325 5023
1755 6747
4786 7125
3752 376
2150 5883
4114 6200
2409 3969
1610 4394
5141 1873
899 1873
2286 6087
3183 6424
6882 204
6986 2438
5145 7158
7191 4394
4212 1732
6124 3295
6712 5194
2328 3898
530 5624
2489 6424
4001 658
2736 4323
6782 3731
7172 2416
1840 3596
2022 407
1181 6085
3368 3265
640 1610
5973 2438
7017 3265
3978 407
3038 2286
1987 1873
766 4236
1393 6782
2916 5074
7065 6882
3267 6218
3504 5883
5830 5457
2306 5593
5166 9
277 3714
5701 5079
783 6226
3722 1825
6517 6278
1424 5126
2148 4626
4512 4236
5259 5194
5442 7158
5585 3569
2278 375
2199 1995
5334 4236
4000 1068
933 375
3801 7017
3385 33
5107 2489
1064 5690
2071 1789
4357 35
3576 4586
193 2286
7175 2489
1958 4013
378 277
669 249
2655 84
2685 5883
5487 4394
2927 754
6420 4212
838 4586
6103 240
6163 2855
6672 3056
4075 5169
2036 3123
3238 4001
3115 2098
6374 6856
6500 838
6183 7197
2682 2836
6463 34
3597 960
3154 2323
1399 6679
3234 4071
1875 100
5432 5058
2451 1738
4115 6085
1747 4027
2197 4114
4264 5178
2556 1424
3400 5743
2220 6124
3996 5593
6730 1306
6774 6278
2055 6374
3842 1663
479 6183
5153 6358
1422 1073
728 3123
3610 587
1094 1747
1493 4682
3987 3059
2171 2957
5823 6200
1773 1789
4615 5700
6190 6103
806 5816
3960 7125
3794 5513
6760 783
510 1903
2915 3508
3900 2286
6757 3743
5244 5853
1468 2171
1410 5063
5076 5874
920 3464
1145 766
3748 1246
4922 5723
5011 640
1454 1670
5796 277
737 4786
2268 1424
2591 3385
6809 5079
5636 587
5292 6386
1335 960
2988 7022
6259 34
3595 5166
4862 1601
3007 3295
4247 269
6575 2588
1380 301
2465 4476
5735 2306
6362 1601
398 3722
4576 2150
1966 1987
1983 1064
2030 1732
542 5457
3348 4042
1174 2655
4846 2836
478 7022
5339 4803
3521 3154
1915 5826
5952 1181
2303 1776
4038 3385
1979 6734
6568 4065
620 6730
5424 2030
7076 1746
2786 6575
6976 5178
2935 1915
6038 7125
443 5519
2084 6757
5607 7065
6150 443
2662 1073
6735 290
5972 7191
5055 4583
1989 5513
6703 7158
5608 1908
150 3059
1052 3702
603 3508
997 1373
6593 3900
1785 6934
6881 5057
3317 1695
3266 3816
4716 7098
2598 1145
186 1738
7067 6782
5231 290
3926 1755
1090 3056
4429 3595
3244 5019
2524 719
1834 5918
6294 6733
5932 4844
1641 2278
5143 6294
2308 4027
302 899
1398 1663
5764 3244
2630 2901
5311 6679
7192 997
1687 3464
2089 5608
1736 1966
2848 587
2421 34
4733 6774
5814 7197
5503 3600
897 5074
6384 511
5253 4625
7095 4479
2602 2855
5096 290
4263 1670
5124 1758
6966 5153
6949 838
7037 3317
1406 6294
5411 6976
904 6358
6952 2599
2846 35
7204 1663
4265 2055
862 6575
4470 1732
3621 296
4324 4713
4387 2071
2277 5487
5299 4476
5361 1090
1285 5143
1779 2409
2127 3752
3976 4007
201 6234
6240 296
7101 5823
3999 1174
4105 2220
6406 1779
3777 3317
3470 4512
7173 2848
1417 4000
391 4323
2004 1825
3173 4586
4639 7095
1926 719
6212 2630
3399 7175
4567 2957
5772 891
6314 1171
5243 3421
4293 5365
1760 3996
5068 2489
4825 1601
7011 1736
6496 1454
3367 3816
1899 6952
528 5874
6168 1493
7209 5475
6690 640
6365 2855
1814 7197
466 5853
6378 3801
2134 5607
4418 2930
3254 2524
6910 2197
5183 1663
3566 2602
63 4786
3408 510
822 7192
2741 5494
1842 1738
5985 4567
6027 2416
4206 669
3869 669
2666 1181
4482 1493
3204 4264
1370 6735
4817 6365
989 5124
339 3244
2393 4479
6440 7076
6980 4473
5880 6038
3172 1825
4763 6672
6258 150
6673 3521
4560 3489
4851 5641
3403 3729
1025 413
7094 1399
3417 2089
2288 4007
3349 1417
2173 2030
5007 6690
5889 1789
6474 3408
2414 5194
3625 5311
705 3244
1211 603
6908 2836
5710 1211
5237 2736
3911 5889
2029 1840
2610 1873
5619 933
943 3464
6056 4576
581 2030
4636 5023
2096 5299
5798 3183
114 4212
7007 2598
4204 6124
987 5011
383 6902
4624 63
515 5743
1363 328
39 6575
3902 2409
1227 5816
2189 721
6995 4763
1798 5772
999 5361
477 4733
1697 989
1197 1181
6600 4615
2941 6575
5093 6910
4258 6406
5678 6980
71 2438
7005 6976
693 2171
4211 721
3213 6141
1200 4204
5699 6420
5001 6549
5595 1915
6086 4668
6553 5874
6310 3115
5913 2150
6495 2988
6396 3115
3270 3702
2217 3408
2043 2286
2764 1601
5115 4001
5643 3569
450 4042
6418 2173
230 2071
4937 1785
4434 3801
5240 3960
2162 186
6033 5595
3117 5830
2568 6463
294 2004
37 1306
5261 7204
4142 5244
2490 3247
1459 1285
1710 4639
6276 7098
6802 1870
4085 4532
2335 4937
5190 1732
5940 4844
1097 1145
5246 5231
543 2941
5882 5141
703 2764
2790 413
1059 6986
2369 908
5310 5007
3133 4115
4348 3325
3626 5772
7109 5365
2803 6910
2411 3062
3105 5503
1862 186
3121 4922
6139 6949
2529 4479
5257 2803
189 1814
2083 2591
1888 6690
353 2489
2428 2915
4810 478
1950 2764
2823 5143
4286 3317
5176 3181
2727 1090
1050 7192
4439 5972
829 5932
3724 186
4456 6358
1767 2736
4662 703
5113 6730
5702 2150
2132 5194
3967 4001
2316 2022
25 838
3548 383
2259 4105
2722 3569
5827 4000
5579 3117
869 413
547 620
4993 230
680 4142
3443 3869
3363 3760
3182 3385
3645 5339
4900 6337
5229 4662
5989 3600
464 3597
5646 5880
6868 3724
5715 1050
1253 3625
2824 2786
5239 3729
3345 2641
5744 5190
1474 1529
4349 2277
2954 479
820 249
3717 3898
1244 2665
6457 3504
4045 7173
4427 6310
156 4512
2133 1468
3744 5334
5466 3978
3914 4470
13 1174
3328 3748
5136 5194
6542 1370
6148 2098
3593 302
3149 4000
220 703
1793 6124
2976 2377
6245 6495
5524 1834
1801 5063
307 7065
235 7098
4446 6358
3448 6692
1998 5798
3930 4286
4237 4352
2825 4713
801 2089
4244 1987
5580 4244
5732 3266
1470 4027
2920 6259
913 4204
2985 5940
73 3801
3524 1966
3506 2524
331 1987
6815 6980
6307 2288
1810 3270
2420 4085
2475 1050
3518 1059
5809 4615
5118 2089
919 6218
3615 6549
2960 5798
4033 3603
1278 6549
273 5874
2735 4900
6439 1244
5675 3421
7150 3794
3065 5257
429 3621
2918 1529
2249 869
1430 3244
629 2084
3585 1245
2208 4071
6243 1278
5271 5827
1961 4434
4936 6200
6035 4418
871 4837
2427 6139
1733 5494
2586 6949
2885 542
3606 2127
6795 339
3338 307
790 1854
1919 5699
5528 7011
3455 1097
1664 3521
5129 2030
2423 3731
4260 1798
800 6733
6475 3007
3691 5194
6536 6294
3529 5798
5041 4263
1391 2475
988 5772
4670 1888
4658 5796
1612 913
5275 3708
1551 2808
6723 7175
6220 4576
1895 5641
1940 4042
5026 6139
6677 6310
5483 1664
1342 4512
3929 1246
5250 3976
6327 2786
6839 6568
1379 3744
3871 5723
5092 1759
2299 1747
4289 37
1682 2836
7174 5623
4060 1641
6120 2885
2167 3325
6471 6757
1096 5678
3023 904
3422 3569
909 6673
1971 2377
4697 2941
4183 5079
1925 6314
2530 1068
520 6406
4522 2055
4327 6457
7004 5145
906 2132
5616 1888
102 5796
6246 6085
5868 220
6855 4115
1277 2084
5420 1529
2546 680
3027 507
3557 4576
533 3204
7148 1612
5516 4844
3599 4773
4238 2529
3770 2786
2759 6839
5982 4773
4642 4476
2318 3708
1119 4576
501 4615
2076 6259
2802 3508
206 3117
3563 391
4179 3408
3166 3902
2983 6218
1766 1060
840 4327
627 6384
2231 2451
2532 5275
4747 6980
3613 4260
4063 1759
6126 3270
3249 5823
1230 2323
6812 5113
344 1825
4932 4289
6254 3238
2547 7141
4904 5932
3533 4042
555 4658
6248 479
2746 6855
5489 4567
911 543
1194 3489
2902 4904
1653 6406
1974 2420
6783 1391
3158 4697
3837 5952
7165 398
5034 5190
6470 3059
5909 603
4414 1875
4240 3328
1719 989
1608 1842
1590 1695
1057 1211
4406 7037
645 294
4462 3978
1015 6723
863 5261
2513 7125
606 801
403 1529
69 1529
771 407
4299 543
1771 7011
136 2098
5533 1059
6366 1174
1300 5616
5009 1059
4974 5853
1378 5623
2198 37
2994 904
7130 1755
1496 5055
6089 3911
6634 3969
2758 3023
7039 1145
6075 2217
3974 39
7132 2208
2227 6782
1023 1227
2637 4662
5622 6150
460 1378
5249 5624
1560 1132
6829 3508
3990 5691
1469 6634
2914 5231
4740 4434
6057 5074
5351 3372
2980 1758
5542 4786
5820 4258
45 1926
2113 2960
2467 2759
3055 2825
1420 6085
7072 6673
6133 4394
4158 2127
6393 2438
2744 5744
7183 3385
1416 6027
2646 6549
6836 3990
720 4473
5131 4115
747 6218
6181 3328
6160 4922
2908 5068
3144 6553
3202 2915
6429 2655
5784 3729
6636 5524
4990 1468
3807 4479
1035 6908
639 5889
5456 3201
3071 1230
4029 1308
2659 4786
557 4868
4023 2586
6538 5678
1345 4803
4031 820
5506 3691
4694 1842
5142 73
2 4387
3374 3267
5106 4115
4295 3724
2609 5764
1431 989
4950 6734
5977 4258
1629 6393
2978 7150
1040 5809
2890 840
472 1710
757 771
5650 2935
4591 2530
6223 3978
3973 4001
454 4387
1005 5386
4306 1499
5818 2983
3945 2198
2179 4825
2478 1664
202 3374
1461 5011
4918 2746
4892 1798
901 6424
203 1746
4623 5239
3808 5244
3387 4387
1268 2167
4704 6133
3612 2902
968 4265
6892 5432
5610 378
6827 6782
1999 1227
5435 1919
5341 3743
1911 3149
1611 1342
3389 4532
58 6234
6576 2217
108 5145
6073 5311
2492 801
6084 4212
1231 6068
6410 2855
1727 5466
4926 4394
2135 4263
4304 1854
4426 2746
7137 6440
6896 3201
4156 3900
3246 2916
72 581
770 1380
2033 4532
2097 6734
3844 454
1712 838
691 5489
6923 2803
170 3708
1805 5106
7050 3121
1757 3521
2307 5710
6564 3911
5050 7209
5523 3183
4481 1057
1452 2746
1500 1805
2339 1771
2169 2790
896 3722
2678 6307
1787 2308
5653 1789
4706 6995
2273 987
1124 2030
4402 3729
5048 6362
1394 4682
3271 2901
3688 3149
6464 6420
6956 1422
5134 5700
6641 4033
2019 2758
276 5593
544 5940
5391 5524
2485 277
977 896
6919 69
3943 466
3713 5334
257 4238
3835 2421
5602 136
5680 2908
4228 2148
2958 1227
2236 1452
2326 3996
6676 2846
6884 6812
6705 3267
3487 3173
141 977
996 5932
1429 2802
438 1999
3809 3816
2624 5516
6858 1789
2207 2029
3873 7192
6093 7188
6450 2925
3297 3597
4314 7141
2317 6757
468 2423
4884 3844
859 6712
4886 6730
3456 3173
3716 189
4412 302
6979 4265
4262 3434
4858 5239
4569 3943
4079 1560
5254 4418
3880 1059
3388 7137
5628 820
3931 5457
1748 4567
4903 7004
6899 4668
2495 4615
915 100
1012 7122
1504 156
6104 1925
524 2288
299 4900
6840 478
795 1068
6929 3996
2357 429
327 2925
2240 3926
6814 2685
2187 34
1467 3969
5767 4900
3952 6995
5431 1132
3690 5675
4140 1987
4388 3247
508 795
6786 1895
1297 2813
6867 6760
1182 2759
6300 1124
6025 2764
2140 235
4443 1801
2644 4855
3948 1610
423 6429
2112 3422
131 4394
4198 1227
4459 3244
4602 3524
1329 4323
1078 4042
1916 5516
844 356
3146 6856
430 5732
6398 3183
4214 520
5601 4668
3687 5619
2528 4060
2511 3743
2048 6827
4500 1470
6012 1748
2561 3403
1726 4473
5309 1919
5138 3249
4828 1940
1871 2132
2398 7007
3354 906
1936 6365
5934 1776
5087 2637
5075 5643
3347 5913
6968 3065
907 3900
3427 1814
4635 6084
7060 3389
6347 4304
305 7204
1821 3625
6507 3930
2125 5311
7131 4260
2697 757
552 1468
217 3945
2974 4479
2840 6068
5955 1181
5205 2173
3949 1211
1889 4786
1176 3213
246 2957
7119 996
3868 5646
3139 2958
3654 4115
3528 3654
2137 5079
7099 7188
6506 6440
2261 4733
3675 1710
3689 6035
6669 1064
1450 6366
3834 2855
3493 5628
5228 501
4108 3654
6709 5580
6215 2744
2297 45
1589 2357
810 1074
6272 7005
3501 2231
855 5701
692 2097
5779 547
271 2976
1333 1732
4134 296
5235 1459
1223 5041
6201 4892
3804 1253
3355 5715
1044 4825
5930 2532
6784 1074
1973 3266
1274 2517
5492 3518
1260 2744
486 2033
4111 3166
7024 2377
3373 1610
4722 5602
3946 6418
2152 4236
3498 3807
2117 5308
6768 353
4807 501
5705 7183
2302 1246
3730 4033
7123 543
3867 1926
2806 4625
6894 692
2674 897
2878 6120
5372 4142
7106 1682
2551 3158
2178 6183
1595 7183
1127 6398
1120 1726
4196 790
3727 691
5160 5309
4168 6215
682 246
5393 2189
2826 2637
6159 5973
2771 3238
3168 859
2184 1097
3662 5145
5681 1810
7049 3716
369 58
1351 4522
1371 3355
5512 3455
3269 6141
2928 2414
2709 1989
1685 454
2946 4214
6202 1094
823 5166
4148 3464
3099 1124
6332 6735
601 2076
5085 4500
6900 511
1141 3403
4688 6429
105 2490
3324 4662
43 3770
3153 4314
97 1870
1731 5594
2640 1664
1904 1608
6091 1998
624 3687
457 2976
1421 2825
6257 3399
1390 5982
1328 820
4519 331
6197 6679
4972 3871
6002 2377
4788 6439
1031 5339
1056 2152
2203 4198
7196 913
522 2
1251 4512
4595 1123
1632 1760
2814 3599
3025 2169
7156 5519
5901 2666
6846 3737
6983 5680
760 2490
2206 6103
6237 6786
3847 4439
2883 3548
6926 766
2575 3743
3651 2771
6905 4001
23 6197
4066 4858
121 1253
6214 3871
2788 5610
2737 5079
3313 3347
5698 5830
2959 4636
1395 2641
5368 131
174 3569
4546 186
1672 1971
589 3354
4448 3969
2850 3158
3992 6202
2995 3389
688 2112
7010 1171
3477 3166
1494 2134
6685 5055
66 4388
345 3266
6095 2823
5248 378
6603 345
6754 6952
2975 7204
4559 2980
6683 2528
3699 2662
3433 5231
2719 4108
1677 1726
5327 1759
5921 6517
5465 5432
667 6768
3574 4697
6546 6839
6391 1192
6379 9
1340 1873
1423 5228
6780 5093
2151 7004
1818 822
2298 3931
2211 4903
2136 2137
5564 5138
2656 3603
348 5178
2797 4352
6743 6956
2355 276
4337 6809
928 2988
4784 6471
6944 5809
3090 5901
2195 2220
4164 2786
2519 5466
4151 2492
4958 2850
4014 754
5966 1821
5886 4158
412 896
1661 3146
755 1785
3453 3269
4666 1504
2464 1335
197 3183
7063 4258
7144 5456
49 269
3212 3254
5899 802
3520 3367
2574 6836
1802 1496
3679 1641
6520 1732
3657 1504
3010 5602
1287 4260
6326 1601
7145 3574
2177 5048
7211 6829
3052 3456
6451 501
4490 1989
7069 7174
2147 829
4157 919
2214 4265
119 6760
5437 1096
6788 3090
5937 3717
3857 2504
2900 4595
2466 353
5320 6095
3785 1748
2247 3372
6448 5524
67 5096
2295 7010
3177 4418
3178 4950
3813 4950
465 3204
4359 862
3941 3347
2977 4670
2196 5351
4686 13
3538 369
1001 4085
4770 1379
6324 3489
3298 4357
359 3929
565 6747
309 859
1344 1821
5578 3154
2998 5705
5537 555
5269 1289
6565 33
4310 4244
496 2788
5714 4183
1438 4228
4508 5456
937 3529
7051 2824
1511 6735
497 1052
1699 5602
3478 5610
1239 6386
1229 4586
5783 2575
2094 5058
848 6120
4736 4576
5942 6795
4261 5085
2778 7017
4317 6788
481 6565
6773 4904
3598 5113
5803 7122
281 3389
5639 5435
2729 2148
5637 4388
3308 7173
2164 5816
1700 1395
3896 5512
860 197
6046 1834
392 1798
80 2278
127 1371
1319 2475
3556 4937
4116 1370
5958 344
2471 2117
575 1608
4835 5079
6620 6546
2446 3597
1316 3563
5140 1197
6567 3385
1729 6197
5319 3204
4049 2722
5975 645
6594 4706
3143 2927
3950 6892
5159 728
5168 6420
6556 3508
4491 3158
6241 3626
1387 5705
6388 3246
832 2140
3663 5494
5941 2171
7168 2599
3646 2890
5582 5973
2224 2357
7084 3238
1872 1468
4107 2586
6939 4803
394 1059
3738 3247
3476 760
5526 515
5294 1785
5155 4448
1808 4027
7208 6202
5834 528
4273 6754
2740 5092
3392 7168
3495 1727
2463 5131
3097 6908
5097 1940
5497 4013
3656 3738
2821 5107
4717 1748
2731 1710
3152 1289
4881 5710
1892 5641
4372 2211
261 6386
1799 6223
1986 2377
5664 937
6921 5608
6678 2575
1307 6183
7020 2909
4689 5681
3284 5118
2353 2920
5791 174
1869 5702
2373 4240
2672 2675
4540 1253
2839 6093
2597 2196
6177 1300
3928 3038
1537 2741
1735 5610
2381 1132
1898 3898
7066 4263
545 2586
3627 1889
3192 3708
3588 7183
424 1936
2684 3025
6841 5145
5638 645
644 7204
2365 6600
1184 2178
2766 810
3502 871
4126 6406
6767 2355
5417 6241
5223 1654
2904 3372
949 2127
4734 6325
4864 6450
6706 5638
2577 575
441 4500
1562 1962
5428 897
6838 5253
4650 6201
4890 3201
1994 515
2912 3389
517 4807
5295 3269
4163 1670
2037 2920
4782 6440
4992 988
3436 1470
2282 6439
5010 4310
6076 2198
2828 4247
5198 73
3141 4000
2498 5497
2734 2377
6100 1239
1400 2517
1549 1700
267 4014
594 5595
1894 141
775 3529
4292 407
3281 6881
3379 3254
3739 800
5195 2788
6533 1059
4091 4682
106 2217
5877 67
5064 6150
5042 5918
4284 3867
180 2306
990 3657
2783 4636
5247 2451
2253 5223
1063 5393
6510 4500
7090 6327
2255 6237
2077 3244
3444 4014
4435 528
809 5178
3823 1094
6387 3948
1465 4031
5454 3992
649 5798
3431 1378
1464 4164
6253 3152
5125 7188
1860 3973
7102 369
4436 2813
4497 6919
1320 6983
1222 443
1075 2055
6854 2836
1555 5223
326 2098
817 1132
6344 2855
2453 2904
12 6366
1440 4244
5447 5361
7166 6841
3545 3055
4494 5622
6833 299
1514 4623
6570 5153
6279 1500
1125 552
5587 3595
2068 3489
1159 2147
4338 6703
3565 7076
577 2022
5440 1987
6607 3538
225 4049
611 5702
1486 1677
4408 131
4840 3946
4103 848
6911 6245
2891 1759
2426 1316
293 840
5540 6705
735 6384
6191 3621
234 6168
3624 6743
873 4747
4665 7158
4083 2197
6843 7166
3303 4706
3811 1892
1402 4886
6778 7173
2621 2790
7048 1268
4336 189
4970 6223
2614 4338
6825 7173
6691 407
878 817
5217 5068
1318 6980
6404 2117
3550 5294
3935 3521
1536 1821
3701 1915
6488 1994
2715 1380
2443 5034
2256 544
4485 5064
183 4258
4120 4559
7207 2098
5186 1632
1515 5295
5631 1073
3905 5169
6787 1664
2185 4324
5322 2416
3792 6673
40 4497
2615 2227
518 6641
414 943
5441 450
1305 327
194 4922
190 7076
2425 3448
1166 296
5987 4706
6169 2848
5773 375
5529 1400
3640 5512
3457 5319
3893 533
1323 1773
5731 2825
1627 1420
2379 5492
4685 3379
1718 72
5392 4770
6993 73
792 5235
4723 4066
6041 4470
3340 2828
761 4770
4995 4567
1881 5816
2923 5339
155 3025
4037 6858
694 6418
5720 1379
4521 3837
4573 5125
588 2836
1361 855
2270 920
6288 2203
777 1926
6345 5710
6741 2783
6930 2684
5181 106
54 497
5849 4788
272 5048
1897 344
2332 3691
626 2217
1533 2662
2481 6272
1690 1328
81 170
1596 997
4608 3038
6789 1040
5617 2173
6287 2597
5450 3399
2931 2975
839 1431
2001 915
1238 3687
4171 6276
2417 848
5672 1308
596 2610
3677 6968
4551 3408
6529 5672
6623 4408
6164 2741
6518 1333
876 627
2350 6471
4305 6325
3221 1654
3634 3717
2638 3600
4380 1653
5647 6041
3142 5475
953 3744
4444 3345
2017 1416
4055 4323
6499 2273
7140 869
3637 5930
7169 4540
1408 611
1734 6406
6883 5526
5056 3270
6753 2302
4081 5636
2714 3807
1364 1064
4681 4299
1156 766
6942 4713
5383 5194
612 5058
6400 5153
7000 7060
1543 5628
3064 2577
1522 281
2944 6475
6050 5972
4769 3928
2349 4786
4386 302
1797 5868
4471 5512
2903 4490
5036 194
2156 587
5070 3297
2913 1551
4438 7140
961 3010
637 3182
2456 5607
1852 6087
3376 1687
3764 624
1131 6327
5185 5440
7118 5834
963 2746
1086 5690
4911 2814
7064 680
927 1661
5296 3355
3791 6968
1087 1776
2550 2638
3547 5019
2832 5580
6541 3651
1247 7051
5033 3372
748 5913
2082 1406
4155 6594
3125 6365
6444 3550
4893 3192
5214 6538
1315 4893
3683 225
1567 6258
657 1825
1626 2328
4735 2983
2294 4071
7070 2855
1343 5608
5556 1454
2951 3144
6915 6103
4644 5181
2372 5497
6289 2127
4442 1090
3231 7090
7200 6258
1614 2
623 3347
6524 6735
286 2958
6210 1810
5774 1793
6028 5528
2970 2868
4539 383
972 5118
4821 7084
2166 3952
467 520
1534 5058
3393 3244
7203 6944
1374 3744
3082 7007
3865 5257
2699 4151
6171 3139
5778 5465
3765 1793
3312 3550
758 454
6119 6041
6037 281
2394 2900
6490 4114
6587 2249
4411 1776
6877 1090
872 5115
4953 2203
6711 5524
2549 2136
3883 5526
3004 5675
5974 2166
4202 307
218 6404
4979 4497
3032 5492
3262 3324
1783 5818
5179 968
3761 140
7116 1854
1339 1611
5548 5773
6157 3792
4849 3478
3604 2568
4765 6448
5418 6027
2422 3760
1525 6542
5567 272
5534 6457
5282 1732
6409 5442
175 6966
5707 2697
3972 3588
5043 873
828 1450
5252 5308
2906 703
5736 3844
6000 2946
2276 3880
2809 71
260 2195
1796 2185
5873 2891
3763 6326
6828 1012
3787 1052
3335 4158
3704 7060
6229 6757
6640 4434
2505 6894
6904 326
2864 5497
5400 2475
4631 2970
5044 3431
3845 4286
6721 6858
610 4995
5369 2089
5514 6919
5568 3493
2111 2184
4867 3931
5157 770
554 5637
6227 2519
2576 920
2660 2505
216 2030
4836 2656
4399 407
2300 1748
5455 5826
5305 5411
1302 2599
284 897
3726 2778
4514 3125
3461 5975
5696 4886
1751 486
3361 3752
3016 102
1250 4836
7162 6634
1558 3646
1147 3105
6704 2187
2723 5607
207 3717
540 963
1279 5334
6729 5411
4935 6226
3439 121
1266 5179
4364 7119
6193 3791
3126 1735
923 7145
1272 3713
3984 7150
5149 5989
1902 403
1631 2471
6230 5141
5496 5619
653 544
2652 3508
2952 4972
3140 4958
1657 3249
3818 2985
730 4085
2534 5309
6115 1894
4231 6546
6888 721
3334 2349
4178 1986
6522 2885
1938 2713
6965 589
4288 977
1157 4717
6527 1402
2919 5880
5684 6789
1234 2207
6667 4446
6311 1747
2717 4206
1365 2737
6473 3181
4333 3470
1956 4060
5280 2214
1291 1078
3824 5647
3469 1057
6274 5529
4259 5282
6852 2379
816 6087
2386 353
4005 2868
2392 923
5600 2369
1519 1192
5741 863
1263 1712
6793 4140
6999 3368
5396 2048
4463 6418
4951 369
4806 1549
1754 5198
2100 3615
2525 1973
2982 2162
2016 3173
1716 1365
4420 7169
886 1370
785 6406
714 5011
5704 1272
4973 4075
2536 6115
6937 6159
512 2043
5965 3363
336 1801
1634 3123
7149 5534
4760 4935
2128 588
6988 891
5137 4670
3817 6833
3429 3183
1036 2621
3122 5075
7128 5619
6 4973
5344 4406
5875 820
1372 1266
5352 2231
1219 1736
7134 1343
6639 3871
6242 2788
3795 3444
4218 3837
5357 7000
5051 4023
6870 443
1043 4066
7045 1123
5491 3683
5414 294
6895 73
3602 4411
2366 5940
1396 1700
7139 5319
2430 6993
5890 2638
2544 3376
1138 2379
3587 2737
5262 1657
243 5700
2627 2036
834 2609
6070 6919
6363 694
5559 653
5850 3170
3350 1654
3741 3764
5208 637
4755 2532
4648 4288
5005 4289
1443 1060
2109 4427
2792 3595
2816 2547
77 1560
3676 3976
2110 3624
3560 4314
6670 2169
6346 201
2508 4263
126 777
6179 1892
4040 901
2144 3529
3591 5779
5660 5934
4209 901
1655 197
6739 290
2221 4700
64 4893
6573 5491
5037 4868
4332 3192
298 2824
2968 1244
4536 4049
2383 555
3030 4479
2491 2084
3085 6499
6092 5252
7190 1339
5283 901
1784 7098
4113 243
395 4237
6112 7196
4510 4735
902 1073
767 383
5266 5217
2566 1396
2858 4608
5910 3996
1761 3476
4010 2797
5123 1344
7199 1712
4797 1087
1202 2366
428 3900
2725 2187
3786 1687
3310 3385
56 1469
5313 5076
3174 1194
1111 4324
5806 4426
2819 3606
2860 3389
4597 1127
5346 5773
99 2736
3286 3640
5423 2586
2455 80
3193 2727
3327 301
3938 4299
6821 6788
5360 3387
4453 3082
6985 5909
808 6904
3977 3270
6971 1374
4907 6882
4775 4559
2257 2591
3037 565
2979 6095
2779 5987
4945 3170
5434 3646
2711 249
5490 1335
1071 5294
4143 5269
1100 3334
582 5714
1945 3123
3735 6600
5439 1064
5448 640
3031 4951
2782 5115
3700 5512
1668 2550
6066 4662
2710 667
4711 4858
3936 5883
3438 5181
3226 6968
22 3521
7035 3791
2242 6243
1280 5420
5667 5033
7040 6374
3084 7050
4741 3976
7114 1537
5613 869
4814 2783
3273 7098
5586 4722
4145 4071
6832 3714
7053 3621
2399 806
4938 3785
312 4479
1730 2568
6354 3717
5893 3016
2560 1467
283 5432
4877 1533
1782 7175
7187 6148
4153 1632
4136 6294
4930 5660
2262 2224
2595 7134
6308 3030
5801 1374
3678 3943
3216 2197
3614 3052
4009 6877
1401 2532
5100 4126
1295 6971
1203 2100
2804 5123
4790 4597
6187 3387
4430 1519
2776 1735
1271 1125
516 2262
2999 2504
118 5774
6715 4171
726 2902
5895 220
4267 5890
853 5616
337 5732
3047 1068
5338 6825
132 2998
3860 4085
2875 2421
3673 3348
6172 3443
6955 1695
4511 2544
1168 7207
4375 2759
3854 1059
590 5097
3239 748
5182 4828
4731 100
6687 457
6413 705
4997 4911
390 1417
3897 5610
3759 5965
2721 754
731 2240
426 4510
3890 3752
1148 6429
6811 1050
5662 3141
4464 5643
144 5806
5008 4332
6081 468
5174 3433
4534 3730
6098 4855
2005 3392
6562 719
6436 5424
6151 627
5902 283
5788 5889
5394 3335
3866 1916
1183 3987
1232 5070
5401 4704
4746 1421
3014 2467
5331 7172
6618 5243
3074 6201
6479 4817
6845 2257
5651 1319
4690 3521
4099 6896
3282 4688
2415 516
6957 4625
4188 2428
6551 5696
4328 6444
2223 1132
1235 2549
6682 3811
4004 3141
5843 6729
2266 6900
139 7109
3997 6679
1146 6721
5835 1280
2440 460
6860 869
5878 4886
228 1138
1507 5269
4381 2428
415 3493
3723 6439
2807 4063
1650 1892
4252 5026
2512 2630
5111 4953
5047 878
1388 2076
463 4937
1226 415
352 2771
4530 4907
91 5600
4296 4179
5485 1936
1635 1364
3570 412
4571 4114
2334 6396
1853 1452
6319 3869
3681 2759
2620 3948
318 5386
4673 2162
2618 3818
2570 7197
1483 5254
2625 587
44 1486
4845 6384
939 5834
3479 5902
6909 1635
5552 1677
4322 4099
580 1285
4962 2835
4477 6860
5518 5249
2060 1342
4276 5628
6062 6436
2785 4435
3491 6362
6940 4337
3879 4477
2114 512
5984 1124
7025 5229
2293 2043
3176 5684
6247 2890
2950 2323
236 1515
5815 114
1673 5899
7195 777
1133 1285
332 225
7059 2709
1817 3529
3579 5298
10 6384
6154 1234
2434 6473
1034 3992
6624 5465
916 4196
2592 7150
685 5710
6428 3004
1692 1825
6270 6168
7111 2550
1516 2574
3235 3570
4484 5820
6859 3204
5102 5801
3863 5475
5290 7101
4253 3177
5963 2048
2521 3818
3522 7095
3693 7065
5260 5542
1218 277
3224 1736
4899 6474
4230 5528
153 299
1002 3347
638 2109
6121 909
7210 4116
6116 4512
3891 4380
444 4849
6671 3032
6759 206
4589 1537
5813 3121
5429 2438
3966 4037
6591 5607
6555 7109
96 1229
5080 378
4811 7102
6597 878
4094 2734
1009 2556
1969 5714
6290 4436
2700 7131
4792 3345
4280 1400
4502 4569
5527 6760
3848 5934
4390 1305
1196 1937
4311 3731
531 3385
1553 6919
6039 588
3225 4007
1030 2033
1137 6413
3908 5684
2571 243
6231 6112
2499 4481
6981 6639
1535 2766
147 5516
4458 5882
4419 202
5380 97
3810 6812
5479 5890
5230 1203
5408 1474
3307 170
2612 6870
3386 1969
504 2318
880 5283
6943 2978
3788 6570
7121 2957
553 5568
772 4532
2926 1989
1660 3681
1837 1808
6572 4992
3864 693
3406 6620
5045 4296
2479 5815
3311 5875
1006 4806
3169 6243
1585 3663
6946 859
3815 5850
6630 243
778 153
4698 3563
1628 6671
6693 6908
867 67
1545 5813
4905 5974
6336 6289
173 2719
5545 5653
1737 2839
7124 3056
2122 6413
1679 2982
704 623
5612 1687
4197 5778
2565 2288
492 102
6445 3760
568 6344
4826 5494
4771 5096
5986 6780
6182 2551
502 801
4640 1962
5604 4892
2905 5987
1955 4142
6992 5809
5900 2850
6574 3624
3304 2166
2590 63
2126 5772
1849 3347
3921 2499
4450 3239
2480 1393
1432 3269
942 3952
1765 1333
6847 5699
2726 5308
1269 4666
2313 3550
6280 4911
1561 1335
4847 1251
6340 3948
280 2913
5615 2490
1209 3374
4637 545
5453 7144
1563 5952
4340 4435
4772 1663
3257 3640
4422 1595
2439 1402
3537 3873
4144 5552
2025 902
5301 2508
3695 2908
1580 467
2008 5087
2503 2282
821 4085
6779 477
6382 3675
263 6393
297 428
1578 6300
6435 6753
5865 1300
1451 6780
4969 2465
3746 2666
6489 1631
1573 2196
5242 6327
505 3654
2032 2814
5706 6597
6019 4448
3490 908
5536 2262
4590 5298
1134 6754
5303 6382
3077 1097
4270 1351
2073 1766
1609 1343
4313 2177
2039 1661
3305 3154
5278 4862
881 2369
3110 4136
6635 6591
992 3025
5625 5250
2845 4471
4354 2946
3375 3556
2569 3055
4362 5394
2936 5527
3358 1176
1334 2128
818 3678
3647 6868
5404 2203
3102 5909
3360 5140
7153 4512
2730 3055
4988 3303
1772 2029
5633 3084
6487 4497
3618 1558
5263 2734
1225 2221
4423 4491
4914 4724
3850 4333
3940 1125
3136 907
788 2094
4122 4490
6866 5537
1477 7131
6746 4323
2469 2189
5472 2968
462 5901
605 5331
903 118
5120 6000
6185 5280
2153 4014
241 4926
6198 1799
2509 3520
6651 775
1946 267
6249 829
6305 5140
1026 5465
2370 5849
2468 2721
2441 2495
525 1078
1369 3717
4669 7102
6478 2980
6916 3023
5267 1221
4577 754
6079 939
388 2918
3147 6157
1441 468
1041 4218
1991 2334
5336 5559
794 5972
2367 4253
2742 307
5968 6576
4152 5417
5032 691
1252 1690
811 1390
1588 276
5175 3777
715 64
1150 3860
5381 2393
5409 577
1362 4263
1122 6910
3628 6050
4593 3792
570 2615
4966 2700
6702 3763
2784 777
3042 2022
687 5706
5817 4422
6941 5826
4834 1400
3711 818
2899 6112
5663 1263
7080 1417
2870 7025
2542 4698
304 5966
4205 1200
1126 2409
4880 6576
7189 3902
2922 7007
6879 2609
4852 4140
6604 3765
3806 3085
6083 3284
452 6929
2391 6518
4102 5466
2458 2453
1749 5352
6886 5169
5669 1209
7194 2270
2193 2273
6714 452
5596 7020
416 5889
101 3823
1458 3097
1173 3815
2378 3646
4219 2885
2596 3363
182 465
3187 4640
1442 1111
3667 144
597 4412
227 7134
6791 3612
3535 1246
643 3117
1662 6687
5163 4476
2582 5534
128 5275
4395 4040
4616 772
1975 4031
5449 5190
4622 2513
3145 1784
401 4136
4098 1451
4452 5637
256 1731
4556 6056
1566 1834
3707 1454
2408 2353
2188 426
3003 6234
6770 1937
4428 5533
6376 3691
2537 1925
6890 6378
88 6025
5751 822
1951 2914
3060 2870
613 3687
3672 3158
6494 2797
6912 801
4290 1873
4581 2357
3601 3453
5288 2411
1922 5243
2191 4769
4234 339
245 6572
5553 7196
3616 1074
1471 1626
7008 720
3870 5528
6018 4262
1236 4817
798 2542
1327 1056
2296 5518
3148 3673
3430 6337
4413 6305
4200 2113
6772 5205
275 4900
6301 3777
6144 3741
6526 5456
935 501
2359 5183
526 2256
3802 2715
453 5257
7170 1096
3353 7098
6994 479
6563 4031
1688 2655
3819 540
1286 647
3405 2381
3567 2084
1336 1697
1879 3596
4566 2598
5446 4997
5995 1610
4095 6811
3098 4253
2119 2975
3907 5767
4373 6670
4339 6884
1139 2665
4777 4381
5293 105
3725 1015
2745 5057
143 6418
4524 1166
5091 1395
6797 2125
1838 5601
3088 376
6184 99
1882 6231
3592 5816
6122 6202
3962 5890
2054 4583
6356 5596
2896 6201
5052 1342
6654 1672
1512 3115
2419 496
6906 6915
4677 6470
2387 4136
4630 1025
2314 6739
3095 5214
4679 1319
5511 869
4128 3498
5199 4471
1481 1566
6857 4219
3135 5518
5316 2717
7089 5772
1981 4327
3066 2994
5035 5450
5841 2845
5167 4669
1116 403
5438 460
3261 5524
7136 1157
1637 4973
5997 2577
1048 860
1819 3469
7096 34
1313 730
6701 7137
5067 4264
5611 7089
7181 2875
1669 2999
813 441
1149 3725
6149 2826
6260 989
6595 2207
2158 1183
495 5185
3703 2434
1153 5157
5603 2393
6390 5731
6920 6712
1777 1307
946 3042
2390 3949
2284 3977
181 4293
4588 3567
1847 5637
1106 465
2830 6838
1728 6033
5144 72
4129 3090
4173 5809
5840 5767
1155 3140
4350 4602
7019 6424
6492 7187
3414 3405
3072 5751
3167 6899
4161 6902
1893 5260
698 792
3321 2277
5598 3788
3749 2684
5171 4482
379 6185
1386 594
6722 3565
2548 5087
3779 2809
6796 1893
303 5032
1616 5074
1786 5246
2329 6214
1180 6955
4089 4013
2091 1718
5711 4624
1935 5706
6817 3663
5467 5598
2348 6879
7177 7025
1284 1246
373 3714
2754 6906
4160 23
4827 1669
3485 6337
1577 2173
192 5102
6330 6533
1851 4423
742 7187
1169 2641
895 5365
4612 2453
5838 6575
1651 1269
3486 293
3364 6714
3542 822
5233 6057
5291 4626
2360 2257
2677 3520
2445 6825
1912 5440
4131 4111
1887 4240
615 1268
7152 612
440 1945
166 4953
600 911
3459 4490
5645 5067
6167 5564
4 2383
5014 5190
998 3645
4092 2975
86 4204
5978 6141
978 7170
6118 7166
3965 6346
3923 175
2626 1169
560 6104
4123 2440
1488 1300
1069 4988
5227 5610
7179 2328
4542 3270
3513 4448
5377 4666
7091 5096
707 3585
1140 3823
2538 3911
982 4880
6649 3498
422 811
5187 2419
1890 1364
4070 6992
2781 3204
4575 2277
5962 3693
253 4616
1436 5932
5620 3257
725 217
684 1305
125 2700
6353 468
3710 3082
5484 568
6217 3262
2183 4338
6006 2736
7182 3173
765 1035
1033 4639
1756 2517
6415 2905
1964 1718
4175 5516
3371 1596
1541 284
3018 6733
6016 3701
5340 235
1992 876
5539 7111
2866 6704
187 3513
2070 6310
5563 6714
6631 2187
4002 3376
5192 6066
4798 1840
4371 3863
4965 1765
4799 5249
1582 1430
825 982
6822 5816
5241 3367
6107 3973
4496 2303
5399 3687
3968 1147
5031 290
4891 5076
3633 4626
4424 7204
1985 5595
5488 5157
4391 1730
2232 869
3268 1225
491 2140
4147 4122
4934 6679
3878 6444
656 193
2291 3537
4363 33
2044 4746
5330 1537
6008 6393
2321 6234
6724 3863
5856 3528
2670 4589
4572 2792
5006 2208
3407 3174
2013 5107
1377 5732
4889 590
7077 96
5213 2719
4056 5973
363 72
2382 4658
4093 3172
3917 2614
6392 5442
2747 7187
5088 6780
1984 2675
2818 2920
4647 6122
2442 4904
4346 4494
751 6330
3607 5856
773 2113
7013 2759
4048 6115
4184 2004
5265 937
5581 1315
3114 6122
5908 3625
3925 6177
5500 5813
3210 6294
1547 4056
541 2422
2405 1181
4243 4615
5062 1987
3093 39
50 2503
3471 5420
974 6676
5959 3146
1743 6635
506 3246
2486 4116
635 601
408 4624
60 640
3705 1808
6831 4828
2893 1578
4842 1140
706 1525
3836 5613
4779 3235
875 5714
3934 6270
6950 3811
4344 5798
5979 6676
7117 3367
5086 988
2703 3752
753 1549
3758 1319
2837 6538
5703 5639
6717 540
6540 3121
5546 3062
3151 4091
6633 1710
4831 2282
5730 2147
2831 6683
4150 1925
986 6181
5712 6905
5398 802
205 1171
569 1731
5165 620
5081 2167
4106 1244
905 6346
3796 284
3069 3066
360 1452
6351 629
4931 5250
5133 6092
474 1069
6948 1755
3278 7010
3322 5166
7126 1183
1600 1069
4709 3388
3070 862
5763 1533
5588 7197
5508 2530
4032 2446
6726 3192
7033 4922
2633 1315
4570 6100
5224 5341
7078 2043
4726 4200
1179 3178
6468 1483
333 6092
6644 946
6756 1767
1739 6164
1212 1364
4082 4844
3582 5886
6293 1429
1199 4092
324 3867
3696 2013
6967 4524
5354 3879
6207 4890
1337 4171
1018 6624
4812 2575
4227 6949
5554 309
6094 2270
1717 1149
5387 4812
3558 40
5184 4828
4169 6784
4929 86
2165 2923
866 462
2937 7070
425 612
315 2415
330 5615
3881 3878
1107 3270
2696 2366
2888 294
1891 3376
6622 6429
6051 4337
2799 6866
4865 1985
1526 1015
2690 1180
898 643
475 1582
2572 2626
4376 5622
2553 6890
3067 3518
5505 1232
1079 840
1978 5331
4809 5723
6174 4899
6433 6649
7160 6847
5397 5678
1977 2529
4832 4284
4738 140
535 7203
3243 4969
791 5491
2287 2349
3294 4371
6205 4490
4077 6226
3220 1668
1836 2394
7157 4630
6581 6967
4801 5678
3820 6797
5722 1854
2562 3003
3862 6288
5928 869
1540 205
1701 4144
455 1271
633 2790
4309 4418
316 2736
804 4163
2014 2958
930 243
6933 4116
6297 1486
6372 4546
3005 3999
368 4328
3036 441
3440 895
2827 4075
6175 5820
6402 3600
6627 81
3150 360
6153 2387
3874 5619
3778 5113
7159 4414
4039 3588
1347 4938
1301 5680
6284 3996
5802 1955
5486 1018
3829 6536
219 1050
0 2759
417 4005
5098 816
3017 2985
679 4364
945 3737
6922 2148
887 3224
2971 3808
2692 3837
3383 3857
6790 4031
5912 5259
3589 197
6244 2082
7176 6854
3109 4990
3718 3004
1556 2298
696 5265
1763 3436
2470 2684
83 4881
7097 5006
1292 6410
5325 3064
5245 3136
2789 6855
4162 4831
1509 5723
1658 4709
2157 1860
3505 5070
4061 7072
5717 4810
3766 3490
4549 3796
5522 1536
6194 3335
3939 6787
98 4173
3423 2821
3562 2935
2252 1763
1484 6415
3343 5035
1427 7173
2123 3738
3605 3247
976 2276
1475 2199
3162 4196
2751 305
1101 2109
2435 6300
1215 6278
4976 4375
2516 3372
5065 88
6532 795
6338 6006
5956 13
6508 613
5390 4408
6990 3806
2330 1399
2400 5010
3233 4402
5150 611
5200 7153
2859 3225
1910 3023
5476 3764
5583 6025
21 1493
1240 4183
4246 1464
2793 6920
5222 4243
6477 6793
4727 4435
599 2299
2396 7048
4011 6894
4272 6118
1680 5142
1262 4323
5760 2870
1557 5449
3964 3675
247 3501
676 5440
6281 3297
532 4590
4493 6603
1213 1655
2160 5913
1880 6391
2942 6444
741 5045
1204 2353
981 2713
2343 3178
4999 4765
6505 4889
4692 6488
5752 5959
362 4612
2254 2883
2593 1785
3049 5681
5405 1271
3899 6301
2229 2113
5969 3984
5673 4061
4618 6116
5915 1611
4036 6168
2201 5636
5103 5736
1896 7211
1550 1469
6101 3723
1841 153
3420 2373
6794 5921
5117 520
4046 4314
4043 6326
4326 4309
4643 4065
4425 1984
5831 1522
1711 2414
4509 2893
1435 5088
6109 5901
133 1396
1548 3663
4961 4227
4278 2136
6125 5995
5504 1124
5852 63
4641 2652
3511 3244
4525 2014
2989 2318
2874 1156
6621 2951
3028 656
4558 6248
6252 1119
2584 344
3979 7211
2962 6027
1283 3049
786 1614
2514 7179
6264 3703
7081 299
6323 5055
6652 1765
6373 466
5315 5650
3050 7090
2606 4807
5538 6892
2947 3297
868 3014
1885 6453
819 6944
5695 3042
1008 4907
5480 5704
2635 2270
1080 1910
1822 2741
2038 4258
5629 4299
2673 3069
5771 5253
6897 1935
1331 5882
142 637
6642 5564
62 1083
1803 2860
5444 4288
4308 1669
5759 5435
5954 5662
4928 5968
6009 4272
6763 4798
2311 3752
585 3739
3728 2481
4017 3627
6498 5982
137 5159
5980 6068
6292 1585
3541 141
7143 486
2628 5339
1569 1596
3425 7101
1053 6281
3853 297
386 307
2248 3042
209 6488
699 3004
5270 4494
7198 260
5914 1668
3473 524
319 2152
1163 3714
1913 194
2063 5874
2216 821
1104 1192
827 3667
5002 22
1659 2735
4315 3829
2940 5270
3904 6920
1270 2582
5520 6185
4172 269
4417 1732
6306 999
797 6992
5531 2614
2280 4840
5012 1767
138 4560
5362 2440
3903 4048
5768 453
814 2875
3240 3628
1498 7122
70 916
1385 1825
2476 2947
4941 6529
5936 3928
5742 2091
4369 832
4170 1558
4916 4639
287 1227
1923 5466
4294 5788
2852 240
5967 3699
2406 5411
4888 6068
7206 348
3008 1736
5461 5723
5132 6464
608 5579
2045 2592
5471 6041
3299 5070
3798 6201
1920 6253
1206 1956
5202 6073
1809 829
3137 5826
2847 286
5147 2259
2607 2670
5193 3335
4603 1974
4389 3926
6873 6883
4086 4470
7113 3114
6312 3430
1265 2722
2558 3979
6509 5593
4187 2411
3781 1994
6557 7145
4527 3695
636 6323
5284 3430
7161 417
2733 1395
6653 898
4504 963
6764 6912
3642 6276
4025 7132
4052 640
5003 2778
1039 3261
19 730
4860 5439
1592 7174
4194 5809
5170 3170
57 6768
224 2425
561 5239
6975 2193
255 5044
5574 6507
4285 2491
1254 2874
3454 1002
2608 3299
381 5129
824 6565
1944 3934
6266 3866
6515 3231
1524 524
1863 6392
630 726
4949 3727
346 5877
681 1236
4190 5131
1013 1266
6850 1758
4743 2393
5786 3560
6173 3308
5177 5341
3619 2221
2200 4801
420 5231
6798 1994
6228 2492
4466 5449
6932 1090
1859 4639
6777 4188
617 6536
4301 2533
4729 6075
3631 6292
2059 6904
6878 3327
739 4595
3356 3589
5765 4811
4759 1450
6352 3845
3001 5240
5729 1894
1564 102
2604 1400
18 3834
4208 1127
1907 4144
3092 1971
3530 810
6261 5432
4507 467
2384 1825
4956 4299
1258 7067
5757 821
5614 4234
4562 5096
970 3001
5687 5650
1003 4140
5053 5263
1411 869
1939 6404
711 6986
4465 3615
172 7181
4883 6787
3895 2185
3927 2059
1816 4746
3320 2985
3526 2858
1648 1737
4620 4289
311 4354
6128 2565
888 5428
3507 3731
4766 3741
5606 2231
4702 7008
3736 4747
1878 495
900 3062
2145 66
2907 6214
2432 508
2775 3869
1823 6600
6818 2514
6304 5744
4917 137
1792 806
1487 1272
2953 3548
4898 1181
4728 6116
3919 2860
3669 5437
5152 5282
3451 1701
1187 3023
3933 1556
2843 6733
3285 4386
2488 6164
4492 4741
6077 919
400 5853
3460 6564
2154 4658
2449 2446
564 6789
6055 3700
5860 1773
4229 6726
6295 770
3442 1547
3391 824
3549 1452
2767 545
6548 3606
5917 1155
419 6160
135 4170
6178 1400
882 1899
3155 3392
2712 2775
6751 6487
1867 5803
5277 899
3861 977
5216 6620
3449 6920
572 5987
745 1697
995 4997
924 6882
4585 4709
2853 2408
5836 23
6928 4500
1924 5722
3993 5195
567 4038
6063 3110
1539 3469
2088 5995
3754 2591
2833 284
4584 1450
1674 6092
5333 6448
4756 7060
198 1913
4960 7137
2854 5124
3852 844
4044 1440
2289 2025
4947 2132
1531 1991
5069 2931
1931 5446
6441 2847
4074 1474
6650 5578
2331 1974
3337 128
2619 1125
1720 6264
1778 2982
1325 1331
5307 4188
5388 5643
4781 3449
1257 587
134 7094
1004 4673
2777 4081
431 6649
2168 5002
1382 4686
5082 3861
4167 3597
165 369
7103 2411
3629 4105
6585 3403
1084 4781
2862 5316
1007 1690
350 2463
6005 1966
3096 6793
1942 804
6989 318
1376 4615
5692 2266
5114 6884
3892 1533
3191 3077
3272 284
6044 1971
4568 180
4998 5369
82 6908
2250 3216
1480 3261
1490 2255
5804 2328
5674 7081
4232 5052
6239 2165
2748 1344
470 348
2062 3060
1412 2692
5276 3262
914 1942
4239 2975
1868 5538
6277 3809
2484 4052
2424 4010
4885 5230
5416 58
4360 1926
1077 5485
3534 6445
471 679
1193 4450
487 5006
604 2420
3514 5270
4818 7137
6713 2913
6467 6498
68 7025
3564 6046
4708 3212
4975 6633
1703 5068
686 3809
3790 2152
3131 4364
1957 590
2186 4359
571 1890
3734 1031
2791 7149
7002 1626
129 5712
6321 1087
2202 3866
3253 2398
5289 6122
1617 4549
3497 2714
1505 5131
1542 4267
5238 4881
6438 4717
2698 4048
3119 1184
167 1034
3089 3777
5819 635
3227 3667
1478 5681
4397 4814
2402 1031
4201 5246
411 2719
322 1751
6265 6912
3401 1700
4222 640
6862 2727
938 5184
3821 1716
975 4708
2375 5489
967 3592
2452 5351
5324 2556
493 5494
29 4612
250 2400
6036 153
2121 4892
1112 2465
4215 5149
7029 3321
5851 2905
2760 3268
1144 4086
519 2442
2461 5695
2728 949
3985 3978
1027 2888
188 3433
3276 4858
5443 5639
6461 2109
2507 3266
4942 6249
1405 535
3757 2001
6427 2905
2024 545
2929 4519
103 4424
4633 6128
5592 5546
3709 1695
5944 3968
5897 2323
329 3964
78 6223
1070 1274
5726 3537
537 4702
3684 2620
5028 2606
5347 6756
5094 4504
6945 4740
238 3616
2079 1687
6030 3567
966 5882
4896 2604
2581 6926
4382 2736
2230 3896
115 2737
4432 4975
110 2946
4181 2196
5049 4327
2894 6827
670 897
5264 3896
2410 4962
5180 3140
2407 337
584 6992
1016 6682
291 3374
663 4323
3944 424
1722 1138
214 791
4875 4065
4051 4995
6661 1412
2494 575
3127 3146
5960 1852
2403 1710
583 1536
5459 1107
5584 4344
6973 419
3223 5984
5718 9
659 3077
5750 2703
4718 2406
4764 3673
1115 1149
4742 6353
4488 2536
5609 2162
171 2398
5477 2581
2092 5132
1207 1106
2437 381
983 6856
364 3844
5957 2014
3849 4760
1352 6126
2322 5622
6864 3487
1587 7051
278 1395
1613 1339
3822 914
1304 7153
292 1763
3161 2299
1142 4126
6681 4514
3998 2835
559 6650
4474 4608
5101 2862
3083 1471
6204 6201
1433 3521
370 4883
2180 2167
1130 6183
6695 705
4850 584
1355 330
5618 6994
3291 2295
211 5901
4478 560
1276 2655
5749 878
6350 5330
5059 6644
5906 4891
4819 5213
5855 4855
5658 5229
1684 528
6750 988
6421 2083
164 4352
5747 6347
5981 6448
3333 2400
4946 3599
5833 2514
3670 6702
2579 1043
6931 4864
1311 6709
3241 454
573 6572
1042 391
6602 1149
789 5687
2143 5325
1170 508
4117 4439
1702 2350
5226 992
6503 1313
4565 4105
2263 6773
5279 5918
6935 4292
2239 68
5888 311
6898 2001
210 5450
6511 1564
3875 1168
3081 5918
6208 333
5384 2915
3180 5568
4897 6066
5151 5009
2865 3303
2000 6833
1656 6044
1045 2646
1448 192
2482 6966
5000 4937
2028 2888
200 1582
3706 1499
85 7150
437 2203
6493 1123
1568 2134
1489 6094
2258 2025
6512 5966
6316 37
6614 2958
5364 2592
27 156
5172 7119
4353 5177
2772 312
893 6312
5829 2127
3207 6687
4753 2577
221 6603
1185 6453
2817 3696
710 3340
4154 2925
2444 4010
3118 6533
5950 4640
1691 3529
6235 5145
2811 5298
4854 6292
4557 4471
3054 2298
3913 7060
5923 4622
6161 4142
4248 2684
3314 4158
6696 6593
4513 3072
6146 3485
2632 1157
3623 4111
5644 2576
6708 35
1513 1464
5780 6366
2340 5091
5389 6576
6401 6864
1275 4681
4132 4493
6523 230
2917 2784
2739 7077
917 6035
5734 1614
3466 6840
3983 5455
2522 267
4207 4439
1954 5886
5922 6035
1314 220
7201 4276
4800 6651
4981 5625
2810 4590
2945 4066
5342 2633
1638 2920
36 7019
5562 4524
2182 4148
4053 4095
4035 217
2015 4981
459 4588
2535 1692
4377 214
5724 2709
1032 4979
1877 4172
6329 1578
3300 3202
5379 5717
3078 2771
5654 408
6361 4736
3418 2912
1795 21
6267 4463
6029 1423
6318 4536
5018 5202
3994 463
4544 2832
6225 6604
6666 3313
7087 4158
912 2512
6528 6215
3552 3710
213 1772
2052 333
6232 4679
6849 4881
5777 5319
7052 7183
4483 2579
716 2974
5854 6288
4659 4767
1497 2121
1714 915
4400 6906
702 3210
6250 4849
3909 6205
2631 5239
2605 6777
6447 2748
95 6070
2718 2974
1647 5249
6736 999
6842 5176
6596 68
2545 6175
38 2109
3937 2784
3206 1852
2342 4756
3410 6909
212 2182
5061 6811
1224 5940
1874 1030
799 4215
3061 1090
925 7149
3441 5171
2921 3848
539 2593
2107 4519
6426 2529
3832 2778
1844 3962
5204 1679
1586 2640
2645 6902
1750 479
6984 6980
1198 2847
6032 3182
5196 3485
5343 6990
3426 4513
5326 3627
2388 6208
7135 6532
1014 1468
5793 2329
2354 3808
4754 4369
3882 3052
6014 5012
5273 559
4915 1265
6020 5187
1745 5554
4182 4228
5525 4172
1884 532
2065 2960
6686 1735
4776 7109
890 1586
3463 2393
4506 804
3402 3992
576 4589
3887 5137
252 1962
2283 3853
1794 7097
3171 1339
6322 3882
5077 6602
4968 5311
951 7141
3568 5334
4268 4570
1332 1168
1175 626
4614 1759
4343 1958
2780 3361
1409 2109
2002 4946
5929 3640
1368 3265
4374 6746
1704 4023
3079 5222
5371 4252
672 5554
1058 5183
4545 4406
3474 5305
2966 2792
5896 1044
6021 2107
1928 6438
3398 1567
6699 5494
2364 1862
1317 6323
2352 7063
1383 4371
5071 3562
2763 6897
6643 3267
7171 5878
5943 6361
2026 887
4283 4917
5385 2529
4003 3966
3733 4003
3609 2548
3200 3137
4580 2144
5374 3528
6674 69
2361 5587
3784 3177
3839 4990
6099 5585
3129 4800
3803 2125
1689 4509
4185 2314
6647 5065
6901 7002
499 5457
4758 930
4548 1182
4594 3998
6663 5691
6135 3383
6625 711
3575 1378
5961 497
476 1026
4124 1795
6080 6191
3396 1853
4384 4766
3840 5202
5665 2899
3043 443
2006 4264
3630 704
4059 506
4822 6957
361 1670
1581 5006
2898 559
154 5137
6835 4369
3682 6517
2647 1555
6903 1874
117 6000
4910 5749
4342 127
6412 4144
4870 1461
6552 2024
4058 6994
5719 4539
7079 5248
3482 4412
112 1984
1696 3965
5128 2270
831 1758
743 3155
4933 6753
4437 4448
1255 4010
4710 7145
4564 2628
357 5374
2756 1013
3378 7099
6485 1087
1299 4765
5903 430
2567 5270
845 6421
2010 150
6134 5579
5356 1441
4604 2394
964 1257
6501 5055
6645 1471
5634 2837
2459 243
5862 2641
6765 3926
4699 2920
4609 1292
3658 63
3236 1002
7061 859
1415 2730
2654 2551
405 3136
389 1853
2527 5414
3826 4896
985 6696
482 4658
4853 3595
4269 6428
3346 2359
421 3990
7083 2568
7146 1663
3091 5278
598 3246
159 5489
4250 594
48 3391
2861 1758
5590 4260
2752 6272
4725 2360
4857 132
317 4763
4416 5774
815 983
3292 1265
2540 318
3022 3673
5329 5545
6646 2517
812 1150
4307 1141
5976 6770
668 3083
6660 1171
628 2097
2027 5527
551 6809
343 775
4329 7128
5201 1481
6026 6475
4574 1536
6718 7113
654 1895
4291 1422
1392 3691
1980 3921
4335 326
3825 2514
5565 5691
2515 806
1624 3695
2219 1289
15 3978
5671 1919
447 4513
6059 6051
3013 7000
3546 3360
2911 3593
406 437
5212 1746
850 36
2238 6868
5272 2977
4808 4570
4838 5629
6637 3088
3318 1674
3160 1035
6560 1018
4396 3325
4601 6548
3419 6644
2397 1138
7047 3521
2539 693
6074 2893
1076 3684
1010 25
6513 1076
6805 919
3011 1280
2204 6307
931 6955
6335 5176
6996 1549
6924 4326
184 2465
2820 2443
2450 6711
4221 1913
4721 3078
6456 2004
1723 5372
2057 3471
7015 5614
1831 5227
4607 1937
3712 1427
955 2808
4796 3392
1419 4219
6619 5917
2969 692
120 4098
4266 144
1976 1877
4404 3823
4133 5955
458 758
6090 4542
6947 5319
1575 394
3980 5602
6569 4311
6417 943
4080 1777
265 904
4652 3832
6962 5043
5591 6183
1918 2645
3499 1060
3186 6778
3856 4399
3024 2898
6525 5290
1832 4827
5655 4928
5970 5408
2336 344
1764 6235
2433 4545
7105 4746
74 2206
4985 4369
5659 747
614 5750
3789 2906
3532 5081
5517 4483
2356 6873
3104 707
7034 2666
6738 6261
5891 2117
351 6888
222 3216
1404 636
4638 3815
678 1153
5433 518
631 256
6430 4639
4068 6711
2105 3879
4909 1896
2170 4205
469 1920
847 3567
5728 486
1353 2862
929 4336
2346 1809
2081 3388
4739 3724
51 1817
4224 988
3751 125
6531 2894
1350 3850
3228 584
5576 2126
1267 5100
2844 4941
958 2165
4457 1168
3742 6843
4334 2726
6222 2028
2943 6931
5621 6488
4366 688
1965 3607
1248 7153
3632 5944
877 154
5530 6939
3159 6237
2716 6418
6180 6546
6964 4332
2090 1328
5119 3358
3138 7206
926 2628
1724 4759
3437 3597
830 5324
1261 2674
4468 4116
2358 2422
1066 3629
4104 2043
270 3322
6143 6594
4110 6163
774 1086
6606 1750
6462 3311
4097 988
1037 1327
2992 3893
442 2608
5683 4891
2613 4442
195 6246
6233 1912
3275 2160
6871 2039
6792 2608
4203 2316
264 4775
3573 4381
6577 1981
5805 1350
3380 1008
2724 4328
4020 7208
2412 5435
4379 3143
1594 5654
4687 4147
4617 3945
4921 6798
6364 4453
5532 265
2667 6365
3888 1107
434 6567
837 815
1552 1035
5017 6153
3021 4003
1606 1236
1694 4438
5427 5940
145 946
2881 1225
3846 2054
6015 6935
7104 2584
5935 5537
2708 520
402 2950
371 5187
104 5186
2753 5728
5481 6366
6394 1919
6938 2166
991 7076
6752 4770
6206 4323
2281 6212
2324 5100
2704 2331
1941 542
2194 2111
894 2814
776 960
7093 2660
1061 6726
3859 6511
5761 7064
2658 4753
1636 4075
4843 1125
3812 6640
2541 6229
2750 6881
196 6362
5337 4932
4543 344
3196 4017
4654 6384
5867 5065
4701 5126
6808 4309
1901 5525
1217 3487
3394 1318
2344 6802
1195 5254
2130 3146
768 7025
4645 2121
4816 2231
3680 2678
5407 931
5054 6292
5946 2422
5306 1614
5460 605
5991 4335
488 5888
5748 981
3458 4446
1952 252
5679 2641
6013 4290
4991 6173
1671 2659
2554 2735
6927 6779
3539 2077
6082 2974
3577 4278
5924 5261
5452 6307
1381 112
2856 3005
6152 1738
5727 4689
1178 6430
979 4059
3412 1764
3800 3647
7018 2114
1447 3110
6186 5098
4952 6311
432 840
662 1695
4186 2207
1455 2425
5510 6420
6629 6556
5332 6835
4119 4352
2765 6896
5314 6752
232 4169
1559 5042
6423 1042
1527 4079
2315 1175
3165 6297
1508 1979
4963 3380
6740 6293
2636 5414
2774 3441
3164 4928
6381 3119
4141 2317
6166 3327
3472 2708
3163 3710
5321 6562
2241 1508
1997 3001
274 2145
1492 4956
6863 4616
6209 7174
4345 1821
4552 7081
6611 5276
952 3072
5348 859
1151 2373
7108 5411
3446 4756
5810 4001
4529 1524
1820 4788
4789 4572
334 3507
3248 2740
6106 1268
4712 819
6357 6376
92 5142
6781 2597
1177 4724
2932 3059
1858 4534
3045 5228
461 6083
5983 4183
483 5937
4449 3115
6127 297
4440 2591
3971 3670
5845 3438
3494 1638
6236 1628
5104 3166
723 2442
5842 2831
1725 1901
6011 3651
2600 3576
4034 3946
1476 2814
4515 1507
6801 3513
4674 6417
1259 6565
1630 209
2012 1351
5550 3979
4600 4147
1081 6894
4087 4344
6820 3567
4090 2323
3885 2276
1855 2356
744 6181
7021 7145
5110 5660
5642 5260
4067 5801
6385 260
1830 1550
4130 5603
7075 6723
1029 657
2594 6329
5739 3470
2557 2736
1121 2641
3957 4966
1769 5590
4050 2575
1770 4502
6732 249
6255 5936
5225 1315
2007 3206
215 1145
3185 4310
1572 2621
5925 6094
3365 640
527 6141
2341 5629
3961 704
2218 4509
5713 6236
2501 773
5543 1213
2506 860
5232 3144
6221 5381
2454 2039
536 2110
1105 2308
2668 844
3203 5890
6425 4284
851 2532
262 5901
4634 2382
673 5241
2176 1390
5073 7102
2269 3522
6176 1268
3855 6629
1384 663
2510 1869
1900 1872
4861 6573
6960 4907
300 4124
5335 6202
566 964
6129 173
288 1720
1502 33
2209 4952
3256 899
6263 5075
864 1502
5846 5466
3655 81
6544 2128
6872 832
1905 3742
5566 2229
5789 3380
355 7141
857 5186
3101 4418
1152 1735
7147 6546
5370 7072
1791 4504
3590 745
5666 7094
1359 4360
2011 2113
5785 3470
46 7160
5555 5263
6043 1547
6142 6825
3015 5609
1602 4616
2564 4624
3517 57
695 6354
6045 4478
3100 5875
3351 6882
5206 3669
2991 2048
169 820
4762 3529
3124 1316
3686 4452
2497 3192
59 829
4703 311
2376 3739
7038 1002
712 2941
124 896
861 6902
1360 4
1678 7008
1444 5457
2910 2881
1788 1081
6431 3852
3222 4010
973 192
3051 5855
5478 5290
6105 6201
1049 699
2500 2140
5693 3600
3044 431
4319 6602
4833 7170
4193 4377
4254 5875
6192 5653
2938 786
3551 5243
5677 1733
4882 6186
4297 6778
90 5293
2457 871
2981 3564
2663 5477
1709 4880
3509 3498
3639 3045
7014 5845
3218 2287
5745 2514
4720 5504
2965 7017
3799 2729
1439 1792
2129 5309
529 362
5463 60
4312 4374
4149 6975
2611 1641
7163 2570
6610 7149
6830 19
1161 901
3219 4968
2871 6653
3250 4536
1646 6692
717 6984
2555 2165
5561 5546
6071 1769
5911 2896
1959 1231
6395 1034
4421 3091
2181 6109
6064 5531
3793 3552
1914 6817
239 6174
3217 7097
42 1441
5078 3308
1538 4215
6547 1738
6698 6087
16 5327
2448 6429
4378 1939
3306 4636
2849 327
3916 4375
4613 412
6834 6239
2472 1878
1644 1509
6655 5568
3046 4105
6170 3965
5825 7060
738 4740
4480 2512
2142 1849
5755 6940
5039 914
4632 4630
1220 6178
5209 6171
6844 6669
5236 2614
4475 1052
5661 4315
1530 6858
456 5082
4321 2501
2949 1302
1366 1196
5947 4808
3833 3914
4923 319
2829 4120
1093 3957
980 4497
4535 4058
546 4142
4705 4991
6502 1770
6131 3222
2496 1641
6360 3706
5794 6305
6049 1734
3484 2810
2834 1174
2244 4363
410 3973
1693 249
787 59
1857 1147
161 6099
5577 6928
4964 4535
959 774
5188 3305
4518 2734
1742 438
4316 3788
310 5677
1482 4126
3653 2910
1762 4760
6486 1271
4778 5865
1909 3077
6716 5178
4235 2119
5109 1964
5990 1559
5426 5773
625 2294
4303 1647
2967 3896
2695 483
4351 4591
2066 2370
5358 42
2623 626
399 3940
1570 2423
6963 3905
1354 680
3492 339
762 5510
1565 1797
5733 4212
6875 4868
5412 1563
7178 2066
3674 2393
4255 2579
3283 6142
4410 5325
3561 1925
3947 1564
251 481
759 1631
382 2281
2041 1772
2822 7111
4866 2609
1338 3945
2279 2091
609 1955
152 4235
4596 3729
6771 2824
6578 3867
3617 3008
5573 738
1208 4235
6668 5529
3120 6210
7100 1040
5274 3675
3906 2937
1753 2140
5493 1313
6072 1694
3989 3712
5146 4529
308 6274
3073 720
109 519
1098 4747
2563 1651
3915 4240
4073 1371
3331 1202
1815 7096
2447 1507
5121 7050
4118 3256
7138 5963
3211 1056
5781 5327
4984 2818
4537 2974
3583 3562
5312 1390
2093 1215
6078 5699
4829 6591
4541 180
6521 6344
6758 5698
2955 452
4121 7152
3920 6652
4714 5873
2046 4221
6601 5235
2523 7025
2051 2500
2327 5947
6710 5226
3827 6862
5162 4814
4454 1215
2963 6850
380 5961
323 1685
1348 6565
3753 5929
6047 2699
2086 4237
244 1670
7120 2044
4978 3294
4707 2112
1824 3105
1839 3278
2933 2804
2683 4692
4451 1912
4433 2633
6559 3400
4957 2764
4948 5485
7185 3538
6519 6901
1828 4373
6219 4558
2680 4042
1135 5576
4745 3283
6880 1286
793 2052
6140 3407
6130 6490
1446 3499
3012 4689
1947 6440
2796 716
1022 2692
4330 6316
1055 6981
4592 863
2309 5284
6017 517
5173 6686
6375 5237
865 6541
6010 5379
4793 1053
1 7211
722 877
4627 2289
5648 4548
5020 3386
2973 6445
2075 6311
295 2399
1645 5494
622 4644
697 4412
805 552
3805 4061
3359 5897
2580 1587
3053 6361
1190 4248
4192 70
6617 4565
5366 6229
4683 6896
4331 7171
5375 3681
934 4491
6545 2614
3252 6177
2812 4161
1883 1939
3963 2376
3290 3147
5758 1447
2643 4560
4355 1646
5762 3064
586 819
130 170
918 2412
2462 4759
4445 2408
6998 1673
4223 6261
578 6625
3255 5587
5355 5291
2795 4981
89 4915
358 519
2175 5454
1968 1123
53 4033
2345 5961
1713 6973
163 2495
2264 2837
6800 6218
5635 3276
4805 7114
2686 4474
7054 1968
4415 1161
4561 3327
1518 4832
6539 5157
1848 6249
1517 3417
1972 694
2058 7192
5920 2957
1960 4164
7044 682
1886 1470
1273 1435
3924 4577
3041 4097
3872 4086
5782 1417
2876 2059
6145 3244
6913 1119
6367 2160
5847 3909
5127 1052
1425 5412
7043 6109
306 3454
3483 5639
4274 3097
3715 876
2363 3337
6684 6095
2161 1641
509 3696
6554 5773
4994 3067
1110 6488
3769 6808
6262 1141
3076 2621
5482 942
3594 741
5754 980
4245 6177
4076 6354
6936 3836
3274 925
5013 935
2800 6293
2653 3846
5766 1712
854 6219
242 4710
5998 429
3263 2110
6195 6904
1243 1737
7046 4762
5549 6021
3277 5231
3516 3255
2072 6306
5938 3072
341 3449
6368 1663
5211 6192
3370 110
3199 663
7 2662
2552 440
2997 1432
2648 261
4925 5816
3608 528
5988 7047
5790 4079
342 368
7003 181
6807 5093
6088 3047
6405 2075
2108 1377
3112 4900
6155 785
1129 2199
652 5601
5090 5615
6605 6568
4693 4292
5156 5518
513 3624
2155 6822
5821 4178
1604 6346
6737 1795
1312 5375
5116 513
1210 2823
4069 5860
1593 2002
5558 5633
3188 5168
6454 2150
4139 5290
393 2298
2693 1219
4605 2555
6731 3168
3659 1335
7167 6641
1544 5250
2689 6871
4878 6456
5844 1222
6599 2029
5560 1269
1906 127
248 5446
2320 4575
7030 6366
733 2361
3390 7185
3039 295
954 1578
3208 5180
763 4046
266 1500
4629 2054
3094 1450
1605 5117
4737 450
2047 2675
1085 5778
1167 4701
4461 2814
889 1247
1358 3798
1790 3836
5887 4950
2205 2167
4528 4620
6728 4867
1256 5042
1520 4788
6561 6747
632 3710
852 4424
6298 2328
1752 5080
2587 5820
1856 7015
6108 5070
5799 3067
1826 2878
3942 878
5462 7040
5099 1204
6608 1338
282 3383
6697 4767
3113 6293
4983 1176
111 6142
1367 4316
28 6081
489 4974
3876 4485
4550 444
3481 7051
3910 699
3661 6563
4876 188
746 3731
3384 544
5626 5047
6419 1467
6213 572
79 5167
6707 2812
780 5290
3901 5340
6482 5944
4241 2465
5839 3408
803 5240
5507 3568
3034 862
5872 1078
5964 2782
3087 5712
2050 5633
6359 2180
6349 2560
4606 3089
6550 2140
3641 887
168 1918
1114 1328
3428 4590
314 4136
94 4349
7028 5115
6876 517
5994 2981
3323 829
2237 6412
4628 4618
6097 1755
3982 2164
1843 1359
1917 2063
7133 2525
6275 1947
2671 1912
2990 4910
2732 2998
6343 4528
5430 3985
4368 7131
807 1961
365 1980
732 2044
4987 4966
5948 7204
2149 7061
6196 868
6136 1783
3293 455
2101 805
7032 5389
1186 732
5220 2181
1967 5166
3650 3730
5640 6215
6889 3994
1554 2150
750 1838
4189 3155
3416 5503
4054 1770
4165 2032
1191 1946
226 4580
5797 2717
6853 6043
4656 1527
1774 3224
2351 4821
4667 5643
7129 5781
1625 7145
433 1094
1932 4357
6885 5214
4191 226
6917 5368
784 3091
3932 1760
5436 4930
2629 5443
5800 4988
6465 5262
4072 1701
619 1973
4166 3505
5848 363
1649 2843
969 1349
3229 7090
3762 3089
1598 2316
2956 2878
4383 3291
836 106
932 1213
2880 3126
591 95
5753 2635
2124 2486
4016 3913
5535 916
6313 270
20 3716
2023 5804
5046 6979
5905 5118
549 862
3747 1362
5916 4883
2676 3885
7088 5580
5931 124
6268 2315
4887 5472
1574 308
6334 454
6837 5915
2274 5020
3352 1594
5219 2927
3553 6045
3620 6877
4385 6208
1324 7091
3991 4368
3480 2170
666 754
2174 6898
7071 6939
3301 4046
3512 2393
3886 571
6285 635
5349 328
5808 3135
289 2318
826 3101
3242 29
4848 4537
451 6829
4403 4230
4863 5705
3774 1045
856 5762
2526 6568
4751 1931
885 497
349 2945
2996 3292
7127 6625
2543 5275
7142 6126
4159 5802
1705 4743
2842 604
4026 6937
4780 4604
2841 4518
2694 3356
396 5254
3452 5960
5318 4622
4804 4149
5164 688
1491 1644
3510 3454
4057 6513
7023 4860
3209 256
2251 6652
5919 3196
5589 5456
2879 802
6571 1313
3309 1452
6437 2536
3756 6169
427 7078
6061 5681
3958 6933
2212 7172
1228 206
1523 6037
3951 878
5904 7148
5515 2545
4908 267
3889 1614
6211 2833
7193 1180
4919 2151
4752 1395
5135 5441
6156 4509
47 4993
655 4592
4841 5753
2601 2423
1835 1336
3411 2203
1249 5786
1866 5160
1143 7013
435 2467
1930 6878
3116 423
6407 3662
5811 1408
4902 3756
3838 881
3342 2134
6745 2426
3245 1419
1861 3295
4661 3538
5656 5202
660 1842
384 3054
740 1894
2964 561
1597 5187
5885 1738
1652 2944
4555 6782
6189 6274
5864 2415
5898 6071
2034 543
2477 489
4906 3978
4610 1155
5004 5937
833 147
5378 273
4282 5778
1082 2300
6638 120
1640 6176
4220 1733
3369 2853
2867 4644
4233 5140
3959 1923
4598 5337
3797 5266
3415 2779
6688 945
1046 4562
534 225
2431 6400
3543 5054
4516 672
254 6077
5953 4670
3720 1245
2141 6118
3580 77
993 106
5649 7124
2213 6128
4277 3703
4587 2456
5933 4452
5468 5988
354 1535
1829 7038
494 4837
4959 5463
1827 6105
2436 7207
4611 7066
2246 720
4732 142
3584 5616
485 7049
6514 175
796 4351
6048 4650
1054 3681
4744 396
2634 1223
1546 4702
2474 1522
1216 4583
162 348
558 6103
3719 1385
2056 5797
6216 316
6824 3632
176 3324
4795 2979
1715 4937
1449 2495
3665 3584
6138 6920
4749 5018
7112 4270
3289 3980
5495 3545
1088 3053
3175 5705
4578 6223
5894 6064
5884 2013
6442 69
921 2036
3692 6699
6031 266
6664 3261
965 1560
6974 5633
6742 1679
3264 1677
6034 330
5040 2025
835 1129
4174 3657
3362 282
4018 2396
6914 2956
941 104
2986 2995
1576 2819
2738 1124
6972 1487
2768 4915
2413 1647
4621 4038
6411 5555
6579 1277
7074 6618
3643 48
1806 5625
6299 1125
5105 18
6302 6730
5363 3676
2650 5739
7062 678
3525 6033
1457 2156
3912 2571
5027 6522
5770 2101
1038 2546
1028 4164
675 3216
7016 6105
1619 759
842 3224
3086 5481
5694 4310
5255 4294
1495 5981
2987 1244
2755 6478
5197 5556
1172 1177
4177 5416
1282 4200
2146 6149
1953 3619
3462 6812
6303 5202
3445 2530
6530 3774
4405 1593
2116 5558
178 6032
3750 4500
2895 6300
3578 2524
4802 3683
3975 6513
2009 4147
4954 1654
6224 2015
1103 5536
4022 5007
6348 804
5939 2646
2583 5494
701 246
6096 4037
2371 577
4019 5249
6991 2188
2138 140
4943 2718
994 3925
5410 5101
607 1039
7092 1446
1643 4993
6416 201
6982 6604
4871 877
4872 2936
6580 3758
2573 322
6749 6733
736 3354
4392 144
6110 3454
3954 2124
689 1094
2589 3269
4663 412
6342 886
2319 3238
151 58
1506 6112
6823 2494
1642 3244
3279 7160
6114 6112
1970 4826
2347 1048
1949 625
2798 400
3377 5960
5832 5102
6775 364
3260 4962
3671 3084
4920 2236
1296 4890
1532 1900
3019 2447
5685 3761
4225 1774
4062 5990
2395 5399
5866 6097
4501 3196
2984 1508
7041 2041
2877 546
1321 5371
7164 2654
4137 1610
6851 5968
6769 2319
2934 365
3559 3524
3397 486
446 2150
1618 399
480 4701
1800 4519
5630 2626
1403 3448
6449 2990
4859 3071
1011 3320
5999 2627
3205 4644
2103 777
5945 933
892 4364
3515 7020
2267 2240
2305 3641
4982 3646
4813 5713
6615 6142
5 2800
500 7138
3103 5114
4100 5301
4217 4166
2225 5548
6887 3084
1510 6163
3773 4107
3280 6390
4127 3359
1303 224
5824 5742
32 3560
2260 3570
3523 1251
4078 4567
2720 1045
6162 4699
5415 4184
6476 5510
6113 5842
5776 1409
2234 5135
3259 4339
2649 3098
2210 2883
3108 6960
1665 1660
3009 4304
4750 1045
6238 4716
2292 468
5015 5386
2095 4925
1780 3211
1389 3939
1341 1262
5682 7150
2031 4051
6397 1852
1721 6544
1807 6242
922 1438
3698 2620
579 693
3134 5995
5863 6621
4791 2060
6504 3421
5858 3095
1639 4187
122 1448
5570 2569
650 2148
6004 5248
5869 5972
5597 6821
146 4181
313 5199
1188 2151
4275 4134
6659 1
6516 6150
2873 5349
3344 949
6403 3078
6694 2750
6891 119
7009 1203
936 2932
449 5107
4996 3089
4213 4305
6755 2388
2757 4159
5191 1586
5286 5826
4895 143
1241 3233
6583 2626
2939 765
6987 4224
2961 6495
6286 5278
2493 4817
4370 5646
3995 2717
5421 5096
3884 5132
4365 6234
5373 2839
1117 2302
107 5467
3500 6340
782 1270
30 1843
2275 3628
6188 2405
3450 5387
6102 79
3475 5914
3251 6192
5406 78
3035 1399
2863 2472
3232 1492
5689 6880
2018 1569
6369 465
3107 5378
7186 1974
1472 4028
6399 4714
2228 977
6271 5684
563 3182
5419 1080
6804 5991
5072 6000
4271 3201
5445 2444
6339 3698
5709 2632
149 1229
5859 1572
6720 4548
5926 426
4251 5806
5551 5846
2102 4766
6414 5272
4180 3575
7082 7147
1201 4266
4302 5099
3435 4390
3668 5493
2325 4958
7202 586
4401 218
7155 4985
690 6184
2385 6074
3288 1143
7027 628
947 3864
6480 4673
4874 3854
6432 6717
2815 7166
1109 7122
2639 4400
3179 3742
5870 182
1811 5035
4547 356
1775 2052
6309 5918
3156 6730
1675 3396
2642 5074
7012 1341
6558 1377
3981 2500
7184 5665
2310 2360
52 7175
6970 5735
1812 6720
3130 7133
3581 2768
6613 6399
3648 6796
3918 1517
1242 6611
5572 95
185 6098
5632 5558
556 2721
5317 7004
3554 406
1356 6875
1681 4812
5971 463
148 2790
5323 2202
3986 833
5787 4285
3782 4861
2243 5390
6675 2906
473 1043
3194 5042
2679 1800
2773 5181
1418 4276
2743 3436
3026 6889
3215 2476
6925 6794
1288 1263
841 815
5148 6940
1698 1823
338 7202
2131 3997
6111 1449
548 5715
2794 4984
4939 1758
5022 6710
1293 4304
2389 466
1683 4188
4869 4991
4730 4868
5795 5118
4216 5301
2669 4097
5686 914
5881 2114
3198 810
3189 36
5837 3852
4986 3143
1024 2729
4398 4661
5345 3614
6819 5023
3002 3835
595 6640
3 3597
592 1232
5403 6332
1963 6373
6283 1138
2265 2203
2226 6703
439 3542
2801 4945
6907 6135
1708 965
6466 5801
2040 6233
387 5361
1128 5358
5688 608
5304 799
5207 4275
3366 3481
3214 3743
5425 3881
5302 3913
618 6667
4006 1554
3326 198
6725 6875
1414 1643
727 5750
6961 215
6997 1634
4719 27
4944 4635
4279 1906
1462 1588
729 1638
2192 2526
2380 1171
1813 3835
2190 1379
7107 2183
2104 1054
1485 2376
1666 1457
397 6180
6058 6962
229 4968
5996 1215
1633 5673
7036 2961
7031 6661
3404 2751
4242 1163
24 286
6648 5431
665 5335
4664 3567
1804 4490
956 5748
6700 6927
4676 329
2272 6420
6054 3260
5095 3686
2312 2974
4088 6698
6719 3626
521 2673
2851 2621
1501 3602
4531 987
1091 7140
6371 4278
3611 577
4431 5695
4008 6579
2080 6453
1865 5771
1407 3361
5025 5056
3488 370
2531 4888
3432 2583
367 2417
6978 2367
2483 4728
6422 315
6446 4562
2487 4252
7086 2425
4361 3226
2222 6445
55 3045
3858 1169
366 1282
1623 2092
5281 5125
593 6414
7068 5936
6481 6691
5557 7160
4678 3600
4112 3863
5066 238
6296 3295
2020 6531
2805 5479
158 6152
1781 1652
2838 1376
4879 3590
4924 4085
4579 633
6060 3718
514 5654
4748 1430
4146 4994
2578 6129
6566 5836
6582 5642
1189 3485
6748 4902
642 2068
4651 3921
3851 3001
5256 943
5907 5267
75 643
2892 2632
3106 2767
2418 1726
5501 446
4012 3870
2404 4710
5122 4702
93 5478
2067 2831
6680 6886
5084 7177
6065 3909
4498 468
661 3568
1160 2965
2857 1248
6893 2458
4469 1835
372 4616
5792 6246
1290 795
285 5396
3814 3069
7205 5019
3029 3281
325 4372
5605 5982
538 4842
5395 650
5949 5945
5541 4266
1921 5574
2681 3640
5668 5384
4989 1894
6799 5577
562 553
4675 4537
1603 1888
1067 6216
7151 2928
724 1880
5161 4795
4441 5809
5879 4932
1591 4136
6067 5745
6053 1223
1768 6507
5158 3387
3638 1116
3536 1435
781 2751
5287 5971
5268 1489
6380 5269
1607 7022
3571 6771
4830 5587
2616 1554
3075 1967
3080 6873
5300 1127
1000 379
3006 4148
1346 180
6408 3614
4176 214
3382 2320
5451 2789
5721 4583
6383 2097
5038 6391
4495 4406
2993 6675
1460 7008
1528 1484
5218 4331
5892 1087
769 726
6328 3227
671 6073
6535 241
5876 4699
574 5550
14 4994
5089 978
2042 3402
6869 2302
764 5666
6534 1187
5458 4236
6040 3863
3572 6812
1051 666
31 6475
5716 4864
4505 4610
5547 2571
6589 1655
1933 3950
4409 5408
1934 5125
4195 3255
6355 4584
7154 586
6273 6897
4691 6360
2053 5889
5376 6739
5189 3491
6282 4627
4318 7187
4856 2555
4815 4375
2770 2
2290 4898
5670 1253
2707 685
4660 4810
2172 1140
2688 4002
61 563
6022 5309
2585 4709
4281 2172
3296 2340
3685 939
2021 3515
6069 4879
1020 1296
6491 5055
1065 722
6199 3663
5993 5458
1089 6640
4256 1554
335 169
6954 3552
4064 5127
2159 4237
5060 2627
6007 6045
5470 2036
2061 7012
2245 3106
1113 7211
3287 3303
1706 4915
5992 4673
6813 201
6598 6971
259 1340
404 2635
4460 4019
6147 5394
76 840
3195 2007
5812 5236
5697 1103
7026 147
1466 7060
3636 6910
2235 867
3197 2128
3988 2795
1136 4164
2687 3023
5521 915
6874 5722
2702 5140
4824 4112
6657 5598
4684 903
2338 2294
321 4330
1864 4317
3666 1576
940 2016
1990 2810
5154 4182
1413 6196
648 6404
1620 4532
385 1477
1676 1654
4980 141
223 2770
4873 6100
7001 5375
1571 4950
3721 2197
4320 293
4393 3437
268 5196
6816 4498
708 1899
4358 1626
1072 39
6256 306
846 4343
2972 1616
1845 5072
6458 4568
6590 43
3780 6108
4015 2834
2064 4465
700 417
87 1226
3776 2926
5422 6240
1445 3481
448 2360
5861 2396
1437 7146
17 4547
4657 630
5016 1409
6317 419
4356 4674
6117 3787
2559 6007
1164 3384
6727 4635
2661 4522
1047 3568
616 3971
6785 5581
6333 509
3622 3984
4533 5992
4582 1936
4913 6243
5130 5778
1456 4396
6389 1921
7085 430
6203 384
5822 6674
3745 3371
6861 5583
5474 4497
5353 1619
2705 1624
4447 4994
4696 6668
4084 4676
4599 2976
5871 6111
3330 5049
3230 4011
4030 3818
7042 3283
5807 99
843 3391
6452 4357
674 4032
409 5641
1621 5755
6592 1637
5544 4884
971 6864
4839 4436
1583 7001
5569 4052
1165 5495
2401 2665
884 316
6977 3147
4210 1712
6341 3890
683 76
6689 1007
4768 1857
2502 7179
4912 1071
1092 675
6443 15
2337 1243
3409 2761
5469 4128
5112 4063
734 1105
3652 5662
4653 4167
1453 838
1927 2519
5502 1620
5139 2961
6023 5166
3319 5226
208 5524
3555 7093
5350 2164
3660 5713
2115 772
279 6804
7058 1526
7056 5942
621 6233
5328 909
6537 3790
874 4745
6269 29
3329 6182
3184 5691
4649 5082
3468 4042
2301 2986
2368 5164
6586 4147
1622 472
6291 5002
347 4723
3058 2689
4783 4082
3664 3219
1118 619
3413 3631
3496 1402
2603 5709
6052 5072
634 6734
1017 6259
233 2513
6434 6441
1330 4460
3955 7079
1744 5175
2872 1964
179 797
3302 5348
2118 1367
4503 5889
4300 5872
6959 4822
1599 5122
113 510
4563 5871
6776 5588
41 1685
3775 3059
4199 2174
984 5008
6455 5073
4940 6901
1993 3111
4955 1721
5737 795
3697 2355
2106 7020
1233 4519
3068 2688
4101 6049
3755 6361
4715 6376
6003 4411
2333 2533
2215 3442
65 6354
1326 3760
1740 3330
3048 996
3771 5601
4467 3775
2271 5439
5599 478
2664 4899
6766 1681
4553 5496
5029 3288
2869 3876
4820 277
5775 527
7180 4688
5927 4895
6969 5068
5657 7199
2518 5362
3953 1578
4757 1081
2882 6723
8 1911
5083 292
4761 6600
1996 3225
2520 4436
3831 2505
4109 1609
7006 49
4619 4343
550 1199
4407 5802
3040 5263
4672 6474
123 5182
3258 1193
1095 156
3190 3259
4347 2593
879 5752
6658 877
4695 7042
5021 666
3841 6332
3635 4252
5359 1672
4041 6886
503 1305
237 2745
4472 7154
709 3440
3395 2983
1108 580
4655 4273
1741 3054
191 1793
3341 1886
4455 2677
6483 154
957 2005
2749 2449
4526 5136
948 297
484 6148
5571 149
26 2302
944 32
646 6825
4671 6973
3132 3944
1850 2206
6472 5218
5210 5596
664 513
6806 2875
6762 3518
752 2319
4894 2758
3970 5661
2691 5155
4517 3640
4325 2921
6826 5354
2069 1570
4523 3145
1428 2212
4024 1057
2622 6335
116 3560
2769 1164
3956 5130
5627 5336
2085 293
3644 5615
5857 4583
199 6535
3020 271
1237 1554
651 6226
5382 2953
756 2052
5652 503
6584 2525
6953 5632
4794 806
3783 6816
6848 136
779 5878
1473 2292
2924 3065
2139 4186
5402 6875
1434 4366
4785 196
1584 5013
718 2852
6315 6415
3033 3282
4971 4768
6628 4843
2762 7201
3828 3171
6042 5360
1205 3759
6497 4947
3357 2751
5498 5871
950 4684
3339 4115
962 4254
3157 3285
5215 1993
4554 2726
3467 776
2701 2401
2657 704
2886 1280
4096 2637
5509 3525
713 5777
5297 4263
1463 4326
2304 690
6137 6491
2706 3993
4257 3473
858 281
7115 3043
4520 6007
3519 4549
1948 5646
490 280
1375 764
3316 3653
1309 4467
377 4912
4774 5400
3922 1339
4823 5323
5828 3847
1667 848
1833 47
1214 1457
6320 3403
1281 5641
3381 2372
6803 4093
4367 5274
1294 2976
5413 273
157 2197
2074 77
2078 4399
3768 4174
3057 5331
3772 1854
870 2293
2429 1901
3332 5845
2233 2112
1162 6039
1397 2307
160 1617
6484 5800
3894 13
4927 1570
4135 3771
4125 653
602 6122
5738 5756
5746 4965
5285 600
1062 2376
883 5123
3531 2912
4901 1481
5024 3077
6024 6471
1686 2923
4646 4119
2120 494
4021 2037
5367 1359
910 5687
1503 3007
1479 4434
6459 12
6370 4992
2049 3359
3649 2476
6543 4128
5473 4798
6626 934
3830 1617
2087 5828
3063 5843
6761 5351
2003 1646
1615 4263
1021 6518
5030 5831
2651 3741
5251 2758
177 6844
6377 4703
7110 6767
6132 633
4538 3200
1579 812
2617 2220
6662 2022
523 4661
6951 4008
1154 5348
6588 4727
5575 5833
3315 572
6251 5337
2889 5697
6665 3785
5499 4860
1357 2801
1426 1642
3877 2506
6165 6415
6612 739
3740 5598
3237 3883
1158 1193
6632 6244
1846 4981
5769 1238
3503 2174
4249 1676
749 5197
6865 5778
1876 3790
2884 2621
1099 6755
4489 5903
6918 6720
1943 4222
1521 2974
1298 2436
1988 1980
2285 4705
3424 1385
5258 924
3767 6432
231 236
320 6048
1982 58
5108 486
3540 2327
4487 5983
6123 4973
7057 475
4287 997
3447 1723
849 2910
2035 4663
2948 2107
374 5961
3586 5786
5234 3282
4226 2040
6616 5649
5464 5659
6158 5040
2473 2627
1310 4387
2374 4265
436 3106
6810 4917
2163 3414
4977 4985
4486 3820
6001 2109
2887 2606
3465 677
340 4070
4138 1263
5740 6613
6609 3168
5676 1630
1929 1027
6958 3621
3732 4705
7073 6977
4298 352
3128 5716
4341 1000
1322 6911
2460 2015
4047 6804
5221 864
6460 3585
3843 1920
2897 1612
641 4232
418 4180
5708 2548
3527 2433
5203 2303
3544 3195
11 2441
7055 183
3000 2590
258 1191
2787 650
5725 2908
6744 5076
3336 7133
6331 1406
2099 5530
1264 2859
4499 664
4680 6157
4967 2028
1707 7046
5951 6222
2362 4670
1102 4269
