309
487
351
479
385
219
195
14
153
430
225
222
193
234
260
21
353
323
280
143
496
2
381
436
306
44
140
200
66
406
129
170
168
69
269
131
474
491
382
122
149
371
459
104
308
281
387
64
134
184
458
349
121
301
6
392
310
354
93
289
356
129
10
235
171
103
347
163
298
91
429
286
231
226
212
127
250
433
359
73
152
264
261
98
207
90
264
428
392
234
399
41
42
206
337
255
27
424
61
499
76
430
229
107
88
194
98
472
431
355
133
12
146
25
356
199
320
418
81
425
61
42
401
312
331
27
440
33
199
167
203
478
205
357
300
26
323
200
196
183
135
382
426
68
387
139
200
429
237
29
150
452
417
192
486
55
144
132
234
229
398
468
37
290
104
426
432
174
3
463
490
25
192
238
115
284
357
464
314
69
263
18
302
445
327
446
308
99
198
475
325
56
286
421
173
384
203
381
499
477
228
124
386
280
466
431
360
133
192
170
231
219
325
339
398
223
383
449
451
111
214
171
279
212
396
277
192
228
463
6
316
323
314
228
10
23
233
462
469
9
309
386
236
219
337
331
313
310
124
117
339
473
167
386
322
22
429
196
373
93
436
223
111
445
133
310
405
352
490
45
369
442
114
149
184
187
246
458
429
88
370
348
398
75
282
122
400
216
239
435
273
488
446
346
230
128
197
470
13
428
110
400
425
295
78
384
401
16
455
298
