3566 2543
1989 2543
1654 1989
3527 1654
24 2543
1769 2543
3510 1769
2621 1769
908 1769
60 3510
676 1654
3106 2543
3516 1769
1109 3516
966 3106
1647 3510
3219 1769
1362 1647
1995 3219
1868 3219
637 908
1785 637
567 1647
1726 676
407 1109
2985 3106
1783 1769
1262 676
2415 637
1318 3527
1319 1769
1794 1262
3504 1319
86 2621
1926 637
3395 1769
594 2621
123 1109
790 407
3029 1109
1272 86
3249 676
3338 1262
1375 567
199 3106
1643 3504
1166 966
798 1794
2379 1109
3019 2621
148 3395
2216 3510
55 1166
568 1647
1639 3510
1632 199
2976 1262
1461 908
1320 55
2670 86
2867 3395
1831 3338
814 3516
3391 1647
284 3019
942 2985
2975 3106
1744 1109
2406 908
3495 1995
1469 3510
2352 148
1736 2406
2916 2975
2657 1926
3403 123
1682 3395
1161 1785
1810 2657
1158 1262
878 199
1907 1109
2514 2657
981 942
149 1682
1035 1907
669 2916
3062 1639
1022 3249
3181 798
506 149
2689 669
32 3495
1085 2406
2485 2976
2970 60
424 284
335 199
2809 1647
374 1158
2002 1319
2999 1469
3080 1469
227 1726
2008 3338
1051 1926
2137 1744
1057 424
3264 1926
2441 1794
643 3029
2176 3219
3121 669
1286 1632
3556 284
2473 1158
2883 1907
2057 1362
3035 1794
2502 227
1661 3403
747 374
1713 567
1902 3495
238 1161
2212 2883
2361 2216
717 199
2557 1831
2650 966
2017 643
3296 643
1297 1319
2274 1109
587 1286
2766 3106
2673 1713
1232 2867
2437 3403
946 2689
110 966
2869 1647
2653 3062
2222 567
3342 942
812 3249
1396 643
1545 2985
2243 2222
2188 942
26 2670
2703 878
2765 335
1664 2017
458 2188
1569 1661
741 60
3241 2212
2459 2703
2184 946
2494 2437
760 1654
90 2002
2110 2184
2927 1161
1962 424
914 981
3194 981
2517 2352
2059 760
552 3241
2782 3391
2752 914
801 238
983 123
450 2222
1642 1469
1908 966
265 2867
2798 1262
154 1362
2498 2473
1088 1654
3232 2352
498 2621
3036 568
3496 2473
1956 1868
1472 2999
2630 2927
848 2502
3486 908
1260 407
2227 2916
554 154
2329 2437
576 1736
1114 981
3299 669
1054 2485
3488 2621
444 3486
1061 1643
508 2765
1000 552
1196 2485
2944 1643
695 110
3044 2406
2566 227
719 148
2628 1272
3364 123
772 2415
2971 1196
2874 2222
2144 3510
2824 1989
2202 123
97 2514
2262 1907
1603 1472
2335 3495
935 747
1482 812
1170 2514
1925 1785
292 1794
3216 1000
822 2008
277 2057
387 2212
2214 199
951 148
106 3496
1463 55
3158 154
1259 1461
432 387
1467 587
1913 86
1927 1654
2648 2971
1421 801
2142 594
206 2766
3285 2110
1960 1682
2261 798
2954 2653
417 2261
1866 508
241 1907
1148 2110
980 1907
2946 1085
3047 1736
3167 199
175 3391
3370 1908
1872 2227
2332 2335
561 772
2831 3167
2391 935
283 458
1779 2653
107 2916
3214 741
3312 1569
1567 97
1673 32
1354 1736
3116 814
2792 2927
1304 1259
3236 3241
3473 2809
2892 2216
1019 86
1953 3516
3099 1995
58 981
3472 3036
2726 2437
1013 1262
2773 1736
3429 2765
1276 594
2392 1872
2078 1682
755 3044
2115 3194
401 1868
1182 2543
1067 374
2854 1461
711 2391
1666 3116
3247 335
1804 1061
437 2216
2267 3080
2665 3486
1659 1713
1898 450
1859 417
2035 2473
2629 3216
2607 154
1782 2391
1875 2766
3139 747
1759 3391
920 238
1136 2773
1460 1545
2405 3364
68 594
2728 2985
753 3080
804 1051
2389 3181
1646 812
2937 3044
2870 801
1120 199
2569 3116
3025 1639
412 227
3502 1673
402 1319
2799 1642
1917 3214
542 2975
2203 498
1045 3473
3361 2916
3235 1682
2022 1319
2581 3139
2613 2628
2408 2329
1436 1907
615 1962
1452 554
2509 1260
318 2870
2488 1953
1233 2509
3509 2392
2178 387
852 2673
1801 123
1478 753
3411 2728
3141 2975
775 1461
1862 2782
7 951
3222 2144
2479 2274
503 2216
459 374
1798 2408
3410 2792
3396 669
37 1022
2500 2870
1290 676
2483 1907
596 2406
2929 90
1658 3181
2510 669
156 3296
1763 1779
1637 1875
3069 1319
2933 3158
545 2008
2939 2137
2734 2581
2056 2734
2199 1482
2964 2773
2701 2657
126 1872
239 1421
3482 2607
1781 814
3138 1013
157 812
1231 1182
2841 1148
2924 3495
995 498
2727 1926
3352 68
961 568
1327 711
3213 2059
2256 1995
398 1810
20 1989
2044 1467
1985 1375
3081 1785
3277 3241
1305 2110
166 1262
3384 1035
3448 1639
2122 914
2254 1661
1335 2335
452 3496
3508 1022
2724 2262
1146 3247
1750 3495
2013 1744
2280 2406
2377 2944
1873 878
306 1231
132 1478
418 3277
763 2212
2823 3106
1662 2581
469 1472
1497 3504
2179 804
1084 2892
1476 568
3532 2650
130 1088
1453 676
559 814
1970 1109
2357 2809
740 2970
3190 2256
680 1452
3347 2335
3179 3036
2156 3516
3248 2613
1341 110
347 2999
2536 2874
176 3036
2655 961
1708 1057
1177 2222
785 1713
2235 3370
1621 1567
1641 149
2365 37
851 3099
3375 2280
2940 318
2800 1297
3479 3181
1518 175
1289 3167
819 2765
1803 3158
3326 695
2126 2954
1610 676
1448 1545
3282 1925
2733 719
2982 983
2 3375
2783 1289
767 1146
2298 935
2595 2498
396 1927
2513 1643
701 1497
109 1610
343 2329
2580 3036
1854 2933
3270 2924
2528 3141
681 2630
3100 1354
1928 148
2656 2389
2504 292
2112 1927
2003 1985
138 2939
1741 1166
1506 1260
2471 1759
2544 851
2688 2874
2866 176
562 1085
3078 469
1787 2831
1933 2544
2571 1146
2743 2212
2324 1262
2213 3190
3267 1148
1951 1045
1735 3508
845 1467
1046 176
2710 3410
1570 1804
1978 1054
1910 1035
1877 206
478 2728
3553 1926
155 3516
1731 432
1722 1873
2401 1460
2394 1794
556 2013
3291 2235
856 3364
2848 175
570 914
2470 3181
1645 508
1532 2214
1670 3296
565 1866
2780 2528
2034 2982
2446 2809
2288 3396
3402 1286
2114 2514
3324 2831
2458 760
2979 1272
466 3019
2784 981
3442 822
177 2964
3489 149
2934 2848
1737 2831
491 740
2984 508
246 935
3559 2514
1753 2365
3283 2710
1615 2999
710 1035
1218 753
1705 3488
145 3158
1373 3391
2986 814
276 2824
1553 292
1604 775
2996 2782
1994 1482
890 3194
2293 157
1501 109
3168 3222
2747 2203
1950 3489
3561 106
1998 1166
863 2971
1977 432
2189 335
2570 2653
3434 2939
3339 3495
3491 2144
2292 1501
2503 396
2368 2114
1677 3062
541 2595
3341 1645
1183 3516
3468 594
1757 2869
313 2189
899 2365
3483 946
1549 2823
1738 68
2822 1831
2678 478
475 1933
793 32
783 1664
904 2688
2963 68
2586 2280
3537 1785
2992 2939
2662 863
381 508
1512 1664
1250 306
1828 1460
2305 2502
41 1136
287 1677
1724 3510
3404 1854
3525 1804
1590 1054
2094 132
1422 2892
1582 3121
202 2784
3498 1013
2289 2288
3244 3247
2681 1925
14 2984
2339 2656
1226 1373
134 1782
3238 711
2491 2630
3354 1054
2877 24
2132 2415
1387 2752
1 2298
595 852
2260 676
3039 2479
1217 2773
406 374
1263 2543
714 3341
1264 2929
2073 3324
2505 3370
749 3299
1922 3241
1625 3352
205 983
259 1726
1294 1670
2677 7
3424 2389
1652 2571
1706 3424
2704 2824
649 2726
2838 1989
1565 1713
34 68
1122 3296
2751 2216
2467 1722
3143 3247
164 3479
3430 1469
3328 1661
3444 3339
3018 1753
3446 2916
2610 1422
1359 1518
77 2377
1145 7
975 812
809 1794
1696 2689
1399 2335
2359 1798
2541 3479
2554 2954
1308 2094
2257 2199
316 206
839 1673
1554 1922
2497 3080
1334 2494
216 2406
2590 2002
101 110
644 2470
2193 983
802 444
85 3473
131 783
2167 90
1502 3069
2810 2581
2422 3375
1596 1565
2103 1452
1339 2216
427 3339
29 1978
2609 719
248 1136
1656 3486
1791 809
897 1670
3016 3488
2679 2441
841 2497
1412 1518
2175 2034
3127 2557
472 2964
3086 1682
1893 2933
928 1335
510 313
2886 767
3243 2937
2327 2580
2208 1569
1895 741
3381 2017
1015 3510
2890 335
3055 2629
865 1637
61 1922
1626 3127
1674 1810
3512 1035
861 347
623 41
2283 3282
2378 1453
3286 2437
455 498
3258 287
3205 1654
840 2809
3533 3258
1080 157
2333 1467
721 822
3057 1051
1403 2809
1612 1610
266 450
67 277
1349 1604
1534 14
449 2916
2779 2446
3203 418
1296 3203
2380 545
829 1741
2969 248
729 3375
43 97
1745 3468
494 106
2955 3143
2418 2780
1160 1670
788 2459
869 2262
1424 1962
315 266
2427 2681
1137 3282
3492 3299
1243 1289
146 1318
3105 2115
1871 1359
521 1908
1536 1567
2373 3286
836 1783
739 284
3002 1536
2565 3396
187 1290
885 1953
445 2112
1487 2002
2349 856
2524 2394
2739 2874
247 241
2558 2927
329 3267
3050 2937
209 1769
1173 545
2445 2415
996 3561
1739 3018
2240 2458
557 1549
3336 2003
1572 908
2398 1502
2849 452
2252 1570
1265 41
1844 2653
2532 1801
633 1476
1507 2274
2887 1045
1806 1744
3166 2665
3333 3527
1095 908
505 2970
3272 2524
125 60
281 554
2990 760
3493 2536
705 3270
1118 2491
972 3492
3481 1726
3320 2178
3530 3448
3212 1085
3075 1472
113 2359
2550 2144
2633 209
706 2408
1464 3283
1618 798
1878 1659
289 2349
2531 2976
2358 1354
1968 908
1040 2167
2926 3158
1252 1487
2830 2867
1323 2422
2050 2202
1660 3035
215 633
517 2137
3242 2944
2529 2292
2381 2044
2627 3472
955 3495
3500 3468
3028 739
364 149
1133 2132
1353 2929
302 1612
255 248
1331 1612
1797 289
1649 2332
2343 2103
555 2212
640 131
2125 2059
2416 67
3428 2874
2466 1926
1484 576
3059 1467
1295 2940
2486 2613
3319 2883
1751 1304
3217 1335
3383 3018
1720 1294
3439 1359
3513 3537
3084 1572
2097 829
1514 2510
3477 1862
641 1960
943 335
1104 863
420 3285
3474 2479
340 1
835 1794
291 1262
2414 812
1573 3477
1389 2202
2981 3141
1108 420
2865 1534
2334 1615
1703 942
1379 2398
2430 1769
2588 3442
2161 407
2272 1871
944 437
2480 1720
967 3241
1039 131
550 2329
3309 1484
700 176
378 427
410 1296
906 1873
799 1645
1081 695
1556 3106
3427 1133
3499 3375
267 316
228 1375
2336 801
17 2112
2767 228
2355 2002
1829 406
72 851
3192 1463
1503 2971
3131 3203
93 865
3276 1252
118 710
1071 1570
319 717
1896 1928
625 711
104 2035
959 3084
2107 3352
3064 2621
2121 2167
1772 2613
2741 1647
1511 1660
2362 2115
939 839
537 3002
1789 17
2852 1231
1125 2059
525 2235
1171 125
1301 3039
2244 783
3246 2990
231 2984
1508 2536
689 3244
413 472
63 3078
2205 1015
2116 2673
223 3532
16 1556
40 1095
682 1259
2273 1660
2185 1660
1693 1335
2033 313
3012 1658
2545 1057
1583 406
1767 2033
666 3219
36 2580
912 521
92 521
2908 343
1474 2975
2548 1421
926 2243
1490 2678
2231 1693
2736 729
2370 1478
1385 3064
2829 58
3564 2503
1961 2852
2684 767
1238 1511
1586 459
511 856
425 729
82 2394
2306 3192
3476 2810
1949 1319
3550 2370
2938 2459
1678 1549
3009 788
2190 458
1442 845
230 2513
2995 1713
3367 1000
1053 1612
3356 2514
620 1341
563 3138
2143 2293
1223 498
2519 1873
513 3500
3115 1396
3089 2543
2605 3347
1624 2510
3318 1019
3151 2267
336 313
600 1518
1201 3396
838 3532
1923 2377
2420 3553
3198 1071
1254 2783
1588 3248
1009 3354
433 3212
2612 60
1395 2505
1195 2829
3543 3277
3148 3084
3263 2288
3440 3002
1595 3105
1374 1595
96 861
79 2480
1892 3018
59 1674
3380 1662
2547 72
1072 1335
2705 2357
89 2392
42 3282
2920 2509
3001 1570
2915 3472
2717 72
2593 2408
1261 649
2016 450
399 2670
2111 706
3279 1501
2375 110
2399 1263
2875 3486
1288 2565
3259 3286
2045 1349
3231 3018
1222 3212
1024 61
984 96
1336 2728
3253 1294
618 1336
3414 961
2786 1913
2353 2283
2903 3444
1376 1797
1321 20
1400 1878
992 1507
932 2078
3157 521
1153 705
3163 1781
2759 89
1056 3473
2635 2990
877 2184
3327 3473
2160 2739
3101 2558
2450 2514
1766 1424
2232 869
884 2792
2599 79
1151 2391
244 3509
720 2190
916 1109
2031 2519
2604 1810
560 596
1048 60
2748 1787
1229 2415
271 2488
3092 1532
2462 1396
1578 2557
1510 2929
2540 2657
296 3483
3449 3106
794 2810
1239 3279
3369 2741
2452 2870
2187 740
1593 202
372 2
520 134
3147 2854
778 118
2409 710
219 1536
2686 176
3487 3414
573 206
786 559
39 3482
196 2389
282 755
1129 2528
1121 760
3202 689
2151 2452
294 2975
2966 560
1498 1264
262 1949
3256 1229
3392 959
1216 1359
2317 149
2476 2415
2575 1035
1384 565
1947 2214
3372 3440
1248 3100
2037 1652
3043 283
927 3500
5 556
2576 2629
258 3236
871 1403
3406 3493
1719 1252
462 417
1271 3296
1704 3483
3071 3492
870 2213
3196 282
2139 3513
2578 644
48 615
860 1767
1352 289
532 568
487 3057
2506 2854
3136 3012
1613 2966
8 1621
1984 1170
2495 1153
888 3244
1282 1554
354 3446
3469 3018
1630 1654
1184 1977
2046 2222
547 3442
3382 2874
832 2877
1698 1461
977 432
699 2494
2763 1051
3034 2506
3174 3116
978 1989
613 3121
2960 1487
1681 40
661 3476
1220 3296
949 763
129 3502
2171 1545
1322 302
1509 2823
2123 1276
3524 1321
2270 888
334 2422
2141 1424
1730 72
1034 2605
589 3055
1533 276
650 1035
1419 277
673 2122
1378 2939
1608 2728
1274 2480
477 219
895 2254
438 1595
976 296
1246 992
639 783
423 1612
3460 2216
2326 2517
3447 469
3393 3238
12 3192
3378 43
3053 3498
1150 34
3193 976
2457 643
1809 156
2010 24
707 884
2836 1196
2036 649
1616 3192
3436 542
2159 3064
2572 3476
2153 1320
1307 3339
2647 1704
2397 1
913 156
1465 1272
709 1304
1126 1376
1281 282
327 1422
2535 2175
765 5
3480 3384
2194 282
3153 2161
136 2327
3207 3214
2478 1056
2323 412
1921 2877
551 2504
1870 1294
2722 164
2431 2629
2054 2446
1668 2545
1388 1019
2020 2595
3 432
1075 3495
210 43
2118 2633
1932 2979
1287 1613
1055 2736
2723 3050
2811 1170
1123 1354
1644 2528
1808 2254
1574 24
2744 43
1884 3249
2977 1753
2664 2504
824 2159
3156 2353
3030 1951
1092 3267
3515 3044
501 277
1655 2786
447 1108
1543 8
140 3174
298 187
2363 2243
380 1554
1568 82
1256 3232
3547 2437
2105 2722
3450 498
1078 2934
1948 2161
1371 1092
1025 92
662 1349
867 2934
1653 877
3204 840
2309 765
65 1307
2395 2677
854 1862
2069 1908
2113 2869
180 699
71 3480
245 2547
304 2996
857 406
3397 2926
2639 2118
3229 498
948 1467
1313 1809
1230 1662
1206 2126
1445 525
1620 2416
2720 2139
2512 1722
1027 753
2209 860
2388 1287
2040 2142
2899 2179
675 802
3269 1554
1159 2408
1504 506
3379 3319
3565 981
2449 2112
1988 1950
1198 1421
2667 2103
813 1789
3563 1206
826 3080
158 1230
2464 3356
678 799
969 3016
3302 2532
3210 1744
256 1318
3519 2156
1899 2915
1733 2050
1167 3253
409 1994
2102 417
953 3402
2988 2495
2490 3151
224 1608
2983 1271
162 107
2945 1553
1459 802
3257 1487
251 2593
2314 2969
2221 741
261 407
3090 3019
3146 157
1519 1088
2269 1868
1941 1514
2347 2122
3024 3342
2660 3002
1329 948
2371 1232
2907 3286
3317 2078
712 1511
2857 438
1032 420
1303 2323
1099 1610
2777 1452
2385 1436
1752 1000
3102 2838
3475 1621
3539 2752
2263 2401
2413 3089
2623 277
1648 1254
3358 155
2428 3428
954 2323
1939 1118
632 904
3056 455
3189 852
3087 1569
3457 1730
391 148
2646 2289
2146 1798
2737 2571
789 2097
2950 2227
1208 3509
1001 2261
1822 2513
963 1252
3301 3277
3180 2398
78 2733
1906 1567
2696 3148
2384 2269
2942 244
2711 2857
668 1759
1749 2705
3304 2446
431 1387
2242 1595
3455 26
2166 2512
715 146
1228 2462
361 2929
2302 3372
1365 1399
2177 2324
2271 1262
645 1463
1530 199
3169 1133
2683 2656
2426 1785
1748 277
2742 596
1172 2711
2600 2298
1784 1230
2820 1160
1447 2800
408 1658
1849 1260
1579 2409
293 1654
3523 3025
805 2810
454 406
2948 1682
1715 1305
1094 2983
692 1849
2310 1109
2429 802
3300 3028
1404 3084
2172 2046
3420 2514
1861 2365
2772 2232
2419 2558
479 3553
473 1970
2951 479
234 3055
690 107
124 2728
179 838
3048 445
674 2122
3316 501
612 1453
1635 2413
930 662
192 1696
1513 1514
988 1984
2104 1908
1598 2899
630 36
1299 878
3093 282
2258 3078
2320 2430
2901 961
3112 2689
1580 510
2477 2123
3478 1472
221 3075
3211 3092
1650 3472
1717 789
3068 778
3049 86
1723 85
2882 2504
3070 1719
1716 3236
404 1921
270 3319
3170 59
1149 1870
2579 380
1966 146
3152 1733
1886 3270
1499 1319
571 3246
577 228
631 755
1597 3410
800 1717
1765 3491
2456 542
2200 1828
1909 2777
583 561
1485 1109
2080 805
2584 1320
2060 1597
2386 3512
2155 65
685 2915
51 1218
330 5
1454 3169
2682 2992
2884 2263
1338 3369
1562 678
2834 2683
1135 2571
2181 1590
769 1375
314 2635
2109 595
2706 981
389 3524
1805 1649
3368 2352
388 3395
105 501
2191 3324
1209 3116
1328 1977
169 78
2896 2633
2931 596
1721 3253
376 39
81 551
465 215
2672 1859
1037 1831
1669 673
3351 2480
1224 1806
18 1506
3262 2580
257 1071
698 287
49 1556
2076 1705
2626 1053
3245 2416
619 2985
2215 633
636 503
764 3559
119 2320
3013 1926
821 1378
332 2557
1982 1171
1332 1613
1069 2353
1199 813
1100 3476
2943 3047
2294 2151
1965 832
1790 1653
3355 3143
2538 270
2496 3429
1197 3263
367 2899
1316 662
2074 1648
3271 3539
592 552
237 625
1880 2292
526 2273
766 2579
120 2739
317 2975
2245 1329
2351 1373
3224 1322
142 1465
1855 72
2051 3245
1200 1328
1931 2736
3417 1271
855 85
2546 134
2989 2963
3206 721
2788 3232
2030 494
606 1445
2138 169
1710 361
3159 511
1440 2662
1408 1499
3558 848
1178 2799
3306 2964
114 1805
3349 3243
2364 1648
3237 418
193 291
1795 1172
1638 2679
1679 954
1609 2104
2589 3358
2935 1149
426 2116
806 3424
738 1530
3415 425
337 2405
1392 2684
2027 1447
310 330
1623 3056
2154 60
357 1170
811 715
1249 148
3377 2177
2018 3436
3529 1947
2000 1829
3173 1305
1317 1549
3305 3493
3329 86
1699 1230
443 3256
683 1100
1760 895
1820 2289
1033 425
1284 2986
3041 3449
1663 1122
2120 2208
3303 1389
2117 3556
1275 2656
2715 3244
1546 65
779 3481
1324 1264
3464 449
1611 3550
728 557
1964 284
3142 1678
2006 2270
441 219
1853 2078
2749 2261
808 227
1687 1275
2198 2782
1592 1586
2918 193
3280 1666
2860 2480
1775 402
667 2110
3362 2688
3208 106
1912 821
2019 1933
3562 596
1065 1810
1187 1412
1154 3468
1619 130
2147 3208
957 282
3079 935
74 977
2322 2989
2643 241
1302 2747
2492 778
2791 1779
774 2823
3067 2060
781 1178
1443 3508
2197 2386
2344 1603
309 2836
937 2831
3097 1797
3234 1710
75 720
1269 1075
581 109
1462 129
3534 2408
2947 674
2620 3043
638 1271
859 2051
2793 1854
3546 1061
509 2541
2695 3285
1800 1530
1627 1287
217 764
1237 1588
1973 2401
1175 2060
1740 425
2676 59
280 899
2226 2571
1517 1951
2853 3235
3268 832
2407 3055
3408 2154
2776 2970
2850 1647
1521 3404
160 2212
1266 2497
2230 2580
919 2538
301 3468
2084 1829
3110 2122
1202 1928
1986 1149
1959 2783
3337 2245
1212 1805
94 612
474 1724
2583 1275
875 1108
898 3512
1174 3473
2236 126
2265 319
1813 2125
222 1250
776 1886
1492 675
2403 623
1622 401
3441 707
1402 1610
3129 978
796 3234
2912 1200
1494 1365
2099 1232
679 1677
1367 1649
2180 2273
2974 378
2005 719
411 800
3185 1171
1083 1231
3239 2197
2234 2798
476 1303
938 1237
2855 811
1386 1641
2077 2977
1851 1660
62 556
345 2540
3114 2934
1957 3539
3004 306
1860 1353
3042 291
2812 3062
3221 3516
339 234
2894 8
2443 3477
2709 267
53 2008
1119 899
2233 1962
295 3234
2973 1912
3350 3219
163 2488
2702 41
1634 2944
2802 425
629 2662
3162 2097
591 3513
2412 2621
2910 455
3021 120
627 2584
2764 441
3104 2431
1544 3238
1227 2604
535 631
1091 1252
1976 1015
64 786
2911 1453
1657 1925
3295 3114
488 3181
2455 3279
2152 2529
428 2050
2173 2655
2690 199
2039 2780
1425 2948
1036 2132
1940 920
757 661
3085 2443
934 227
1018 1961
617 2752
3400 2205
3376 2445
13 1032
2130 427
1617 2824
2028 3153
605 1448
1846 60
3228 1385
688 3025
112 126
2052 2867
3117 3491
2698 1226
974 306
921 1899
1107 3090
2932 3527
1401 75
1761 2431
2523 3337
1542 2044
3275 1977
2211 2097
862 1217
3003 1618
3528 2181
2603 2571
1414 2667
1077 68
2201 2639
414 595
2282 414
1475 74
3184 146
3346 2792
1215 2934
1754 2334
181 2010
1480 1613
268 1909
3083 2188
2043 2305
1697 60
847 237
2093 802
2730 3097
254 859
3074 1387
1043 690
171 1615
2285 408
523 1183
1110 2679
1343 3270
3095 2498
770 2428
2331 779
225 1988
1990 1669
3490 1067
1690 1580
2897 3071
2186 1553
1060 3121
2666 3047
128 1371
214 2689
3399 1994
1842 3496
993 2977
1097 1135
691 40
2859 615
2444 2681
489 3269
1857 1230
186 1608
982 954
1363 1752
403 1910
435 577
1087 3523
2645 1133
1451 296
2632 562
2615 1820
985 2353
1807 2615
338 1588
2827 343
1577 667
3240 1720
3109 1302
2949 3380
456 2632
405 187
2889 1565
693 2180
3094 225
1602 2358
564 2907
580 209
3506 860
514 3138
882 2375
608 542
1155 3553
1355 119
2563 2547
893 2860
1186 1120
1882 2344
3405 2167
1691 859
687 193
1144 2138
604 2739
2432 2057
1707 1412
2787 177
2638 142
1523 2788
1241 3362
2131 1363
2438 1956
1876 2580
2247 2470
1575 1480
2651 1144
3113 662
1330 3211
84 1001
2303 765
881 3021
457 895
843 691
3371 3383
3385 1976
1526 1266
2404 1464
2956 225
2526 1693
188 774
784 596
716 3420
3307 3516
2818 1726
2489 2964
1010 2203
1021 2557
1631 3141
3373 2232
590 992
742 3030
566 1896
87 3476
744 2599
987 2899
2277 3342
3538 2478
3431 3502
3435 641
1695 3378
2527 508
2795 3192
2516 3268
2898 202
2661 2391
1786 1231
1134 3362
362 1265
2098 2178
1270 561
2636 2503
174 513
1366 2628
2374 2478
1430 1120
1358 26
546 793
1825 1442
3103 2160
2217 2104
1881 3312
3182 1097
883 3524
1833 3064
392 1121
1548 2344
1762 1977
2561 2884
226 1218
1672 716
734 1465
1157 2074
460 2146
10 3351
3178 1137
1450 1462
762 226
3542 2673
903 2093
1124 1542
2268 217
2577 412
2481 487
1082 1358
844 3256
2713 225
1997 2973
483 2563
3390 2277
3161 1094
3128 594
1981 71
2919 2910
3172 1507
2716 2285
2796 1672
1890 2432
1337 576
519 2466
1434 3064
3344 3299
2671 1414
2917 1385
731 637
3549 638
1587 2373
2619 2529
1747 3317
2387 2777
1935 3523
2081 3534
1098 1009
2023 140
3038 775
810 1831
2021 3430
2888 1565
2668 532
2315 1276
2735 413
2417 2951
3060 3489
2290 1077
1141 2931
2095 3050
3315 1615
735 3477
2011 130
2675 2116
439 77
2518 2458
1105 627
2421 391
1958 2919
3548 40
3091 3312
2072 282
173 707
3130 1831
3066 1586
3330 347
670 2378
2862 3427
1169 2569
2952 1921
730 1641
586 554
3052 1149
416 2118
15 407
1879 2655
2482 1019
1840 3162
3026 1061
2090 2612
1971 1153
1409 3169
3209 3506
1540 3131
1437 3479
1393 2666
1283 586
359 1400
2697 1366
2794 2090
1694 2155
3557 79
777 590
2826 617
1640 3486
1889 3152
3133 1359
2844 2627
143 2190
3006 676
2761 294
1156 1542
2914 1080
1192 3563
2383 3169
2756 3044
876 1167
2885 839
1466 224
2893 1484
3046 2898
1439 729
2553 86
1629 1208
122 920
1152 2118
80 3498
3366 265
3413 277
152 1080
3465 3427
929 1056
965 1075
321 1061
2461 2430
1823 3309
2972 3528
3183 258
3454 225
1312 58
1814 541
453 1318
2276 3528
2472 757
2879 554
2731 2399
2128 431
1792 1631
4 832
880 2629
872 744
1839 3410
3293 2441
358 927
1980 2867
2507 209
2644 1358
1688 1808
2608 2544
3201 2824
178 1160
91 3232
1455 234
2140 3180
1006 939
1470 2668
3020 3305
1086 897
2237 1624
3332 1499
195 2458
2042 156
2369 1716
461 501
9 2203
353 3509
2562 3084
1718 2144
3323 3209
3160 2034
3343 2886
3416 2748
2297 2546
2530 1120
626 630
486 2855
1235 2541
2325 2385
2092 678
2663 826
3505 1206
2957 3246
1191 3473
2047 287
1325 2673
1742 3344
572 728
1665 3474
2328 3224
737 700
795 1110
1901 3241
2287 319
3443 2545
35 2482
3154 2131
3164 1797
901 2416
2594 1264
3195 1304
2435 16
504 158
144 3293
1712 222
3313 1501
2063 2678
2769 1512
2840 3259
1636 289
2573 1613
189 2042
2158 932
780 3436
1073 3306
2815 1148
415 847
2707 1013
2182 1229
1023 705
2402 2562
3022 1813
1495 2915
891 3301
2708 62
1551 1332
3145 2865
3471 2971
2936 418
1131 3016
2873 517
2941 1286
2978 1384
3421 3488
328 2550
2835 1009
220 1343
1991 1950
1600 2590
54 1878
1398 2885
194 669
383 808
2997 1353
1225 3202
342 246
2248 1160
1293 2331
2436 2099
3005 930
1566 1703
1029 2706
2338 3490
3423 3369
127 1677
2991 3347
1138 1387
3120 2932
2537 2531
2453 1892
1052 2546
531 717
1996 1046
3015 1414
500 2438
1258 1715
2313 1355
115 2139
907 403
3124 3147
366 1151
2515 86
2900 462
599 231
2162 2720
1525 401
2552 3378
1969 1873
2617 109
1002 3324
1560 2879
2624 1612
2174 461
3501 916
1528 826
553 2617
2278 1825
1003 1765
771 3089
2475 731
1614 3559
3119 209
1838 863
1916 2547
394 3124
889 649
159 1736
150 145
480 113
2905 353
624 1039
659 3344
3365 2444
490 2232
1457 3317
818 717
2878 2097
2029 2236
2164 1400
1368 3013
2631 2074
69 1673
46 1672
1405 155
2308 2799
1383 3264
184 284
325 3382
2858 2310
579 776
655 3417
3458 939
610 2208
2712 3326
3311 366
139 2452
2096 2886
1817 3046
1416 1779
3426 3483
2658 406
1428 3435
2567 617
2993 1393
540 2834
1571 1173
1059 1721
1552 3303
2463 711
2279 1804
2134 401
1755 695
2264 1803
1557 888
1725 2121
2469 1046
356 1365
1309 3499
1285 1246
252 3004
3266 1838
2067 1402
748 840
2015 3513
2219 1105
2732 381
2693 985
2828 1604
1796 808
1756 2894
704 1798
3197 2586
288 1235
3308 1071
3388 742
2602 1720
2195 1753
703 1807
642 354
1975 2189
1827 14
1811 367
2762 3148
628 1121
382 3447
2068 586
2321 3085
1030 1646
1458 687
1342 120
1684 1305
70 319
3290 2724
95 882
3017 3206
820 2023
647 595
528 2456
3325 284
1992 3423
2341 3326
2596 2548
3514 2733
2760 1294
385 1580
2680 844
512 680
602 1886
2729 2110
2825 306
2832 1613
2864 739
1189 795
3140 340
3008 2244
658 2810
1423 1666
135 2617
2135 2191
3132 267
827 2320
3314 3028
3545 364
3137 3395
25 118
23 1071
1415 1157
831 1544
1164 145
1420 2515
2083 3028
2460 1144
886 396
300 1201
1012 2247
1207 173
2356 602
1429 2285
1667 2378
2330 1416
1411 1627
242 2408
1774 3025
1606 707
1887 196
1734 562
1279 2095
2508 857
635 2777
3122 2285
1918 919
549 119
2223 3038
3265 2607
1426 2599
3288 2557
2813 2142
3453 3147
370 1968
326 2566
1589 3203
2192 557
57 2333
900 769
111 334
2568 1308
397 3449
1987 2583
2778 3174
371 276
1344 1378
1531 1724
1031 1757
1477 1762
2129 292
137 1910
1743 3062
1311 2456
1441 309
892 2118
344 2651
1816 623
1219 1759
2721 301
1181 3290
3250 3350
910 2991
3357 867
2803 1159
2611 3148
273 629
708 3323
2921 3
2585 801
1427 1950
874 199
1147 737
207 3549
3054 2329
1127 1984
999 3046
2318 763
2360 2874
768 1806
1236 2377
2087 2723
1298 3163
3188 1775
2925 164
2041 2743
2451 1365
3540 2151
864 489
1257 626
2967 2756
1468 916
2592 3373
2149 3062
2654 3457
1689 310
100 283
1834 2248
249 1366
3063 3053
518 1324
2425 1613
1934 3240
1903 3356
745 2787
1377 1600
2909 3356
724 978
558 146
1481 1223
1584 3036
1168 552
2210 2130
896 2121
1063 1498
165 1736
3535 176
2048 283
825 164
598 2469
1812 195
200 812
2804 1921
1179 2875
133 1510
807 1069
1068 2489
3088 1757
2881 2214
3484 1588
664 511
1076 2530
2922 1756
922 1196
1370 2510
2556 2497
1020 976
3200 3515
621 3052
1142 438
1599 899
1937 494
2549 599
536 1092
3292 2588
2345 1476
3340 2729
2754 3304
1372 2862
153 2996
2876 827
2591 730
1143 1454
116 630
1369 861
2448 1197
2424 2782
1770 2186
1486 3293
2587 2068
1930 1302
646 1817
823 1169
250 881
1351 1442
529 288
168 3489
50 34
1132 2826
44 50
2307 983
213 710
1011 703
3394 2704
3387 1136
782 1667
2685 567
1074 2087
1883 1834
958 505
1686 2812
894 259
534 2899
1139 1613
2163 2684
2061 1428
1581 2121
2038 510
960 3442
3551 1502
379 234
1780 1740
2819 2035
1106 2976
787 104
2807 1534
2965 1719
2075 445
103 3392
2372 1083
2522 2633
527 2526
1433 1235
2376 95
2961 97
1576 2041
28 2050
2601 775
2088 2080
2082 1690
395 1429
324 1822
2789 1625
1417 701
1788 2943
923 920
3517 2823
1268 2185
240 1342
858 938
492 2391
3096 2373
994 963
575 3048
2066 1956
2346 17
3010 3406
603 1814
515 310
758 565
1832 1362
1449 2138
297 1220
2980 2360
828 2021
2843 3408
1732 339
936 2422
2064 3392
2183 328
1676 2368
964 1006
2771 2794
3552 707
917 3062
3456 1401
1176 1040
203 1752
1848 43
1837 3209
269 637
66 2956
539 1704
718 1396
21 2942
1247 1669
1869 1426
918 1461
1162 1922
1929 1870
1489 861
1291 3320
2493 1893
3467 878
743 3318
1601 1339
1113 1494
2468 2603
1727 1644
1843 529
52 3467
2998 2057
3171 2478
386 1155
656 2585
3422 3429
305 1481
27 3004
355 1108
3045 2952
493 3483
218 1378
1115 1657
3331 3267
3445 2898
2574 330
2410 1571
3134 3394
732 3382
3541 949
2487 2873
2790 1623
2499 639
2839 1220
1967 1334
1891 3393
2442 1378
3334 1978
2559 2273
2049 1127
1888 450
538 591
348 2825
759 2559
2014 1385
3040 2604
989 2681
816 788
481 347
1382 2175
663 1129
2625 2464
1633 2303
1894 3397
3007 3196
183 2191
574 2074
1555 1379
879 2175
3191 335
3494 248
2847 317
2465 2836
233 3090
272 1708
2753 165
2785 1065
2987 3078
1432 1324
837 2764
686 2194
2692 1589
2168 3534
2674 2045
694 3204
842 80
3462 1645
3359 3530
1049 1006
1221 3038
1280 1557
2539 2090
792 272
1064 1053
451 2764
349 2408
3459 25
548 3034
524 2386
2923 3036
495 1696
1819 2615
3507 1134
3554 1295
1852 2158
672 1325
3150 1621
1111 1181
1711 1640
727 2645
3274 1191
2564 2268
3418 2317
971 280
1007 3036
634 251
1473 635
2440 3384
1938 1795
1865 2907
22 2810
578 2901
773 763
1062 1679
2127 150
1818 392
3000 2532
2699 2102
3278 44
952 41
1729 1570
2367 3312
285 1371
2856 215
3555 131
2845 1590
3401 2163
2246 2956
1885 289
3011 2497
1314 943
2136 3340
485 1474
2774 1474
1251 3091
933 1871
846 2588
968 1275
1541 1810
446 1178
2304 3216
1558 2699
1675 1020
2295 741
2758 831
229 2494
1277 376
2301 348
1130 128
1117 647
1522 845
3155 3307
1346 586
2953 1426
3452 2341
651 3313
1203 921
1041 3034
1524 2361
3412 1238
2582 1375
2207 2989
2004 2467
390 3426
1255 2657
1496 298
1685 1553
582 2221
3149 3564
1090 70
31 3211
2241 1556
750 1351
98 2926
2337 316
3398 1412
3027 765
2024 3501
696 3482
1824 2865
3118 1109
3463 600
1758 1160
422 2040
419 1098
1954 643
2286 2636
3437 466
1778 2475
185 831
3260 1334
253 2467
30 3203
2281 2345
665 682
1066 1551
3433 2575
1563 2728
1456 2831
940 1712
601 1324
377 1270
2906 3213
1914 858
1559 1871
1390 3039
2757 3307
588 3393
3419 2827
56 1478
997 524
1394 735
2396 665
3225 1785
3522 2953
2434 3267
1005 1615
73 1745
2616 3137
2086 2992
2133 965
3297 1122
2058 49
3072 1504
1651 2623
3363 3243
1550 3414
833 3192
2614 2332
117 2709
2312 1506
1671 2221
2808 2605
2225 3075
121 1887
278 714
1505 880
902 760
2872 3422
2719 871
2284 1362
2622 779
182 1907
1381 54
1213 3290
1234 710
797 52
3544 2457
3223 2312
1955 1115
1591 1224
909 2757
147 3443
1096 2721
1315 983
1904 71
1407 3041
1397 1259
1826 792
1897 2674
482 3244
1488 1948
1856 670
2259 637
569 1032
1326 814
2642 642
3076 2050
1815 2905
593 1844
3518 2216
1044 2733
1841 1355
2725 708
2851 1025
2296 1304
1979 1786
384 948
2157 2458
1008 2095
1920 1365
722 2113
170 957
756 2372
725 678
275 2473
653 1783
471 2849
1014 542
849 2776
2814 885
2255 2834
208 942
1253 1581
368 168
320 870
2805 169
3407 2203
2755 1243
1435 664
853 1457
3058 1888
3252 2328
2249 2193
1942 1476
1093 89
1211 454
1905 3101
1102 3358
850 3190
448 1902
1858 2901
3165 2095
3108 955
2659 3401
2433 2033
1915 92
2555 988
1999 3110
1936 1749
723 493
2251 2492
2070 3472
373 1069
2871 927
19 806
1850 3563
3526 2457
2108 192
1357 138
3126 1600
1746 2243
0 2876
1446 3114
400 3040
3199 1846
497 1906
303 149
1267 1220
2089 806
2204 579
1945 1827
3033 1684
2797 413
3123 2322
2768 2417
1943 1978
1692 1651
2342 661
2501 1373
3287 2569
1874 1351
45 903
2700 3188
2169 2552
2861 249
2025 3554
2100 1432
616 2257
375 37
3176 2258
2055 1224
2238 2957
440 705
201 1326
3322 1604
1515 2736
1547 98
3031 318
3289 2768
3220 2343
2165 806
2001 629
1561 2387
369 930
2634 2600
2928 1054
3374 3562
947 248
2618 642
1028 918
697 850
2085 335
430 1866
1016 498
834 980
585 2330
941 659
2229 2113
1919 2502
1830 3112
2311 1329
331 2187
1835 3016
2691 199
2640 879
761 3538
3111 1503
990 152
442 270
3177 1106
3107 995
1340 367
1017 1036
905 2706
2863 2963
2694 199
1802 2632
3175 2042
684 1563
2119 3481
2637 2798
274 1056
1038 2764
1194 2312
1204 3483
1714 1470
1993 2159
3014 163
108 1235
2816 1555
307 1894
3511 969
1564 3183
2218 2468
1047 255
970 273
2250 906
1520 1435
322 2679
3065 477
3187 3176
2669 3247
2447 3334
1821 2983
2551 2764
2145 1179
2740 255
211 1652
991 1152
2775 3200
236 2573
1190 1141
2026 261
3077 265
2275 666
232 1453
533 1766
468 571
1764 1738
1413 1044
2220 353
2411 2193
1516 699
434 206
2746 3286
1042 1034
2350 2742
1864 1189
2904 157
1799 3519
1185 3058
393 2225
3560 1545
1535 643
263 3402
2846 2031
323 2749
2079 1139
2423 2462
3432 3044
1776 2416
11 3091
925 616
1924 2753
2300 1675
2319 2671
436 1069
1537 216
3348 2783
429 1082
190 992
3273 1195
2170 766
76 3319
2714 187
3451 3214
2930 2775
1438 778
2895 2978
2958 3533
1214 858
648 2892
3261 458
2833 749
2012 176
1079 2295
3438 440
1050 1653
1963 138
2891 3329
1444 1458
3485 718
2994 1287
2239 420
873 2317
752 3235
544 1878
3310 2433
421 2886
3230 2982
1539 653
1273 2631
507 3477
998 3480
2007 1324
2968 3556
3321 571
3345 3228
1193 795
530 2404
2299 867
866 2555
654 794
3386 3078
1356 3095
204 2049
2484 1868
1410 2887
3032 318
677 3268
1361 3385
754 202
2390 3332
2393 1401
197 1521
2534 1849
1538 248
1847 1978
2842 2503
2206 3547
3186 1198
99 1309
1491 1319
2454 3076
803 2108
2148 1624
198 1534
2750 1448
172 1888
3520 2720
365 2304
191 832
2649 1816
3497 493
2837 2160
3536 855
151 3131
1112 876
924 2166
1364 2140
868 1281
1594 1649
350 2393
945 54
2348 833
1345 639
286 3224
2291 1876
3061 501
1418 2953
2521 983
1310 3376
611 1054
1500 1423
671 1271
2959 1409
962 1690
1292 1618
2253 2844
363 3258
830 524
351 2659
2439 737
312 2705
1205 2587
3360 878
141 2947
1836 1068
713 1921
279 1673
243 3217
1300 3129
1527 3032
3294 2629
1070 719
308 2041
956 1608
3389 2481
88 3394
609 430
2511 76
1972 1756
484 1225
1946 3178
2032 18
102 934
2065 1226
2366 854
2817 1864
3254 3339
652 3229
2520 2493
3233 2090
516 2668
2868 1853
311 2328
1101 149
3215 756
2801 946
1845 2858
83 3563
1380 1902
2071 2278
1180 928
2091 2403
502 3143
973 2213
1278 1444
1350 1328
2597 2690
887 2586
2652 3203
2101 353
2316 3132
1700 1898
3082 1082
1952 3469
1089 1736
657 2933
1728 2537
1493 1473
299 2099
33 31
1026 13
2062 2169
2266 1276
360 1051
1773 3038
2150 2274
2400 3313
911 2022
2962 2274
167 778
3073 1187
2745 2570
2560 3017
1245 1445
1058 916
260 2900
2382 1194
2687 1705
3521 2914
584 2126
3037 102
1483 2241
931 515
47 1142
3227 793
1529 2710
3353 1095
1347 254
2224 2521
6 766
2525 745
1702 3149
1406 3167
702 2773
2009 2142
1900 1081
1867 1965
3531 366
986 841
1188 911
1974 947
751 3095
2340 270
1471 1470
3461 3077
3255 2785
736 2281
1333 2966
3144 2441
3425 2673
1348 2189
1983 1882
2781 2199
2902 446
1863 2189
463 2521
3281 1011
1306 299
622 3185
38 178
3051 2276
1701 3375
2354 2672
3226 2202
1210 1727
1793 989
607 1664
3023 123
235 2525
341 814
791 3563
3409 1820
2533 2158
3125 1077
2913 2977
2124 1436
3470 907
1163 2351
1431 3329
3335 401
1607 756
2542 2366
1944 2284
950 2521
2606 680
496 213
1628 1824
3466 1445
467 2877
746 3361
2474 370
264 2110
2053 1635
212 554
979 2488
726 54
1128 452
3298 3526
1768 1990
3135 64
2106 64
915 1463
817 2904
1244 542
2196 827
346 1197
1140 3329
522 1715
1242 398
2880 1595
290 3260
3284 2930
815 1563
2738 1756
2228 2389
1771 930
333 3348
660 1503
161 1098
3251 1868
3098 2800
1777 1747
3503 2599
1479 3081
597 1011
470 2203
1004 788
2718 281
499 3475
733 14
1680 1344
2821 1600
2641 1737
2806 598
1240 1390
1911 692
1683 314
1585 1818
614 3233
352 3194
1116 1222
1103 1694
1391 2719
2598 318
2770 2807
464 3188
1165 1711
543 3422
1605 1453
1360 2581
3218 2093
1709 915
