200 24 31 12 82 51 40 45 40 76 24 89 84 14 14 22 99 76 15 18 55 16 45 59 97 41 64 72 76 48 92 23 65 77 50 88 90 41 25 49 77 59 88 50 45 89 17 68 92 5 92 98 72 52 93 6 38 58 88 20 37 85 75 55 41 53 54 96 62 22 34 40 12 44 49 23 26 98 95 57 44 24 41 89 98 54 35 93 92 97 3 78 96 25 14 83 78 69 15 3 10 49 79 16 4 81 99 70 83 11 45 70 36 26 26 42 1 63 74 44 11 29 98 45 85 26 52 98 22 99 89 3 90 2 37 63 29 14 47 89 46 43 14 69 35 87 54 38 20 25 14 29 26 72 97 9 46 4 68 55 16 3 24 66 24 16 21 48 84 43 28 10 61 98 22 63 95 21 11 19 43 10 47 2 25 3 45 66 41 23 54 48 89 43 23 89 93 10 37 44 26 
200 41 35 26 92 1 45 10 93 28 45 82 35 35 60 60 48 43 80 2 98 49 58 17 45 17 45 24 20 68 11 36 54 93 61 88 45 41 55 52 68 13 87 14 17 95 11 13 51 65 10 98 23 65 1 76 37 7 36 75 55 27 15 73 10 99 95 63 95 32 58 87 38 47 98 3 4 57 74 13 59 66 53 23 55 62 68 72 54 65 7 16 20 71 15 1 11 42 83 94 90 49 52 67 46 38 19 68 32 13 54 81 36 45 58 31 15 29 97 33 26 32 27 99 27 17 34 8 52 69 73 26 50 30 51 74 44 37 19 93 81 15 4 80 1 85 94 26 66 4 42 62 39 40 88 30 85 10 72 97 13 68 80 33 70 33 7 93 27 5 21 36 83 37 78 64 98 63 88 76 22 14 94 38 71 60 68 53 29 67 21 45 75 40 2 45 36 26 8 94 62 
200 4 81 64 61 76 93 22 80 92 37 95 85 20 89 57 97 89 4 78 40 62 18 5 95 99 21 96 2 63 50 56 11 83 68 77 64 77 44 5 78 6 69 1 19 9 97 69 8 7 45 54 41 74 49 38 84 27 68 26 28 91 93 53 89 28 71 42 90 60 18 12 94 49 6 37 94 97 50 33 41 89 74 87 78 52 34 53 93 7 11 75 22 40 93 34 55 82 26 94 49 39 98 73 33 98 47 47 5 77 28 82 2 61 56 72 63 78 96 27 47 24 3 8 84 20 32 31 66 55 22 56 44 39 70 48 89 31 7 38 20 37 62 13 33 2 79 72 46 87 25 73 27 81 65 34 37 86 94 16 5 40 10 20 34 27 14 24 55 72 21 56 1 25 4 61 15 34 57 13 36 41 50 57 66 3 60 10 66 78 24 16 74 22 64 99 45 3 74 64 90 
200 11 18 2 52 11 46 96 15 8 10 19 23 60 20 91 51 48 62 23 33 59 67 7 84 80 66 60 14 79 95 96 66 88 12 53 61 64 97 90 50 81 52 1 68 30 43 18 72 72 94 81 55 36 57 7 62 35 63 73 21 6 23 59 67 49 68 67 1 68 41 35 48 28 86 94 61 43 1 62 97 71 84 69 52 69 34 53 25 90 4 63 82 7 96 47 55 36 84 25 4 23 90 28 73 37 81 3 2 80 67 12 9 11 36 97 70 66 36 18 87 77 30 82 25 32 23 99 13 11 7 25 2 71 67 3 48 26 24 56 8 46 86 1 43 85 55 17 76 88 58 84 67 25 33 68 36 90 33 20 14 33 35 93 64 64 77 38 67 99 62 61 85 50 36 87 91 8 25 62 50 23 97 70 47 65 53 59 59 39 92 17 55 81 28 57 44 53 79 47 94 
200 89 57 70 77 84 88 83 33 69 51 66 18 68 68 43 47 10 10 61 16 24 57 34 10 25 17 80 6 47 60 31 34 53 74 49 36 69 95 10 60 84 31 57 60 50 21 64 90 77 73 3 46 90 33 58 48 60 80 94 98 13 15 18 58 36 40 51 85 39 90 28 88 2 23 81 77 37 26 82 36 87 46 6 14 82 10 71 31 40 85 95 31 75 58 17 8 32 10 28 54 57 26 55 79 36 15 32 41 19 81 19 16 72 26 31 48 65 4 90 11 16 46 17 30 27 94 99 15 11 62 29 68 21 36 13 91 74 33 33 17 17 83 55 91 65 20 44 26 67 52 18 68 42 58 3 97 99 26 25 87 78 25 46 26 24 86 89 29 48 24 86 86 69 29 81 52 93 62 4 99 86 62 71 77 28 18 53 69 77 30 25 65 72 13 71 9 34 79 31 69 
200 3 46 76 83 4 35 1 63 85 40 50 99 53 80 20 88 79 44 99 56 80 18 95 13 76 54 19 12 18 3 50 38 46 64 11 76 30 4 13 39 95 70 75 80 41 63 24 99 59 89 17 10 28 10 32 22 43 18 57 74 82 83 37 7 84 78 20 76 62 90 47 6 70 45 2 94 48 97 19 2 79 18 62 6 9 93 56 52 63 93 11 30 5 64 37 81 64 35 71 89 91 87 95 49 78 30 53 77 57 4 31 30 10 54 51 79 80 95 43 95 76 79 80 68 50 59 37 86 30 58 25 56 5 28 12 75 8 21 71 1 96 89 58 1 28 2 36 20 52 15 20 44 92 36 55 16 28 64 20 55 89 58 48 77 61 38 57 41 47 67 82 50 22 45 14 82 60 20 28 86 5 69 11 49 4 10 42 27 40 2 65 27 15 29 21 83 18 88 64 81 
200 79 59 82 30 29 54 21 51 26 60 5 50 31 96 59 65 98 37 53 10 37 55 45 86 65 47 34 83 7 39 22 52 19 82 54 10 22 81 32 12 75 92 90 10 80 18 39 84 20 45 37 11 99 10 24 89 88 90 53 4 93 70 22 66 84 59 69 26 19 75 4 13 24 78 37 90 63 85 9 51 6 12 63 59 30 41 35 58 39 22 73 46 84 4 86 7 94 56 47 35 28 65 95 10 12 9 2 94 95 47 68 52 2 40 81 80 55 85 23 26 85 83 41 74 8 17 96 62 6 46 77 1 85 79 45 19 39 19 12 19 63 54 57 73 82 58 55 9 2 56 6 74 27 28 82 84 39 43 6 70 85 21 65 82 63 78 44 45 19 84 64 57 21 51 31 12 85 85 13 34 82 74 91 35 97 57 81 49 61 83 31 32 56 2 40 61 9 85 64 27 
200 28 22 54 2 98 92 29 59 62 65 87 55 31 76 67 25 22 13 19 67 65 29 39 45 44 13 90 69 55 50 16 77 92 19 87 1 54 20 33 92 39 3 90 8 5 37 5 73 28 50 38 48 95 40 67 74 67 69 52 26 78 16 10 5 49 48 62 79 79 2 83 47 38 93 2 58 55 69 38 89 59 62 94 37 53 47 10 28 69 12 39 95 6 68 97 11 19 8 68 68 18 63 91 42 50 33 24 90 53 91 40 35 71 48 61 61 77 72 25 74 6 61 91 67 26 4 27 70 25 4 74 49 53 9 32 20 1 41 2 71 96 52 30 53 45 50 15 24 87 39 37 45 99 41 45 76 21 45 67 9 23 32 3 4 39 73 34 45 64 88 20 49 9 34 57 70 40 38 70 31 31 55 84 44 71 17 90 65 77 61 98 94 41 20 90 61 23 32 86 37 
200 43 94 82 78 19 4 84 96 41 49 36 34 67 89 95 25 9 32 85 92 51 47 39 87 93 5 96 9 10 57 93 67 52 13 4 87 33 53 1 50 77 66 34 12 80 15 44 38 46 68 96 42 81 12 45 36 18 2 76 35 94 32 72 46 32 72 59 16 92 92 7 39 67 85 52 78 81 60 66 31 75 57 66 62 89 30 82 79 58 72 99 66 20 86 19 58 28 9 43 63 40 57 81 5 19 96 54 55 70 68 35 26 95 72 32 34 93 75 25 48 83 30 71 29 96 85 72 42 36 2 28 14 6 1 16 97 34 84 72 24 89 45 10 24 49 8 80 55 14 36 93 24 42 89 71 85 44 16 94 72 18 26 83 14 81 78 71 61 49 78 34 8 91 91 58 58 64 61 46 98 5 29 61 72 23 47 63 65 75 28 95 30 79 88 14 49 20 10 13 74 
200 39 50 91 12 40 94 35 8 32 11 21 9 31 28 72 57 78 74 84 35 99 35 26 49 66 36 59 18 58 54 51 37 21 16 44 40 31 14 22 47 10 98 89 65 37 39 12 15 75 14 87 7 82 98 57 82 37 20 69 25 58 70 11 34 71 35 80 85 73 90 22 30 16 68 76 29 16 57 50 69 50 52 14 28 38 23 60 4 43 90 31 29 5 88 44 96 40 3 48 99 20 94 32 43 28 1 4 92 49 24 3 91 97 85 92 89 15 99 69 63 2 35 7 52 60 82 12 24 21 31 44 6 52 2 71 88 27 65 35 61 52 86 79 27 4 13 97 47 19 3 18 94 37 91 34 16 84 74 34 51 30 12 44 55 98 12 18 69 20 14 40 82 80 46 88 12 1 94 40 31 80 71 43 72 95 44 56 41 87 27 88 79 55 4 32 63 27 40 70 99 
200 86 2 79 46 90 66 50 70 94 93 9 34 98 28 90 3 24 70 70 81 44 26 27 59 39 66 6 75 62 22 43 14 17 92 77 68 65 50 10 56 29 87 82 75 3 45 99 2 7 35 30 49 9 95 31 63 3 87 51 59 38 73 81 6 44 43 34 34 63 14 66 62 41 89 59 66 87 57 28 38 50 27 69 57 98 19 97 55 24 21 10 61 10 75 41 8 53 5 52 69 36 29 89 16 72 71 88 2 52 22 77 17 51 47 54 51 16 79 70 73 91 81 87 88 89 51 27 28 85 52 76 30 10 77 46 34 83 64 89 72 8 4 44 71 83 22 30 38 49 23 4 65 45 47 41 11 48 5 47 46 7 69 96 1 9 12 19 79 5 31 22 88 24 8 80 28 84 81 7 66 17 53 75 16 57 88 6 86 78 28 99 78 80 98 53 89 38 3 32 96 
200 75 40 54 39 38 85 86 68 52 57 22 57 23 29 42 28 45 88 30 28 13 40 43 70 42 8 29 71 25 31 46 43 57 91 38 8 9 68 89 97 30 98 78 79 71 58 65 84 13 42 21 58 81 13 81 44 97 20 2 88 83 8 90 33 19 86 54 52 24 20 74 28 81 81 65 69 90 6 42 80 20 53 69 47 32 88 59 20 94 93 15 14 63 46 16 99 79 21 94 34 62 37 75 1 56 59 37 39 36 65 22 92 67 49 54 10 37 24 8 29 73 61 98 78 77 63 19 6 75 44 41 93 25 94 87 80 94 26 31 94 11 32 16 24 44 91 64 87 54 63 89 61 60 87 85 2 6 26 47 38 50 81 65 17 28 53 2 16 4 9 51 7 51 50 89 71 92 72 79 5 8 16 92 74 30 89 37 83 17 40 8 84 83 23 34 53 59 88 71 37 
200 93 2 63 42 93 61 5 24 93 73 15 92 57 50 77 25 82 11 5 50 70 5 21 31 83 66 21 75 37 89 81 45 14 5 90 27 15 67 9 23 38 31 29 42 72 62 48 26 18 94 31 56 47 88 84 94 64 52 35 16 10 74 48 38 18 82 76 39 36 9 81 8 22 65 94 57 85 91 99 71 30 25 67 53 86 68 81 8 97 96 64 74 82 85 19 32 37 98 72 43 80 45 63 6 67 36 11 98 27 63 7 94 90 70 6 55 4 64 85 96 10 30 92 61 46 53 68 81 1 50 55 47 20 68 50 97 74 30 52 87 17 10 28 78 98 20 96 39 98 35 65 93 56 21 56 54 3 68 46 99 42 8 5 26 99 43 42 43 13 67 59 95 24 91 54 54 37 25 35 53 47 47 88 72 7 66 40 82 94 18 77 89 19 36 28 15 60 13 67 5 
200 31 96 48 93 47 84 77 6 34 85 6 83 97 60 64 75 82 30 81 4 76 16 46 5 12 43 43 89 80 88 44 11 40 65 99 12 50 48 73 40 21 91 49 83 81 68 13 65 12 73 86 45 12 91 83 25 62 2 39 65 91 25 67 88 88 55 21 75 40 11 43 7 52 98 98 3 49 15 76 31 31 29 27 77 10 46 60 75 58 69 17 74 79 34 84 90 53 86 93 62 41 63 48 71 31 56 73 83 11 6 8 40 40 96 21 78 45 58 80 26 27 59 48 37 45 34 46 55 7 54 86 61 93 63 16 35 71 91 19 40 21 45 75 41 4 99 94 26 73 97 11 88 12 56 26 70 58 75 18 59 62 48 24 21 2 65 11 42 84 11 72 41 27 82 34 72 45 61 58 7 12 83 28 29 7 64 21 90 45 91 13 62 4 43 19 60 89 54 47 17 
200 4 27 56 71 77 47 81 72 81 68 8 99 65 49 98 90 63 10 55 69 47 41 57 17 69 95 73 11 70 67 30 97 84 91 22 2 27 7 51 54 77 43 18 7 81 84 88 19 73 13 55 75 74 86 7 46 81 61 37 44 73 59 54 78 35 47 92 3 51 45 63 16 79 93 51 44 31 96 49 92 10 97 96 32 90 85 2 78 68 43 61 72 46 96 5 55 94 19 46 36 47 71 91 55 20 60 83 91 19 72 79 25 58 98 14 50 84 33 24 11 62 60 68 20 81 57 63 9 83 6 93 41 40 76 91 68 75 33 25 82 15 8 84 41 4 36 16 82 29 30 92 43 67 46 68 92 78 82 55 19 47 50 19 9 84 44 35 29 97 12 63 80 32 82 72 23 82 37 76 43 22 82 33 76 50 12 44 27 24 91 20 73 43 9 14 38 42 30 93 74 
200 65 30 90 43 14 55 5 27 25 87 24 49 38 86 80 39 70 51 4 38 35 43 36 47 26 36 8 63 27 46 36 17 39 83 78 71 61 73 48 9 70 8 33 99 83 39 5 57 11 95 60 37 43 75 95 26 87 35 13 50 3 92 21 98 49 58 83 14 11 56 69 30 89 98 99 73 88 63 93 86 57 63 50 11 44 56 82 65 56 25 70 87 44 58 77 8 35 19 5 34 73 63 93 86 75 85 7 90 8 62 58 36 23 19 86 11 51 42 98 55 37 76 20 55 79 52 5 51 2 71 14 51 33 70 7 39 18 43 33 65 97 70 22 76 86 75 63 11 19 95 35 58 37 22 2 34 22 63 33 65 53 14 24 87 22 92 6 42 35 52 54 55 8 3 97 23 84 64 89 50 3 94 90 65 53 2 99 49 93 89 18 60 45 18 37 57 2 77 17 11 
200 96 46 22 90 67 89 40 12 7 79 14 80 46 6 53 52 18 80 65 44 74 37 33 1 23 35 4 82 81 17 52 39 72 59 92 20 11 25 48 84 99 60 65 2 54 46 83 33 94 50 62 24 98 70 64 3 31 54 4 6 54 70 99 65 98 83 3 16 89 38 52 70 45 84 36 94 70 17 60 25 1 18 50 29 6 19 99 69 36 42 17 3 16 86 56 59 57 6 53 71 10 67 26 48 71 34 54 93 39 1 38 99 68 99 8 98 81 96 64 94 45 47 72 72 26 75 17 19 10 84 3 75 90 7 38 86 80 25 90 53 42 73 82 15 88 90 31 92 79 42 81 10 83 29 82 77 41 75 88 52 52 22 23 43 88 55 96 41 5 37 83 14 6 36 15 26 44 92 24 59 68 41 90 40 21 45 32 35 99 88 86 77 60 83 26 31 80 91 31 4 
200 25 71 40 30 76 49 74 85 70 12 99 60 35 82 24 6 76 8 23 33 97 44 78 38 41 56 6 32 12 74 79 66 30 88 27 47 69 60 88 88 90 25 60 56 61 94 49 16 10 57 58 55 80 5 2 14 75 54 77 40 44 52 77 71 12 53 33 55 53 10 88 42 93 34 99 54 11 51 24 69 69 23 85 16 31 29 67 45 79 34 33 84 48 42 36 52 77 45 3 18 35 11 74 32 42 82 43 12 19 93 88 21 23 36 52 88 15 88 41 3 43 57 86 91 69 3 35 27 57 27 88 38 64 86 51 80 91 69 22 79 51 20 9 13 41 17 61 58 91 66 91 10 73 77 91 98 7 27 16 28 20 71 52 68 52 55 94 70 49 49 89 61 90 13 71 39 62 88 63 99 2 32 57 16 88 61 67 38 24 94 6 34 30 53 98 35 17 40 60 81 
200 58 13 27 17 11 89 68 85 40 33 23 76 93 71 21 14 31 74 25 74 83 87 25 39 14 4 98 44 23 96 21 38 41 20 21 40 94 20 64 26 81 31 83 69 11 86 52 71 32 80 81 35 94 95 76 41 96 91 26 89 51 75 78 64 11 30 25 75 19 10 55 82 26 36 98 8 68 18 31 34 63 30 78 74 89 24 76 1 89 71 57 65 45 84 14 81 32 35 14 49 3 92 96 86 71 41 48 81 36 48 16 55 20 5 28 27 36 86 50 39 1 6 97 47 82 50 81 68 36 71 8 90 59 27 16 70 64 19 10 19 58 73 68 60 93 99 43 68 20 59 69 57 45 7 15 13 88 95 80 66 10 74 8 96 13 94 68 57 33 88 9 54 86 83 21 51 40 49 37 11 21 35 26 83 77 20 59 78 97 49 99 31 41 95 70 60 25 47 16 13 
200 1 52 60 71 32 81 1 61 9 40 49 58 85 21 78 52 92 68 98 68 15 21 66 66 64 84 40 69 8 17 84 5 3 50 53 42 23 35 57 16 8 99 30 66 39 99 4 2 51 49 14 69 7 9 7 32 90 63 93 38 74 17 87 26 56 6 32 4 19 33 68 99 33 71 75 82 4 41 58 8 45 2 11 59 9 2 38 25 96 63 37 82 54 20 17 45 55 17 70 29 40 22 32 34 20 17 51 83 52 65 98 6 84 8 49 46 27 15 85 96 5 91 38 71 32 61 82 83 25 17 5 30 93 76 28 49 61 14 72 24 57 55 47 65 87 50 3 36 37 67 55 17 94 13 22 56 3 71 44 39 73 59 85 9 62 20 87 60 59 35 50 12 62 31 8 28 97 48 45 90 20 15 11 59 58 33 54 94 70 59 94 81 85 50 35 43 88 96 40 33 
