50 100
1 2
1 10
1 33
1 44
2 10
2 14
3 4
3 28
3 29
3 32
4 5
4 32
4 38
5 11
5 27
6 7
6 22
6 30
6 50
7 12
7 17
8 9
8 13
8 20
9 13
9 21
9 25
9 34
9 37
9 49
10 14
10 39
11 18
11 27
12 15
12 16
12 30
13 20
13 34
13 35
13 37
14 19
14 44
15 16
15 24
16 17
17 22
17 24
17 30
18 27
19 33
19 42
19 47
20 21
20 48
21 23
21 25
22 24
22 30
23 25
23 26
23 35
24 30
24 40
24 50
25 26
25 48
25 49
26 34
26 41
27 28
27 29
27 38
27 45
28 29
28 45
29 31
30 40
30 50
31 32
31 43
32 38
33 36
34 35
35 37
36 39
36 42
36 47
37 41
38 43
39 42
40 50
41 48
41 49
42 44
42 47
43 45
44 46
46 47
48 49
