50 100
1 3
1 6
1 21
1 35
2 4
2 23
3 6
3 9
3 42
4 5
4 11
4 16
4 47
5 7
5 11
5 32
5 43
6 8
6 19
6 27
7 10
7 50
8 9
8 13
8 15
8 34
8 49
9 13
10 11
11 12
11 18
11 30
12 16
12 46
13 14
13 20
13 25
14 15
15 19
15 24
15 41
16 17
16 22
16 26
16 30
16 33
16 43
16 47
17 18
17 43
18 22
19 20
19 24
19 38
19 49
20 21
20 31
21 24
21 40
22 23
22 46
23 26
23 32
24 25
25 27
25 42
26 29
27 28
27 38
28 31
28 41
28 45
29 30
30 32
30 46
30 48
31 34
32 33
33 36
33 43
34 35
34 44
35 37
36 43
37 38
37 45
37 49
38 39
38 40
39 40
40 41
40 49
41 42
42 44
43 46
44 45
45 49
46 47
47 48
48 50
