50 100
1 2
1 10
1 49
2 3
2 31
2 33
3 4
3 18
4 5
4 14
4 25
4 29
4 42
5 6
5 45
6 7
6 25
6 39
6 50
7 8
7 11
8 9
9 10
9 16
10 11
11 12
11 32
12 13
13 14
14 15
14 20
15 16
15 25
15 37
15 44
16 17
16 23
16 27
17 18
17 45
18 19
18 22
18 26
19 20
20 21
20 26
20 27
20 37
20 42
21 22
21 50
22 23
22 24
23 24
23 32
23 35
24 25
24 40
25 26
25 33
26 27
26 48
27 28
28 29
28 31
28 40
28 45
29 30
29 36
29 50
30 31
30 42
31 32
31 39
31 44
31 48
32 33
32 47
33 34
33 35
33 36
33 50
34 35
35 36
35 48
36 37
37 38
38 39
39 40
40 41
41 42
41 44
42 43
43 44
44 45
45 46
46 47
47 48
48 49
49 50
