100 400
1 3
1 20
1 41
1 65
1 78
1 89
1 90
1 93
1 94
2 6
2 8
2 11
2 43
2 56
2 85
2 99
3 17
3 20
3 51
3 66
3 89
3 97
4 5
4 9
4 28
4 81
4 96
5 9
5 13
5 16
5 24
5 40
5 55
5 59
5 71
5 76
5 77
5 92
5 96
6 7
6 11
6 14
6 56
6 87
7 8
7 48
7 85
8 11
8 21
8 56
8 60
8 100
9 10
9 13
9 25
9 28
9 37
9 40
9 42
9 50
9 55
9 63
9 92
10 12
10 37
10 42
10 57
11 14
11 15
11 18
11 19
11 30
11 43
11 44
11 52
11 87
12 13
12 25
12 36
12 53
12 55
12 67
12 69
12 82
12 96
13 16
13 22
13 28
13 50
13 63
13 69
13 81
13 92
14 15
14 27
14 33
14 38
14 52
14 64
14 75
14 87
15 18
15 35
15 70
15 75
15 84
15 85
16 22
16 77
16 80
16 88
16 92
17 20
17 23
17 79
18 19
18 27
18 33
18 35
18 64
18 85
19 21
19 33
19 84
19 87
19 91
20 23
20 34
20 61
20 62
20 78
20 83
20 89
20 94
21 26
21 33
21 44
21 56
21 87
21 99
22 24
22 55
22 63
22 69
22 77
22 86
23 31
23 51
23 83
23 90
24 25
24 36
24 50
24 71
24 73
24 88
24 92
25 28
25 69
25 77
25 86
26 27
26 44
26 56
26 87
26 95
27 30
27 70
27 85
27 87
28 29
28 36
28 50
28 77
28 81
29 36
29 77
29 92
30 33
30 70
31 32
31 46
31 62
31 66
31 68
31 72
31 78
31 83
31 90
32 34
32 39
32 61
32 90
33 35
34 39
34 49
34 58
34 66
34 68
34 72
34 78
34 83
35 38
35 43
35 52
35 99
36 37
36 40
36 42
36 53
36 77
36 82
37 40
37 42
37 59
37 77
37 96
38 43
38 56
38 60
38 75
38 91
39 41
39 47
39 49
39 79
39 98
40 42
40 55
40 59
40 81
41 46
41 51
41 58
41 78
41 90
41 97
42 45
42 53
42 69
42 88
43 44
43 48
43 70
43 84
43 87
44 48
44 52
44 70
44 99
45 50
45 76
46 47
46 61
46 65
46 89
46 98
47 49
47 51
47 58
47 65
47 93
48 52
48 56
48 60
48 64
48 75
48 84
49 51
49 58
49 61
49 72
49 90
50 53
51 58
51 65
51 72
51 98
52 54
53 55
53 77
53 88
54 56
54 70
54 75
54 84
54 95
55 57
55 71
56 60
56 64
56 99
56 100
57 59
57 71
57 73
57 80
57 81
58 61
58 68
58 78
58 83
58 93
59 63
59 67
59 77
59 82
60 64
60 91
60 99
61 62
61 79
61 97
61 98
62 65
62 66
62 68
62 94
62 98
63 67
63 74
64 70
64 85
64 95
64 100
65 66
65 83
65 89
65 93
65 94
66 68
66 83
66 90
66 93
67 69
67 71
67 76
67 80
68 72
68 94
68 98
69 71
69 77
69 88
69 96
70 75
70 85
71 73
71 82
71 92
72 78
72 90
73 74
73 82
74 76
74 77
74 80
74 82
75 84
75 91
76 77
76 81
76 88
76 96
77 80
77 92
78 79
78 83
78 93
79 83
79 94
79 98
80 81
80 82
81 82
82 86
82 92
83 89
83 94
83 98
84 85
84 91
84 100
85 87
86 88
87 91
87 95
87 100
88 92
89 90
89 93
90 93
90 98
91 95
92 96
93 94
94 97
95 99
97 98
99 100
