100 400
1 2
1 18
1 21
1 40
1 48
1 57
1 60
1 63
1 67
1 82
2 3
2 12
2 26
2 43
2 47
2 80
3 4
3 5
3 8
3 65
3 84
4 5
4 28
4 34
4 36
4 44
4 48
4 71
4 88
4 89
4 96
5 6
5 22
5 82
5 92
5 97
5 98
6 7
6 24
6 98
7 8
7 22
7 26
7 97
8 9
8 58
8 75
8 93
8 94
9 10
9 39
9 44
9 46
9 48
9 62
9 65
9 97
10 11
10 59
10 71
10 92
11 12
11 14
11 40
11 45
11 46
11 54
11 98
12 13
12 22
12 30
12 47
12 67
12 98
13 14
13 96
13 98
14 15
14 39
14 63
14 82
14 93
15 16
15 17
15 59
15 68
16 17
16 23
16 26
16 40
16 42
16 44
16 53
16 87
16 92
16 95
16 99
17 18
17 23
17 26
17 29
17 33
17 57
17 61
17 64
17 74
18 19
18 24
18 34
18 83
18 90
19 20
19 55
19 67
19 86
19 97
20 21
20 25
20 44
20 64
20 80
20 84
20 89
20 100
21 22
21 42
21 70
21 90
22 23
22 44
22 55
22 57
22 58
22 95
22 96
23 24
23 38
23 45
23 58
24 25
24 42
24 58
24 61
24 89
25 26
25 27
25 50
26 27
26 46
26 52
26 55
26 56
26 60
26 70
27 28
27 56
27 59
27 73
27 90
27 94
28 29
28 33
28 50
28 54
28 60
28 63
29 30
29 40
29 70
29 77
29 82
29 90
30 31
30 39
30 45
30 51
30 61
30 62
30 67
30 69
31 32
31 33
31 43
31 51
31 52
31 62
31 63
31 77
32 33
32 40
32 74
32 80
32 92
32 94
32 95
32 97
32 100
33 34
33 37
33 74
33 91
34 35
34 41
34 46
34 59
34 78
34 82
35 36
35 66
35 76
35 82
36 37
36 49
36 87
36 94
37 38
37 39
37 45
37 73
37 81
38 39
38 50
38 72
38 73
38 81
39 40
39 61
39 68
39 77
40 41
40 48
41 42
41 58
41 76
41 90
42 43
42 74
42 76
42 95
42 96
43 44
43 88
43 93
44 45
44 54
44 80
44 92
44 95
45 46
45 47
45 72
45 81
46 47
46 55
46 68
46 70
46 79
46 82
46 85
46 96
47 48
47 54
47 86
47 88
48 49
48 81
49 50
49 52
49 53
49 56
49 63
50 51
50 69
50 82
50 84
50 90
51 52
51 53
51 64
51 72
51 94
51 95
52 53
52 72
52 94
53 54
53 79
54 55
54 59
54 97
55 56
55 57
55 79
56 57
56 64
56 70
56 76
57 58
57 81
57 88
58 59
59 60
59 77
60 61
60 92
61 62
61 76
61 93
62 63
62 87
62 95
62 99
63 64
63 90
63 97
63 100
64 65
64 83
64 85
65 66
65 67
65 70
65 74
65 75
65 86
65 95
66 67
66 79
66 80
66 95
67 68
68 69
68 84
69 70
69 78
69 87
70 71
70 75
70 100
71 72
71 93
72 73
72 76
72 77
72 98
73 74
74 75
74 80
74 88
75 76
75 92
75 95
76 77
76 79
76 89
77 78
77 100
78 79
78 90
78 91
78 97
79 80
79 95
80 81
80 82
80 93
81 82
81 85
81 92
82 83
83 84
83 96
83 100
84 85
84 86
84 99
84 100
85 86
85 91
85 96
86 87
86 93
87 88
87 100
88 89
88 91
89 90
90 91
91 92
91 99
92 93
92 100
93 94
94 95
95 96
96 97
96 98
97 98
98 99
99 100
