388
471
156
88
232
117
59
403
176
477
350
188
78
459
324
27
222
274
343
433
307
423
428
278
227
188
225
222
468
35
495
440
419
332
391
43
481
303
200
185
229
99
262
475
330
471
143
125
152
423
56
475
377
68
113
455
219
421
161
451
49
424
199
126
251
290
412
56
123
429
202
20
363
110
436
221
375
372
398
365
145
284
64
307
222
267
382
413
307
213
482
80
25
273
59
427
84
350
80
398
139
176
54
367
373
348
469
106
43
108
452
227
200
433
240
359
72
491
406
76
129
167
123
165
465
160
68
465
231
142
223
282
323
262
63
455
375
270
423
370
158
351
126
340
448
335
127
108
467
56
174
485
322
423
6
267
316
85
119
65
103
200
32
64
434
258
265
373
440
132
408
94
488
433
475
352
227
285
236
324
324
169
266
455
392
320
275
329
303
295
181
470
49
376
391
467
423
43
395
115
321
212
286
129
289
341
366
413
66
239
441
337
329
478
143
115
180
79
295
150
251
261
185
472
227
408
74
112
151
179
77
72
472
152
18
197
353
344
77
108
20
37
378
385
182
88
154
439
435
305
88
197
359
458
439
177
401
122
399
373
434
104
279
260
476
40
73
426
359
42
313
291
250
122
256
269
100
174
439
132
206
185
31
146
444
285
36
68
422
309
51
197
137
389
69
294
113
226
394
17
66
127
477
207
496
12
210
149
11
130
135
1
59
421
5
17
99
414
318
444
395
86
309
469
460
454
43
157
253
213
36
39
322
331
172
460
411
312
238
465
437
423
408
335
485
244
310
164
188
175
318
256
400
264
420
66
239
144
431
259
499
106
104
315
346
103
474
27
98
144
449
166
186
313
293
281
381
500
145
62
437
336
470
98
400
217
164
439
493
