404
4
5
9
15
20
21
25
26
40
44
45
47
50
70
73
76
79
81
95
109
121
122
125
126
129
138
149
150
160
164
166
169
172
175
178
187
188
201
202
206
218
233
236
241
248
251
253
255
264
276
279
288
289
294
295
296
316
320
330
335
358
360
361
373
379
380
386
388
390
394
396
397
400
404
414
420
426
428
429
432
436
437
445
446
453
455
471
485
487
494
498
515
521
532
538
539
546
549
551
559
575
579
582
583
586
587
599
612
613
619
622
631
634
643
648
656
663
670
673
677
681
686
687
689
693
694
695
720
732
735
736
739
741
742
751
754
759
760
762
778
781
785
788
791
792
793
795
800
814
820
824
827
829
830
834
843
849
850
851
853
854
855
866
884
887
889
900
902
904
917
923
926
930
931
935
937
939
941
942
945
953
955
957
959
971
972
977
985
994
995
1005
1007
1017
1021
1025
1026
1028
1031
1032
1033
1036
1037
1047
1052
1071
1074
1075
1099
1107
1111
1112
1113
1118
1122
1142
1160
1163
1168
1174
1178
1188
1189
1192
1193
1194
1195
1203
1208
1209
1225
1233
1236
1239
1252
1255
1256
1261
1262
1266
1267
1269
1271
1279
1280
1282
1287
1290
1291
1293
1295
1305
1307
1310
1322
1325
1338
1341
1343
1345
1346
1348
1356
1366
1367
1373
1382
1384
1392
1397
1399
1401
1402
1404
1406
1407
1415
1418
1422
1427
1428
1432
1436
1437
1445
1449
1452
1454
1455
1456
1461
1462
1467
1470
1473
1474
1494
1498
1500
1501
1505
1506
1524
1528
1531
1538
1539
1546
1567
1593
1597
1601
1611
1615
1621
1632
1634
1637
1652
1654
1659
1660
1664
1674
1676
1679
1680
1681
1682
1683
1685
1690
1693
1695
1703
1705
1707
1712
1729
1750
1757
1760
1768
1769
1773
1774
1777
1782
1786
1794
1800
1803
1804
1807
1814
1815
1822
1825
1839
1841
1844
1847
1852
1855
1857
1862
1870
1884
1886
1889
1893
1894
1895
1901
1902
1904
1914
1915
1921
1922
1924
1928
1933
1935
1938
1944
1954
1956
1959
1969
1970
1974
1981
1983
1985
1992
1998
2001
2004
2006
2010
2014
2016
2017
2018
