100
31146 5497
10403 85496
24686 92298
80266 77630
75631 54828
47246 71812
57311 57876
78603 32580
48524 68422
68131 30144
17687 12975
85729 76184
6920 8930
69647 56161
37392 10429
25252 89211
15457 79897
30592 30252
63700 76847
63454 94179
92678 93897
25758 91460
74093 62732
27767 99850
81450 98216
25209 66726
20038 13908
2865 84714
14044 4299
28158 3007
52552 79372
72399 26497
25934 71152
1871 8513
20269 96630
99641 85146
65533 48722
40322 64798
52881 176
41873 49809
87637 66095
5469 33407
73026 84733
8346 31770
39336 42957
28339 62522
65248 5261
24867 11917
7606 88306
17754 77643
76769 37249
69404 70906
75369 35038
66539 37911
75390 73700
93386 46657
71060 59054
37891 41506
54753 16355
47288 55395
33428 86300
1303 57578
86645 27963
66304 7501
67043 92100
86916 78380
52971 1046
62868 38046
79100 1382
13336 83691
99483 7865
87941 35800
9313 61935
34023 86727
24688 22942
96072 10970
1553 95199
52399 42025
99281 44734
57595 24578
13060 56766
19273 60041
18880 51207
54877 67249
98769 81001
78848 53846
56509 16918
8006 66018
17937 21318
22174 89652
17974 20173
86888 86621
21616 70799
19914 16467
96924 55312
44516 86001
95710 73455
94998 29323
16182 44525
18804 46153
