10
50
45
38
7
29
42
43
46
32
35
21
12
1
19
8
13
16
37
14
20
4
10
41
48
39
34
33
17
25
18
3
44
11
22
9
50
31
23
24
49
15
47
30
40
5
26
27
36
6
28
50
16
3
17
50
39
15
4
24
18
46
20
48
5
44
2
38
21
8
10
23
9
11
33
37
27
6
47
49
26
36
43
32
1
25
30
7
45
34
22
42
31
29
12
35
13
41
28
40
14
50
14
7
27
22
40
32
5
44
48
6
49
12
16
19
47
4
28
11
38
10
17
35
3
37
39
36
46
21
13
1
9
23
41
33
43
45
2
30
15
25
42
31
8
20
24
34
29
50
18
50
3
34
18
26
43
44
32
41
6
48
30
25
5
14
45
12
15
50
47
37
16
38
9
19
33
39
1
28
42
31
2
36
11
27
40
8
24
22
17
23
49
10
20
13
7
46
35
29
4
50
17
49
7
50
5
1
30
9
41
12
48
19
43
4
46
10
42
28
34
16
21
18
14
6
13
44
25
22
15
11
40
3
20
39
29
2
38
36
32
31
23
35
37
45
27
33
24
47
8
50
11
48
14
2
38
21
15
28
6
10
27
20
36
13
30
18
16
7
34
37
41
32
4
31
19
8
1
3
25
9
26
24
44
22
40
33
12
43
49
23
29
5
45
42
47
17
46
35
50
50
2
25
41
22
29
16
4
42
37
44
28
45
15
9
33
13
36
48
31
21
27
47
19
1
39
18
23
14
3
6
11
8
43
49
50
7
30
5
40
12
46
38
35
34
10
26
20
24
17
50
46
12
23
18
1
26
6
13
37
8
10
44
3
21
2
29
24
9
4
19
32
16
38
39
5
30
45
36
43
48
25
42
35
34
20
7
40
27
41
22
28
50
15
14
47
31
33
49
17
50
46
4
11
44
28
45
36
31
24
35
13
47
42
15
19
14
16
48
39
25
22
7
17
41
37
32
9
2
49
29
21
33
26
38
20
8
34
10
18
23
40
50
3
43
27
5
1
12
6
50
50
39
16
11
47
25
28
33
26
7
45
22
13
21
12
23
36
42
3
4
38
1
48
18
34
29
44
41
10
27
2
20
14
37
19
5
15
40
24
31
35
8
46
30
9
43
6
49
32
