10
200
61
176
5
63
171
85
199
24
7
38
23
175
174
103
102
45
194
56
177
92
18
42
14
160
52
113
132
142
173
105
122
58
137
82
90
81
139
34
190
182
51
121
70
4
186
8
46
148
83
30
29
32
66
116
67
155
40
195
191
149
141
157
127
115
19
178
75
168
53
64
80
47
150
144
43
189
50
21
101
20
188
76
15
25
99
48
91
26
138
44
88
71
130
107
35
183
164
146
72
86
98
9
124
114
109
165
120
16
125
181
74
126
77
145
192
37
108
79
62
59
65
112
95
100
36
163
97
55
87
140
158
78
89
2
193
27
187
41
118
185
33
169
172
96
117
28
111
161
49
135
170
147
93
3
128
1
179
196
197
133
180
119
166
94
57
11
84
151
154
6
200
131
31
12
10
156
152
110
129
69
39
60
68
73
162
22
13
134
54
123
198
104
167
184
136
143
17
106
159
200
33
46
12
30
18
54
53
119
194
103
15
164
59
134
87
182
124
23
22
104
149
41
177
142
66
130
178
81
169
171
186
153
107
197
44
84
189
161
185
10
73
137
99
146
1
117
151
68
128
37
6
77
61
78
98
32
31
109
106
132
145
94
157
168
65
64
112
86
93
76
138
180
80
166
121
127
25
150
175
183
170
181
38
160
3
136
89
97
51
162
196
63
69
74
135
27
50
40
83
57
102
122
144
173
72
42
176
199
133
49
28
163
188
26
19
126
113
45
184
88
75
148
7
198
158
143
120
191
56
116
95
167
125
71
123
11
67
141
156
8
17
16
131
24
62
195
36
13
60
9
172
114
96
92
48
105
115
192
20
91
139
85
159
111
129
193
21
140
187
118
108
152
34
55
155
79
2
190
154
39
5
4
70
29
165
14
58
82
147
52
100
101
179
47
110
43
90
200
35
200
83
2
198
176
127
3
92
180
15
110
94
41
4
162
147
33
128
168
39
120
60
46
193
19
13
181
150
185
93
88
90
122
187
16
139
119
140
37
191
113
95
170
89
190
8
161
18
175
79
31
32
58
109
108
116
100
36
189
48
20
61
66
98
76
149
111
74
135
103
81
131
123
197
106
152
186
188
49
125
137
5
199
11
17
117
142
196
145
115
102
155
144
96
101
183
91
153
9
43
171
182
173
7
1
156
133
151
72
65
146
12
55
114
35
40
121
28
38
24
51
82
54
53
14
45
129
132
29
30
154
136
179
134
84
158
172
195
130
73
67
56
143
107
104
62
86
44
194
87
26
71
126
174
165
138
85
64
177
59
148
25
47
75
157
23
105
192
118
160
77
57
27
184
163
124
50
167
69
159
70
63
141
178
6
21
34
22
112
78
164
169
99
97
42
200
166
68
80
52
200
199
133
155
86
164
59
18
95
182
64
200
166
14
112
41
103
96
28
187
173
152
68
19
191
186
46
81
143
140
75
109
80
49
13
58
175
139
35
129
169
12
66
72
176
125
105
156
38
90
48
102
181
15
100
114
30
163
168
142
154
197
20
190
5
108
136
117
172
180
198
132
150
137
106
70
121
195
123
33
138
171
85
146
107
184
42
89
93
22
54
8
6
99
1
193
24
44
82
192
120
31
98
104
73
84
57
170
65
36
174
94
145
183
189
159
11
148
50
165
53
55
144
71
87
131
34
194
51
63
134
147
10
158
17
124
40
47
151
21
111
141
56
74
7
88
127
167
76
52
161
92
115
130
185
43
16
45
39
116
101
122
23
29
178
149
153
26
67
62
177
9
78
119
91
135
126
25
37
160
118
179
97
32
60
157
188
3
61
113
2
196
128
77
110
4
69
79
27
83
200
158
198
168
177
41
95
54
14
46
52
23
24
81
119
16
146
132
39
165
199
156
164
69
188
183
185
121
170
109
11
152
181
180
102
7
82
75
104
123
31
139
76
129
100
200
174
15
108
138
135
103
133
63
48
157
51
61
66
27
194
65
1
85
191
8
57
145
67
25
124
118
86
98
29
32
171
101
136
148
144
93
4
34
50
128
169
178
19
167
2
176
42
64
78
153
125
107
43
195
182
49
187
45
17
89
62
140
127
72
115
26
192
73
141
143
35
28
186
137
106
149
122
154
97
22
179
120
112
44
96
155
20
13
166
33
175
172
3
150
196
74
94
130
47
18
126
160
173
110
147
36
163
193
53
83
88
60
5
92
56
116
38
9
162
12
113
105
30
159
151
161
80
184
142
79
10
134
70
37
58
90
59
197
6
55
99
189
71
117
190
84
77
91
68
111
114
40
21
131
200
91
16
110
82
13
31
12
193
200
128
169
84
81
136
145
60
70
72
41
153
119
181
159
75
94
58
183
130
167
160
56
27
148
37
144
137
174
86
122
33
24
195
21
38
85
90
182
185
109
170
157
139
196
30
92
103
105
10
64
17
25
106
44
194
176
175
142
190
80
165
117
164
104
22
177
156
83
151
78
57
52
173
42
43
162
89
112
95
186
168
98
187
71
113
20
68
48
47
28
34
50
114
96
6
191
76
53
199
118
35
87
132
23
51
49
141
73
152
66
3
147
107
102
133
180
29
198
11
69
45
121
124
61
54
77
63
166
143
197
127
62
101
179
40
158
4
140
8
126
55
155
18
154
163
171
9
100
149
125
135
146
1
192
184
36
39
178
123
14
65
74
5
111
7
67
189
161
138
188
150
59
46
131
172
116
115
19
26
93
108
79
88
120
2
32
15
129
99
97
200
64
165
54
195
24
107
97
187
25
36
105
174
39
75
19
153
200
169
140
151
110
157
81
126
49
152
98
76
141
142
94
96
9
176
10
5
113
117
112
123
167
118
40
173
184
45
23
135
95
32
122
175
29
7
38
62
20
59
156
180
48
133
4
102
101
78
148
183
82
33
18
17
30
186
57
92
189
28
85
179
150
149
114
163
69
132
130
37
162
83
139
192
58
77
91
185
79
87
143
15
100
44
41
60
106
134
67
86
154
178
70
190
121
111
50
160
26
72
138
146
71
11
35
16
196
193
65
2
164
89
144
155
63
166
42
27
93
170
46
197
80
108
14
3
181
43
88
127
116
99
119
199
74
34
104
8
6
55
194
120
68
129
13
73
66
84
47
103
90
177
171
159
191
61
12
53
137
125
109
198
51
22
168
161
158
131
52
31
188
147
145
56
172
1
128
136
21
182
115
200
33
2
122
58
155
55
130
131
46
34
139
92
71
154
168
140
157
63
129
192
194
108
170
141
115
137
156
124
60
187
13
112
150
40
54
3
147
186
38
18
127
97
51
39
188
96
118
1
50
10
103
22
180
45
196
160
47
35
177
90
5
148
84
15
146
178
199
195
41
86
75
200
110
181
111
61
116
17
133
109
102
66
143
183
165
91
57
123
76
42
185
73
8
16
184
132
171
89
135
70
105
78
126
145
43
30
37
68
77
65
198
164
23
25
52
176
152
106
120
21
99
83
114
101
11
28
158
100
159
69
48
182
80
53
169
163
193
32
149
98
62
134
107
162
95
138
7
74
27
153
93
12
128
119
19
172
20
9
4
56
173
79
121
72
29
49
166
26
94
24
87
85
161
174
167
136
44
189
191
64
88
104
125
142
81
113
6
67
59
151
31
190
179
175
36
82
14
144
117
200
89
12
63
122
53
73
131
137
156
103
147
199
188
128
193
191
82
96
174
22
79
106
136
51
16
196
150
168
180
60
126
113
84
15
181
109
30
37
87
17
190
171
35
144
121
110
46
28
187
83
135
129
10
140
69
88
107
132
97
72
86
58
57
56
148
104
198
176
153
47
139
152
151
182
170
130
108
178
120
114
68
159
166
123
77
62
183
71
117
145
142
179
164
92
98
116
33
154
32
21
177
195
197
94
29
7
76
100
138
192
44
40
169
99
64
186
24
50
125
65
158
78
90
85
74
172
200
143
189
6
102
2
162
118
173
11
48
38
36
184
8
95
133
93
146
185
165
163
127
59
160
157
5
80
55
43
31
45
25
119
42
61
167
141
161
9
39
3
91
52
111
67
194
105
18
115
41
19
13
27
26
124
134
54
1
70
23
66
175
155
14
20
75
149
81
34
49
4
101
200
103
67
21
156
161
52
133
144
18
59
68
10
17
152
160
139
185
93
116
163
149
65
71
39
37
194
28
178
166
62
72
174
118
57
30
137
136
134
90
148
130
112
98
175
187
117
199
79
107
170
109
180
176
63
155
120
128
80
150
26
91
105
167
89
138
191
5
143
97
182
20
74
76
56
113
82
7
96
38
16
84
159
196
142
181
114
60
195
66
6
171
153
104
132
86
23
186
69
22
24
53
41
200
158
177
184
119
11
173
40
172
85
125
48
49
94
122
1
35
162
102
25
193
19
73
123
92
51
127
135
110
179
34
47
46
12
8
141
87
188
189
29
81
3
9
131
115
32
36
31
75
192
140
13
4
83
190
147
146
88
169
164
124
197
55
50
33
100
58
165
126
45
77
27
54
64
44
42
43
15
151
108
14
2
183
78
70
129
99
106
95
168
145
111
198
61
101
121
154
