500
8592
9690
8727
3692
4662
7756
1337
6622
857
4189
9007
5424
8311
1873
6053
9769
6677
4895
9642
9647
5631
2309
4811
5353
5066
5744
3173
2345
1582
7139
8446
752
6564
3657
5778
6906
5203
2511
7433
436
9779
1385
6097
9161
4859
3598
5754
1009
3535
9538
7131
3890
6877
8502
8671
7651
7459
1039
4300
1047
3996
7360
2912
45
2805
6531
8329
7671
6636
632
3378
4343
359
6096
2039
5681
5937
9078
2206
9708
3276
8421
2540
540
6641
9271
2159
7797
3764
8179
3645
1836
4586
8625
9468
4169
1229
2925
876
4630
2955
9629
3948
3898
33
8434
9424
7010
8951
1893
996
5778
9780
8744
1822
9627
8727
2014
9504
2375
2657
2297
8659
4388
9160
6528
1687
1224
8624
9165
4972
6935
5119
4775
1509
4421
1505
5686
4659
7445
5672
6593
4833
4331
5716
9199
5168
9739
6607
7357
8066
8450
2764
9764
884
680
718
9552
8216
7200
339
3266
6958
4591
4098
8732
9239
7260
4325
7800
7360
8799
3000
5083
8188
5367
1170
2925
4636
5034
1091
5439
792
9069
4953
1363
9569
6077
3012
5348
2299
9879
9369
5004
82
9844
1068
9201
8782
6847
6320
956
717
3519
1020
5210
3858
9611
2668
8901
9663
936
9653
6380
4616
8661
9550
9396
5203
3824
3335
3227
7640
2376
7757
9984
131
8824
4837
8210
8808
6650
3603
3052
2827
8523
451
4317
4214
115
9723
1653
2612
3696
2314
290
2596
5760
6950
2666
4289
1317
2299
5402
6746
1020
7840
6471
1925
2564
548
3591
793
741
3319
5341
8007
2569
6823
2057
9576
8704
807
5478
1138
2005
7941
4919
3457
6825
5079
7309
2168
3159
1693
6093
8597
2538
3235
6239
512
9451
6779
9086
8501
9331
6741
358
4969
9752
3819
4092
2700
5801
4188
2192
4219
1798
4371
1456
5606
1956
6731
1404
2753
9600
5333
9655
1276
2961
1784
3464
8792
2254
435
85
7091
1771
7182
9263
4328
4302
2018
6641
4914
6978
4460
2537
614
7407
3473
553
1021
7042
1481
2157
4820
9917
514
8254
5282
3238
4607
8426
7418
9526
4373
8498
5439
6341
6648
1910
1132
228
9310
4979
4375
422
9755
6525
1976
5206
3390
2053
5706
8669
6123
3617
2709
3164
4396
8030
3061
7139
3816
5193
8675
6340
7225
4251
4575
9801
6809
4304
4785
2194
5595
8486
1441
4460
5891
4700
6534
4496
1811
3888
9859
346
4988
268
4800
82
7720
646
9998
2047
9488
5179
2005
9854
8760
4495
8248
9352
9135
2404
3940
8806
8960
4922
9660
9264
8994
8452
307
1096
7987
4541
2677
9748
2803
5292
7119
7644
4083
6251
6194
7353
9790
4697
2689
2588
6569
1688
344
3552
9941
3374
5539
9789
6309
608
8013
7276
3782
7793
445
7821
5147
862
6825
4940
4958
7347
1037
1705
203
7080
3671
5749
3362
5382
7927
5263
2009
5023
168
5412
9078
9779
6918
7643
8661
9733
8319
5454
9739
2809
3306
1780
