11 25 79
100
48 42 34
90 53 6
91 54 95
5 71 6
8 75 22
42 75 9
13 57 60
96 3 25
76 53 33
73 26 39
86 85 91
33 71 81
10 36 98
23 84 40
81 53 89
46 75 4
40 66 68
99 29 94
59 86 88
85 39 5
72 26 10
85 69 56
2 6 95
36 81 38
11 100 29
35 40 18
33 31 23
14 40 13
72 75 44
40 10 73
20 82 40
16 60 65
55 86 35
60 69 75
78 61 83
17 82 35
68 97 79
34 45 64
55 20 71
71 43 35
93 48 3
61 33 59
8 1 75
5 90 25
90 71 96
43 56 47
70 65 35
56 23 65
17 70 88
85 26 3
96 20 67
57 57 6
86 30 69
43 54 30
53 2 36
7 27 19
90 88 82
94 82 48
52 72 48
14 81 37
20 35 72
23 13 82
80 1 62
9 29 75
58 93 61
8 68 61
62 96 59
52 16 48
49 38 37
99 91 8
94 11 100
96 69 87
96 66 93
40 56 84
35 38 73
3 56 35
31 45 4
68 11 37
60 76 90
99 57 43
93 70 80
54 59 87
37 9 26
6 21 17
51 14 41
67 72 8
57 36 38
97 34 68
16 97 53
15 78 48
19 39 25
66 15 100
72 2 93
79 89 94
17 99 26
28 32 96
35 72 27
14 36 81
71 42 63
66 29 13
