267 342 a 23
473 782 a 84
615 884 b 74
27 961 b 241
87 476 x 103
210 702 x 130
381 677 y 83
619 789 a 49
363 667 a 83
19 316 y 84
413 756 x 94
396 664 a 75
579 723 x 43
469 639 x 47
487 925 b 122
149 782 y 172
474 904 y 124
219 833 y 164
360 520 b 44
448 490 a 12
193 311 b 37
372 463 y 28
171 777 x 158
278 318 x 13
87 718 y 165
683 912 b 65
444 962 a 134
495 515 y 8
113 195 b 22
108 952 x 220
216 581 x 107
195 859 a 176
705 802 a 27
386 822 a 120
14 763 x 196
147 685 b 144
13 957 x 253
173 903 y 202
164 677 y 159
271 462 x 53
203 528 a 99
16 87 y 23
738 959 b 60
114 796 a 182
107 603 x 139
554 870 b 91
458 695 b 71
24 552 x 149
415 956 y 157
989 990 b 1
744 816 x 22
361 537 a 48
99 220 a 39
689 690 b 1
7 206 a 63
313 453 x 41
792 803 y 6
41 710 y 176
242 951 y 183
373 721 y 99
189 641 b 121
622 999 a 98
231 895 b 174
844 890 y 14
328 536 x 60
132 284 a 49
342 618 b 71
421 585 a 48
56 858 b 214
81 332 b 78
229 996 b 199
702 933 a 67
575 654 a 21
162 992 x 215
205 294 x 28
81 939 a 226
28 552 a 140
194 865 a 178
257 457 x 57
135 226 y 28
98 360 a 73
553 934 b 105
330 736 x 113
550 971 b 123
191 451 b 73
443 665 y 59
146 653 x 131
48 780 a 191
453 916 b 132
50 652 a 161
176 310 y 35
226 596 x 98
138 763 b 165
87 715 b 166
395 997 b 157
78 909 a 213
634 661 a 11
279 491 a 57
186 217 b 9
203 675 a 126
48 272 x 63
158 604 a 124
324 906 y 155
681 776 b 27
396 749 b 96
459 683 a 59
36 713 x 173
142 647 x 130
272 648 x 97
163 969 a 209
432 434 x 2
248 481 b 64
39 86 b 19
284 638 a 93
22 676 b 174
346 987 x 168
323 834 b 134
350 631 a 74
571 872 x 83
183 862 x 179
56 121 y 22
188 378 a 56
155 706 x 151
726 789 y 20
577 616 b 12
377 926 y 152
201 638 a 115
653 850 y 61
439 550 a 38
210 466 x 73
739 814 y 23
152 247 b 26
619 729 b 36
331 747 x 137
218 344 y 39
896 944 a 15
105 817 x 204
806 960 a 43
446 801 x 119
511 786 x 91
309 804 x 155
1 72 a 28
86 925 x 242
54 953 x 257
71 941 x 247
40 187 a 40
730 754 x 9
628 731 b 35
41 800 b 200
297 320 a 10
775 881 a 29
118 782 b 177
468 837 x 100
147 587 a 122
506 595 b 24
164 432 b 96
176 331 b 59
175 817 b 176
395 887 x 128
548 720 x 51
41 375 b 105
104 538 x 130
213 267 x 20
291 652 y 103
147 410 x 85
271 914 y 163
735 841 b 31
384 393 a 5
326 623 y 84
199 202 a 2
69 759 b 194
383 692 y 83
657 854 b 54
74 134 y 17
656 979 a 87
296 901 a 158
216 296 y 32
150 231 a 24
110 498 y 108
200 928 b 192
446 504 b 21
722 775 a 17
504 710 a 59
0 462 b 129
108 614 b 140
396 888 b 130
477 494 a 8
408 526 y 34
139 624 x 133
414 654 a 68
127 405 y 81
64 406 y 91
79 727 a 170
183 942 b 197
39 323 y 77
360 516 x 49
170 206 b 11
347 946 x 152
92 645 a 149
941 966 b 11
106 887 x 205
44 178 a 38
695 925 y 64
719 957 x 62
836 846 y 4
139 395 y 70
175 977 y 212
665 818 y 43
492 762 a 73
330 350 a 9
480 571 b 26
453 780 a 90
380 806 x 114
145 627 b 140
328 633 a 85
83 199 b 33
317 606 a 90
115 552 x 122
38 251 x 59
385 716 a 104
78 360 y 91
704 913 x 57
77 743 y 188
426 997 a 150
12 995 a 269
159 227 x 19
58 313 a 67
73 225 x 41
75 801 x 192
518 519 a 1
148 427 x 85
4 979 x 258
181 955 x 216
212 893 x 192
173 258 b 26
154 404 x 75
491 686 y 59
319 987 x 176
3 16 b 4
434 700 b 74
328 872 y 143
163 193 a 12
867 969 x 33
83 535 a 133
116 538 a 128
674 959 a 81
107 500 b 118
78 785 b 191
299 599 b 79
754 802 x 17
316 335 y 9
431 481 b 15
158 359 a 59
534 665 b 36
555 859 a 80
206 870 y 171
475 798 y 87
338 562 y 63
80 227 x 43
495 703 b 59
33 818 a 217
15 617 a 165
330 593 a 79
731 852 b 32
317 929 b 172
542 589 x 13
153 589 b 126
535 770 b 68
151 748 y 172
796 799 b 2
193 650 y 130
224 895 y 177
118 680 a 162
615 852 x 66
112 251 a 44
484 857 a 101
112 921 x 211
210 392 b 52
86 429 x 90
466 806 b 88
17 830 x 215
373 467 a 28
48 785 b 199
87 567 y 133
585 818 b 74
320 974 a 169
127 869 b 195
276 901 x 171
101 914 b 218
690 889 a 53
152 442 x 84
124 980 x 219
427 998 b 162
215 880 y 175
102 900 y 213
110 364 x 71
32 877 a 217
417 799 a 102
451 800 a 95
474 620 a 45
574 798 x 64
45 802 a 198
132 904 a 207
92 524 a 120
103 690 a 158
476 715 a 67
491 870 x 104
814 891 x 28
706 958 x 70
531 991 x 131
38 179 a 40
557 619 x 19
344 612 x 78
282 981 a 186
205 914 x 189
265 580 y 82
473 659 y 55
254 568 y 82
911 991 b 22
869 908 y 14
242 928 y 181
152 475 b 86
34 123 x 26
304 315 y 5
409 545 y 36
579 848 y 73
38 650 x 163
220 983 y 200
316 505 x 52
863 964 b 27
257 699 a 117
571 929 b 96
6 696 x 180
178 709 x 145
474 524 x 18
44 348 x 81
285 720 a 115
6 994 b 258
129 570 b 122
162 370 b 59
177 362 y 55
845 902 b 17
264 566 b 83
326 901 x 158
351 457 y 29
11 573 x 156
864 974 x 33
139 885 x 206
219 953 x 205
139 519 a 103
360 479 x 33
45 172 y 38
536 919 y 108
195 687 a 127
17 382 b 110
648 802 a 50
317 588 b 75
294 733 b 131
272 565 b 84
60 238 x 49
256 912 b 196
517 978 b 133
827 847 a 8
150 946 b 227
27 594 b 158
405 800 b 109
249 645 b 110
403 779 b 102
524 596 x 25
23 253 x 65
177 483 a 82
183 407 a 64
291 311 b 9
912 977 b 19
512 890 x 118
791 837 a 13
203 815 a 165
132 810 x 179
245 902 b 166
56 754 x 191
641 775 x 39
307 648 y 88
705 838 y 37
418 967 y 142
309 495 b 62
344 881 b 141
628 789 y 55
87 849 y 208
385 621 x 70
322 361 y 14
598 740 a 44
597 699 x 31
952 953 y 2
542 635 y 34
657 966 a 85
612 925 y 84
131 924 y 211
862 878 a 6
87 254 b 46
43 232 a 51
99 508 a 120
217 635 a 121
288 986 a 187
261 620 b 105
782 939 a 45
124 209 b 30
168 693 y 146
760 902 b 44
216 962 y 195
377 385 x 4
18 121 x 33
351 483 x 40
588 934 a 89
816 899 y 24
100 693 y 168
504 611 y 33
44 973 y 249
716 890 x 48
778 804 a 10
383 646 y 78
530 838 a 83
3 270 b 73
201 667 b 121
219 510 a 75
337 717 x 97
234 503 x 70
166 869 x 190
236 644 y 104
112 157 a 13
601 995 x 113
269 635 x 96
351 864 x 133
99 565 x 122
43 341 y 85
111 292 a 49
257 970 x 197
140 665 x 140
600 856 a 70
822 917 b 27
207 964 x 200
16 127 y 32
881 885 x 2
208 693 a 123
475 479 y 3
164 297 a 40
367 518 x 44
95 131 a 14
501 757 y 77
515 763 y 74
523 877 x 93
543 727 x 51
81 675 a 164
352 604 a 77
564 647 b 27
167 500 x 89
864 992 a 34
585 651 x 21
443 478 x 12
99 383 y 78
572 684 y 33
46 676 b 171
329 640 b 93
268 711 x 123
250 692 x 124
16 30 y 5
276 834 y 155
76 236 y 50
590 600 a 4
677 747 b 23
4 832 y 218
170 182 a 5
59 724 y 181
440 742 x 82
771 863 y 26
41 314 y 85
894 964 b 24
69 380 a 99
93 702 a 178
321 758 a 117
667 775 x 34
428 745 a 86
549 913 y 97
13 646 x 168
86 455 x 99
390 612 x 60
733 876 x 39
92 705 x 161
608 864 x 70
547 616 x 25
423 614 a 53
197 851 x 173
529 819 x 80
720 894 x 47
17 711 x 189
483 499 b 5
381 871 a 129
25 781 x 203
112 434 a 94
452 732 a 73
106 716 b 160
176 677 x 132
248 906 y 183
174 576 a 113
244 862 a 164
162 680 y 135
339 372 a 10
583 584 b 1
205 750 b 153
794 978 y 57
240 264 y 8
937 954 x 8
582 722 x 43
198 671 x 127
474 738 y 73
155 863 a 189
567 751 y 55
157 171 a 9
817 874 b 18
13 914 b 250
396 482 b 27
139 853 y 190
710 936 b 64
