2853 2892 a 14
372 1363 x 276
332 1341 y 279
1543 4954 b 873
911 948 y 13
961 3506 y 656
1568 4562 b 782
569 3132 a 647
2559 3981 a 369
886 1895 a 264
1059 1766 b 192
3853 4617 b 202
2217 2223 x 3
1020 1230 a 60
2144 2778 y 176
2409 3766 x 345
2747 3703 a 254
2163 3556 a 382
1478 2867 b 362
4768 4797 a 8
1179 3711 b 643
278 4259 b 1020
890 4433 b 909
4649 4665 y 6
830 3198 x 624
182 4078 a 995
830 2092 x 328
3579 4854 b 357
1074 4712 b 948
2711 3187 b 127
3565 3681 y 32
1045 4807 x 992
2678 3605 a 250
760 4330 x 925
3158 4299 a 293
2281 4549 x 609
1074 1247 y 51
535 1009 b 130
894 1830 b 253
2510 3194 b 178
3713 4233 b 143
489 3443 b 756
1837 3977 a 548
4309 4683 y 96
1909 3984 b 529
2251 3620 y 356
3647 4034 y 104
2113 4305 y 570
1459 3176 b 438
2923 4736 a 480
168 726 b 157
1490 3092 a 415
786 4403 a 956
4597 4615 y 8
3456 4620 x 319
812 3751 a 767
1463 1692 b 63
1698 1729 a 14
2267 2927 x 174
792 1866 b 286
317 2533 x 567
710 2429 x 449
1821 4525 b 695
1100 1571 x 130
105 933 y 222
3535 3552 a 6
1040 2675 x 428
963 1884 b 241
611 2506 a 482
2142 3233 x 285
3136 4395 a 330
2805 4471 a 437
972 1889 a 245
606 2427 x 465
963 4914 a 1013
288 3997 b 961
3243 4490 b 323
927 3083 x 552
3346 3690 b 93
3537 4464 a 247
2236 4059 y 479
1223 4463 y 833
768 3906 y 794
3348 4013 b 177
450 2221 b 463
2498 3828 b 348
2366 2854 b 131
1960 4767 b 723
930 3865 b 763
1872 2423 b 156
747 2587 x 483
339 3224 x 757
666 2283 y 422
2756 3059 b 86
2832 3543 y 202
1451 3175 x 461
465 3609 x 817
3299 3374 b 23
1865 3906 y 547
915 3798 b 734
159 4971 x 1222
2998 3381 a 104
83 1890 y 456
1780 1854 y 22
2470 3170 a 182
1847 3365 x 394
956 1898 x 255
362 3506 x 803
1305 1860 x 152
2619 2997 b 102
3112 4477 y 357
1961 4505 y 654
3153 3221 a 22
849 4578 x 940
997 4449 x 871
2789 4579 a 467
1678 2074 x 114
2587 3186 a 164
3812 4329 y 140
484 2377 a 493
1877 4504 x 681
560 4008 b 881
1707 3519 b 468
2718 4058 b 363
3077 3232 x 48
3648 3686 b 13
651 1585 b 239
170 2936 y 711
1625 1873 a 68
2962 4924 a 505
2961 4341 y 363
131 460 x 91
4254 4935 b 198
377 1566 x 321
1988 3414 b 368
429 4301 y 1001
3037 4748 x 441
1448 3464 y 540
922 2707 b 457
2565 4899 y 608
228 1551 x 349
310 4549 x 1090
891 2166 x 328
2074 4113 x 535
3298 3685 a 103
2458 4035 a 401
587 4940 x 1113
2919 3575 b 175
1252 1702 a 127
982 1819 x 227
72 1595 x 401
1744 2730 a 253
513 2241 b 443
2337 3283 b 260
336 1491 b 302
2192 4536 x 611
79 3540 b 888
3776 4482 a 187
2777 3649 b 231
6 1746 a 474
260 534 b 80
2623 2738 b 37
1027 2201 x 310
4285 4413 b 36
2440 2679 a 66
3362 4440 x 290
1898 3994 x 542
2162 2701 b 150
167 792 a 167
630 2074 a 397
460 2760 a 628
3708 4391 y 183
1946 2351 a 112
2072 3522 x 387
3417 4837 y 395
429 3140 y 686
3680 4902 a 343
2420 4997 a 700
4016 4168 a 45
2671 4882 a 615
455 1095 x 174
2355 4842 a 634
2692 3955 y 355
327 821 x 138
1261 4517 y 873
1856 4887 a 782
211 3050 y 726
73 991 y 243
3489 4055 x 151
2276 3021 x 195
3259 3757 y 139
688 2072 y 368
353 1700 y 356
1414 2866 y 395
732 1340 a 171
1200 1703 a 132
3300 4680 b 366
2327 3281 y 263
1445 3111 x 424
2232 4365 x 556
596 4953 a 1130
2843 3144 b 88
456 4708 b 1137
1110 2901 b 481
3713 4072 y 94
3314 4787 a 397
2195 2977 y 209
3795 4060 b 75
2396 3776 x 362
2077 4903 b 728
807 3110 y 615
1841 4499 b 715
2818 3078 a 70
307 2055 x 460
95 3986 a 1025
858 3455 a 704
92 4938 b 1246
463 4181 a 969
744 4768 b 1038
1710 1739 y 11
1265 3650 x 635
1426 2326 x 253
1701 2242 x 166
1162 1442 b 78
1108 4310 b 830
306 3922 x 968
730 3061 x 620
59 1636 x 401
3049 4125 x 287
108 1346 x 328
221 3293 a 777
807 2146 b 370
275 4848 x 1186
270 2967 y 703
1919 4074 y 563
1709 4493 a 724
32 128 b 33
1522 2422 a 259
2333 3884 a 411
267 1537 b 336
3221 4808 y 414
2382 3538 b 304
1274 3786 b 672
1079 3030 y 515
413 3021 y 703
3969 4180 y 64
3866 4181 y 84
1575 3424 y 495
336 4931 a 1198
208 1359 a 303
2109 3044 b 245
4149 4691 a 151
1188 4329 b 797
2381 4329 y 503
1561 1668 a 31
3788 4608 b 222
2529 3572 y 269
242 1784 b 400
396 885 a 139
1813 2847 b 264
4812 4814 a 1
16 2448 x 618
1956 2526 b 157
1121 1405 y 85
2621 4794 a 566
3084 3486 a 109
1897 4178 b 612
481 1180 a 194
1030 2899 y 495
21 4544 y 1176
2415 3144 x 209
1563 1828 a 73
2349 2926 y 171
1792 1830 x 12
1063 3708 y 674
3516 3923 y 117
1713 3913 b 581
2088 3205 y 306
1053 2015 a 271
3101 4835 x 455
3047 4769 x 469
528 4593 a 1040
2086 2984 y 261
1390 1553 a 45
1569 4089 b 663
65 3619 b 914
197 3422 b 834
294 3219 b 764
3136 3911 b 210
4021 4828 x 220
4528 4645 b 39
2325 2619 y 89
3448 4571 x 300
44 749 y 188
3124 4316 b 321
361 3031 x 699
1223 4776 y 929
480 3384 a 754
1880 2101 b 68
569 2364 y 471
90 645 a 150
807 4191 y 883
2392 3524 b 298
3392 4720 a 352
460 4190 y 972
1936 2738 b 237
1223 4007 y 710
2162 3159 b 271
412 1335 y 266
2577 4114 y 399
1161 1273 b 36
2742 4832 x 555
688 2706 b 553
649 2947 b 598
777 2589 b 489
3956 4786 y 229
361 2485 x 562
2572 4975 a 612
122 2516 x 625
1274 4475 a 819
719 3969 y 852
2011 2322 x 86
2023 4294 x 580
1796 2285 a 129
734 2436 a 465
576 3085 y 635
1090 2181 x 288
1479 4165 x 681
1107 2813 y 432
2192 3510 x 336
574 3315 a 702
418 1052 y 165
860 2985 y 544
3193 4999 a 497
1767 3338 b 410
1081 4763 b 936
350 3930 b 902
1556 2327 b 208
987 1151 b 45
504 1070 x 158
1193 3754 a 651
364 2211 y 482
1630 3433 a 481
176 2006 x 470
1148 2932 a 454
1531 3686 a 547
898 4926 y 1027
2171 4528 x 609
1645 3084 y 367
2457 2634 x 48
2813 3587 x 204
1620 1700 y 28
1022 3630 b 674
915 4446 y 903
104 3907 y 989
1455 4696 a 868
392 712 a 98
1910 3689 b 471
791 881 a 26
1054 2379 b 365
1189 2764 b 423
982 2551 x 437
4706 4827 y 35
1478 3579 y 574
245 4898 a 1228
942 3741 a 771
2431 2725 b 78
589 1749 a 312
1459 4530 b 804
3156 3235 b 25
1100 2034 x 266
824 3322 y 664
1332 3281 y 539
3647 4087 y 124
895 3044 a 590
1156 2590 a 406
542 4316 y 976
137 2404 a 606
2088 2686 x 152
2383 4588 x 560
2876 2926 a 16
2755 4859 b 540
584 4482 y 1042
1068 3929 y 751
1791 3218 y 383
1947 4256 b 593
701 1573 y 239
2741 2782 b 12
198 613 a 112
1016 1147 y 38
65 1281 b 320
806 3037 b 600
1173 2321 b 326
1382 2579 b 310
702 928 y 66
2231 4154 a 496
3748 4100 b 96
437 3623 a 840
1258 1454 a 55
52 2223 b 579
1681 4252 a 664
1766 2329 b 159
3353 4958 x 427
202 208 b 3
214 4589 x 1120
281 4076 y 966
3149 3552 b 112
2052 3717 y 425
2722 4506 x 465
76 4631 y 1163
35 2911 y 730
561 2552 y 514
2788 3139 x 94
1210 2446 y 334
1839 3035 a 317
211 2499 a 603
2252 3463 a 312
328 4137 x 968
2245 4617 x 622
2761 4731 y 530
3573 4501 x 248
1688 1954 y 72
3328 4375 a 279
348 3005 y 690
1743 3397 a 445
1017 2225 a 322
322 708 b 111
1449 3393 a 525
2326 2580 a 74
27 1256 b 325
216 3418 a 842
2752 3370 a 163
2129 2428 a 89
2010 3679 a 438
1311 2115 a 218
1494 2205 a 206
992 2933 a 532
3201 4324 x 300
1344 1526 b 59
1199 4456 x 865
949 4936 x 1046
588 3465 x 753
590 4610 x 1053
1675 4308 x 718
317 4172 y 988
1008 3748 y 731
223 2844 y 691
2124 3777 b 429
2937 4575 b 442
750 4471 x 986
350 4907 x 1195
122 2839 y 720
650 4493 y 1003
2037 2142 x 30
1989 4843 y 746
2325 2724 b 118
3215 4491 b 332
3021 3094 x 20
3577 4547 y 252
2264 4826 y 664
2222 3937 a 446
3006 3460 a 125
501 2943 a 653
2560 4006 a 379
2846 3222 a 101
555 2643 b 549
1393 3199 a 468
2116 2633 a 149
4839 4856 x 8
1226 4387 a 843
3527 4383 a 228
2529 4274 a 473
2928 4719 b 491
215 633 x 121
2639 3054 b 107
892 2301 b 366
2360 4863 a 650
2754 2989 b 67
1673 2951 a 346
720 3696 x 762
626 3400 y 711
1545 4089 a 659
4332 4927 x 152
2414 4894 x 650
961 3619 y 717
2624 2709 y 25
3250 3362 b 30
1530 4258 x 694
1108 2181 b 299
2309 3633 a 342
1404 2087 y 177
277 517 y 70
663 1902 b 323
132 3589 a 872
182 1575 x 368
703 2611 y 490
1259 4966 b 945
1070 3703 y 674
1415 3071 x 448
2499 4208 y 433
580 3941 x 858
4533 4714 a 59
304 2195 b 488
2641 2935 a 82
4646 4800 a 42
3121 3643 a 134
3813 4245 x 115
1911 2923 b 281
877 2037 b 300
920 3590 b 688
2590 3756 x 301
1098 3273 b 567
2443 4905 x 630
2406 2585 x 49
2792 3548 y 197
2438 3381 y 242
3026 3867 y 229
2581 4111 a 396
1009 4447 y 881
2304 4410 y 540
2166 4143 b 507
886 4417 b 906
3769 4673 y 237
2438 3988 a 394
444 1833 y 363
972 2543 y 416
979 4810 y 969
2544 3379 x 225
974 3483 x 642
206 1878 y 436
2654 4472 a 462
3394 3516 a 37
63 596 x 149
1214 4104 b 743
1731 3596 x 483
3124 4770 b 431
2378 4525 x 556
3138 4988 x 473
637 3331 a 709
215 3368 b 824
2312 2595 x 74
1621 4123 x 636
1477 1664 x 59
334 3002 x 704
1783 3362 y 412
1609 1703 b 28
2235 2489 y 71
64 2518 y 629
1368 1719 a 98
3574 4111 b 144
2278 3144 b 234
1909 4768 y 732
2035 3541 b 387
2083 4663 b 675
299 3929 x 941
2178 4636 b 647
1821 2778 a 248
1545 3206 y 434
2743 3416 a 176
791 3174 a 611
759 2872 x 543
2372 4992 b 679
132 4350 x 1091
2213 3596 a 350
3457 3686 y 63
954 2173 b 317
1670 3129 b 380
298 898 y 170
1734 2843 b 307
1880 3021 a 296
2363 3364 b 259
454 1415 y 266
990 2699 b 437
1650 2325 b 184
2581 3366 a 208
377 3447 y 791
1241 3027 b 478
2193 2741 b 146
132 4182 y 1035
81 276 x 60
1727 2331 y 158
2905 4659 y 461
9 2340 a 616
3434 3615 x 49
894 4972 y 1054
1997 4148 y 570
2977 4277 y 340
448 4770 a 1140
279 2803 a 680
1813 4628 b 736
420 756 b 97
924 1973 b 280
1994 4545 x 683
1703 2518 a 215
369 4713 a 1149
2895 3618 b 201
1461 3087 x 439
936 4231 x 842
1800 2870 x 295
713 3632 x 763
330 740 b 110
2213 2348 x 37
311 4654 y 1125
2414 2905 y 140
3699 3795 a 30
1235 4255 b 805
3345 4095 b 201
3030 4919 x 493
3 156 y 43
997 1546 x 154
2248 4914 x 725
4198 4309 a 32
667 2539 b 487
2311 4925 a 672
1189 1790 b 161
103 1939 b 487
1932 3353 a 378
2249 2822 a 153
2857 4450 a 423
813 2812 b 524
59 1027 b 252
1844 2076 a 70
3782 4874 x 291
1309 1430 x 32
3146 4286 b 292
22 4135 b 1071
1580 2654 b 286
722 3553 x 740
2416 2486 b 22
627 3844 y 849
1008 4325 y 868
2888 3298 b 114
999 1848 y 233
2519 3190 b 184
2631 2753 x 36
1161 2145 a 264
668 2319 a 446
614 1274 b 173
939 2753 x 471
661 2857 x 563
115 1590 a 376
1203 2190 y 264
1296 4076 b 707
1627 3164 a 393
448 4848 b 1142
2691 2716 b 11
1147 1967 x 219
1632 2643 y 276
3852 3857 a 3
2121 3446 b 335
1131 1681 a 146
895 1519 b 157
834 4796 b 1001
3341 4282 y 252
472 2750 y 590
1928 4376 x 633
3357 4869 a 403
1333 4006 a 687
1304 1820 a 142
672 3974 x 843
1354 4785 y 868
2150 4663 b 643
690 3953 x 828
1137 4813 b 930
2671 4187 b 390
1006 3149 y 559
2468 3775 b 328
1761 4080 x 601
284 3824 a 940
4464 4554 x 32
271 306 a 12
651 3983 a 889
2275 3010 b 192
571 4695 b 1092
2341 3939 b 416
206 1898 b 433
1190 3463 x 597
927 1548 b 164
744 1552 b 210
923 1570 b 170
1385 3548 b 556
2853 3412 a 147
1384 1602 x 70
180 581 a 115
945 2509 x 420
815 870 x 18
3607 4648 y 283
2480 2609 a 41
235 4561 a 1135
400 3279 a 750
1510 1985 y 131
818 4795 a 1042
811 4894 a 1046
2212 2595 y 106
403 3700 a 856
1144 3423 a 598
2334 3300 a 267
2894 3235 a 93
717 4354 a 941
935 2686 y 452
1222 2636 b 369
403 3002 y 679
2845 3498 b 179
67 3306 y 839
1524 4850 b 887
986 4656 b 950
793 4448 b 976
409 3482 y 801
3119 3779 b 171
2289 4143 b 476
1607 3431 b 482
3468 3573 a 34
1609 3458 a 479
3115 4987 y 508
3764 4250 a 131
1725 3245 a 391
443 3775 a 855
863 2205 y 347
2975 3932 a 263
105 4760 b 1177
15 3729 b 937
1537 4979 b 883
2356 4842 x 634
2411 4691 x 584
507 842 x 89
1458 3433 x 514
1823 2902 b 292
752 3107 x 611
139 3254 b 833
191 4407 b 1106
102 1677 b 438
885 3993 b 802
1031 1461 b 112
3753 4845 y 283
1560 1655 b 33
2203 4900 y 686
966 4746 y 972
3880 4332 y 122
2558 3472 b 233
1525 4327 y 722
3059 4506 y 371
226 1353 x 314
490 3600 b 798
2169 2522 y 99
99 407 a 80
2808 3723 x 231
2040 3327 b 327
3496 4937 b 370
88 4329 y 1083
3664 3803 b 38
3191 3601 y 111
19 2223 a 585
4092 4480 a 107
7 4028 b 1030
1325 2082 y 202
3314 3480 a 49
3608 4266 b 173
1688 3853 a 598
861 3781 a 789
1821 2869 a 284
1426 2787 a 373
3946 4969 x 262
150 3372 x 872
798 2362 a 398
2609 2795 b 56
1109 3368 b 585
1045 3240 b 564
3096 3561 y 128
1371 2383 b 272
729 2349 b 421
4612 4844 a 64
1221 4928 b 935
1537 2533 b 262
974 3742 b 703
2122 4773 a 682
3231 4336 a 285
182 4708 b 1150
1006 1042 a 13
2698 3990 b 334
1390 2838 b 370
301 4312 b 1031
2713 3633 a 249
750 2122 x 361
892 4008 a 812
2893 4746 x 476
416 1605 a 316
2766 4698 y 495
832 3266 a 648
3100 4714 b 421
684 1569 a 245
1110 4752 b 930
319 2908 y 662
516 3821 y 837
817 4568 x 975
1203 4672 x 885
608 2888 y 580
1951 4401 x 641
4144 4953 y 217
1979 3539 y 410
1536 4825 y 859
416 2910 y 633
1520 1905 b 113
1718 3895 y 565
1477 1519 y 16
366 461 b 26
409 2699 y 596
1669 3081 y 370
50 2048 y 524
2653 3038 x 111
14 4195 y 1080
2033 2732 y 188
1384 4736 y 866
2661 3028 x 99
131 1750 b 408
3017 4087 x 275
1032 3382 x 627
16 3632 a 933
20 3488 y 890
149 2844 a 703
1354 2486 a 301
282 3050 a 716
1496 3318 y 471
1574 1683 x 31
2363 4167 a 460
4155 4166 y 7
276 1918 y 428
74 4217 y 1070
2230 3702 y 387
4371 4849 a 134
3120 4606 a 385
1424 4563 a 815
2014 3085 a 275
1708 3028 a 339
179 4138 b 1045
2694 2877 x 50
2315 2364 b 15
1733 3556 y 486
2773 2869 y 32
604 4766 x 1091
49 3346 x 828
1015 4644 x 936
298 3637 x 875
1359 4886 a 914
768 1009 a 67
3466 4323 x 243
1097 4909 x 1033
3093 4157 a 288
3746 4064 a 94
3216 4380 a 329
3591 4702 a 293
754 2143 y 368
3172 4654 a 399
643 1472 y 225
81 394 y 85
1058 3939 b 781
1950 2104 y 46
1197 4876 b 971
3871 3903 a 9
1309 2971 b 430
146 4657 a 1180
59 3924 b 1012
596 2944 y 619
1660 4142 x 644
106 2659 x 667
3011 4356 b 355
2132 3164 x 272
537 4169 x 924
1887 2277 y 104
2323 4231 b 487
44 2345 y 606
2158 4235 a 535
1473 2957 y 383
2248 4334 b 538
2588 3311 b 190
886 4647 b 978
3774 4141 b 97
259 778 y 143
1088 4465 b 870
833 2790 b 500
588 1426 a 215
746 2130 b 364
2977 4475 y 397
18 4018 b 1048
2269 2519 b 65
4365 4906 b 154
182 4654 b 1159
1987 2410 x 114
2072 2857 x 205
940 4386 y 871
331 2213 y 503
1017 2445 a 367
893 1124 a 71
861 1942 a 291
78 210 y 36
3794 3856 y 20
3176 3551 y 97
2818 3901 x 285
60 3229 y 815
12 2901 y 742
2419 3345 a 241
1597 2520 a 243
2937 4649 a 447
2013 3947 a 490
94 1020 x 244
1026 2208 y 310
2164 3086 a 238
865 1094 a 68
981 2848 a 494
167 3949 a 994
2224 3075 b 223
482 1277 a 206
1166 1483 y 94
456 1177 x 201
2895 4961 a 533
3456 3652 a 59
2051 2810 y 202
2232 3250 b 270
1288 3409 a 555
1016 2612 b 420
1083 4589 a 887
4242 4930 a 187
1122 4331 a 815
229 4776 b 1160
2634 4868 x 572
862 4098 a 825
1714 1965 b 68
770 4813 x 1025
1282 3736 y 624
467 2948 y 639
780 4510 x 972
3385 3625 y 66
497 2764 a 592
1640 4138 y 668
361 3009 y 682
2730 4972 a 599
2055 4260 a 591
2736 3782 b 271
554 3169 a 680
2165 2438 a 79
743 3324 b 670
1397 2394 b 268
1041 3225 b 574
2480 4135 a 428
1906 4145 b 583
2764 3273 y 137
2169 3496 a 348
221 2614 y 622
3402 3745 y 96
2739 3044 a 79
4089 4780 b 182
1379 4132 a 722
1062 1293 y 65
4534 4759 b 65
2487 4219 a 452
654 4730 a 1042
1137 2889 x 449
3996 4216 a 68
415 4173 y 950
3663 3721 b 16
789 1205 b 107
854 1251 b 108
818 3429 a 667
1892 4101 y 560
3232 4787 x 401
0 807 a 221
1814 4893 a 797
967 1657 x 180
2188 4613 x 628
1855 2723 y 220
1654 4030 a 615
3797 4002 a 63
3469 4783 a 379
1763 3894 b 554
3797 4085 a 90
2817 3085 x 73
1451 1580 y 39
193 2116 x 495
3546 3884 x 96
3414 3713 x 83
3676 4938 a 322
411 4374 y 1021
1504 3928 y 622
337 1952 x 420
718 2210 a 379
2676 2793 y 38
1234 3512 x 589
750 755 x 3
3474 3579 a 30
2004 4388 a 622
772 914 a 44
417 1242 a 224
132 3254 a 801
288 3986 b 943
306 2373 b 536
863 1660 a 206
914 1629 a 186
2646 3553 a 232
4637 4897 b 81
145 4768 b 1181
1003 1842 a 214
743 4789 a 1039
2522 3014 x 141
2036 3740 x 439
535 4880 x 1137
632 2625 x 525
2641 4015 a 347
2335 4865 y 653
2369 3903 x 405
560 2510 a 528
2904 3881 a 258
2832 3871 b 272
819 2848 b 539
2838 3587 b 199
2626 3957 x 356
744 3131 a 624
1249 1571 x 83
1033 1710 a 175
168 4041 y 1010
109 3002 y 750
28 4430 x 1108
2427 2599 a 48
2313 3172 a 236
2550 3269 a 211
1942 3377 a 372
1833 3667 x 485
1025 4626 x 966
1154 1313 x 55
1045 4518 x 927
1027 1579 y 151
930 1920 x 255
1079 4007 x 777
1597 3979 x 623
4390 4816 y 117
341 1687 b 368
471 3921 x 906
651 3157 x 672
2919 3108 y 55
308 2531 b 580
1070 4777 b 967
1157 2518 a 353
465 1877 a 391
1273 4274 y 795
3095 4606 x 423
1077 2921 y 490
3402 3533 x 42
1402 2773 x 382
2004 4083 x 542
1175 3390 x 603
1466 1994 x 149
2608 4422 y 463
271 1606 y 367
2883 4656 x 456
3366 3713 y 107
1826 2288 y 132
593 708 y 36
1909 4105 b 572
2949 3761 y 222
3354 3359 x 3
1902 4717 x 743
1435 2135 x 199
3473 4881 b 372
2541 4954 y 627
2126 3447 b 339
576 4180 y 956
115 4786 y 1227
3008 3792 y 236
655 1143 x 135
2880 4867 b 564
1130 4538 b 919
1716 1827 b 33
1499 3932 y 639
2040 3147 b 287
1053 4564 b 889
4038 4594 x 154
906 3474 y 664
97 3928 x 1017
972 4029 x 796
1369 4863 x 886
1083 2431 y 372
944 3279 y 612
848 4543 y 951
50 4721 x 1205
1577 2530 a 272
654 2893 b 608
1559 2500 b 257
1139 3590 a 664
2973 4012 a 278
892 4277 x 888
1148 1492 b 113
863 1201 x 92
332 863 y 141
1685 3277 b 413
1346 2096 x 203
739 4175 b 930
103 2822 b 727
2011 4753 b 708
276 1668 y 380
1100 1834 y 198
120 2671 b 656
2342 4250 x 496
3656 3819 x 45
1306 2001 a 191
1082 2373 b 351
997 4748 a 959
1523 3283 a 472
471 1911 y 395
1209 3649 b 656
142 3150 b 777
1693 3777 b 564
684 1362 y 198
2405 3837 x 393
372 3333 x 769
3189 4764 b 398
2347 3606 x 349
578 1894 y 367
2907 3523 x 168
2212 2775 x 155
2248 3560 x 362
2665 4346 y 445
2383 3415 y 286
2058 3917 y 496
271 4103 a 1037
1756 4807 x 789
2348 3266 b 255
349 3831 b 950
679 4658 x 1093
2882 3002 y 39
1129 4379 a 866
3217 4667 x 381
1239 4236 b 778
571 1034 x 122
3653 4734 a 278
570 4498 y 1017
2580 3379 a 212
2689 4792 a 554
436 4803 b 1121
3426 4169 y 202
4181 4990 b 212
2232 4459 a 568
132 415 a 75
1647 4792 y 801
1644 2510 b 233
2132 4342 y 572
640 3118 b 645
1068 2311 b 334
1233 2129 b 251
3801 4745 x 241
1033 4869 b 992
347 4602 b 1127
2505 3028 b 138
1263 4368 b 834
567 1348 y 214
155 1058 b 238
1120 4908 y 965
1243 3843 b 680
2522 2912 b 105
1838 3336 y 398
1993 2363 y 104
3050 3211 x 46
3201 3703 x 146
3249 4197 x 256
1133 4307 y 802
2454 3897 x 386
522 608 a 25
2342 3566 x 318
3938 4706 b 209
1633 2305 a 176
2024 2090 y 20
817 2631 a 487
540 4178 x 929
1711 3693 b 514
690 2084 b 371
2435 4206 y 475
4147 4657 b 134
939 2258 b 345
1870 3187 x 347
1733 4078 y 634
1909 2680 y 213
3953 4615 b 176
642 4005 a 883
1986 4368 a 636
1354 3677 a 604
368 1862 a 389
3741 4203 y 137
1012 1877 x 230
305 3983 a 933
424 1305 a 235
1390 2335 y 248
1567 2538 b 261
2030 2680 b 180
1389 4833 y 883
578 1534 x 251
1501 2605 b 294
232 4457 a 1091
2011 2276 b 76
3183 4899 x 446
1835 2951 y 285
2533 3664 a 290
2751 2888 x 42
3031 3309 x 80
2453 2539 y 27
2729 4783 a 523
685 4418 a 956
2208 3570 a 360
85 4161 a 1048
563 2658 x 539
3584 4998 a 376
2306 4984 a 707
2264 3930 b 436
835 4397 a 926
1194 3869 a 686
1981 3790 b 471
1381 2028 a 171
1660 2100 y 126
3339 3823 x 136
2297 2882 a 153
1744 3464 y 449
476 4244 y 981
903 999 b 30
53 4828 x 1227
4119 4157 b 12
2921 3488 y 145
886 4102 y 851
163 1913 a 468
3681 3820 x 42
2156 2864 y 196
500 2717 b 596
638 4314 b 962
2242 3257 a 279
3143 4452 x 353
361 2628 y 598
995 4506 y 928
3142 4333 y 314
111 1627 x 401
1904 4135 b 582
479 4807 x 1097
1520 4855 x 901
2113 3033 x 256
3589 4789 x 317
212 2755 x 676
125 3161 x 789
1274 1310 y 14
254 3606 x 871
1193 2401 y 336
2747 3821 y 276
888 958 x 25
812 3877 y 819
1300 2694 y 393
1156 2220 a 300
1785 1887 a 32
1269 2484 a 353
3781 4662 x 241
118 589 x 143
2559 3392 y 218
430 4592 a 1064
2068 4798 b 696
2682 4879 y 568
2608 4273 y 446
1470 1470 y 1
941 2770 y 494
2728 3181 y 124
693 1882 y 306
2181 3723 a 408
286 3456 b 827
588 932 a 97
745 2072 y 363
1918 4754 b 754
228 2409 b 575
4511 4938 x 115
1277 3260 y 551
2318 4189 a 476
2844 3616 b 206
1601 2828 a 341
3874 3939 a 23
3439 4331 x 244
43 4308 x 1131
2695 3802 x 285
1796 3770 y 514
1562 3751 y 573
3427 4267 y 232
3044 3715 y 182
2228 3688 y 373
2066 2152 x 26
955 3527 b 660
1188 4473 y 831
434 4422 b 1028
597 4639 b 1030
2964 4185 b 315
955 3611 x 672
1014 3202 x 555
3434 4963 b 402
3174 3593 a 111
407 2319 b 533
2154 4093 a 494
2794 4295 x 403
243 2244 b 552
3563 3628 y 23
4179 4602 b 116
2498 3277 y 208
4314 4608 y 83
3352 4950 y 430
1712 3050 b 356
908 4751 y 971
3925 4233 b 86
2992 3805 x 214
2300 4232 b 509
888 2304 y 369
161 4186 y 1067
2289 4515 b 566
2221 4036 y 474
773 3498 y 720
608 4456 y 1002
787 2382 a 413
4259 4851 b 156
1011 4764 y 958
2997 3223 x 60
705 4889 a 1078
284 4953 a 1222
741 2040 a 353
1105 4949 b 991
24 184 y 44
1738 3203 a 398
401 4822 x 1122
2115 4491 a 608
4781 4890 y 31
3718 4183 b 121
838 4310 a 904
407 4793 a 1113
2130 4251 b 557
401 660 b 79
1452 4813 b 861
1450 4035 b 684
4006 4870 a 242
445 4750 x 1102
2436 4979 y 658
107 1393 b 335
2993 3800 y 209
427 2490 x 546
786 1875 x 288
1209 2939 x 448
2537 4578 a 524
2370 3487 x 302
1746 4149 x 613
710 2839 a 545
3294 4634 b 358
1626 4098 b 643
1650 2267 b 174
1494 4545 b 777
1391 1613 b 57
1190 1356 y 61
4090 4287 a 57
81 3269 b 836
1061 2086 b 277
1679 3330 b 431
587 2541 b 539
1709 2840 b 312
1967 3064 b 299
401 4681 x 1079
481 2401 a 511
1307 4159 x 727
1017 4942 a 994
315 2938 b 675
86 797 a 180
2167 3758 y 404
256 4049 a 976
659 3773 y 802
375 1045 b 176
386 4132 y 960
81 2501 y 621
698 1248 x 147
3640 3704 b 18
1900 3368 b 399
2373 2973 a 161
2373 2830 y 120
3570 4261 b 188
400 4410 a 1016
3726 4430 y 192
2741 4394 x 430
2997 3887 x 244
2289 2406 b 38
2955 4040 b 297
3281 3650 b 97
1343 3679 x 607
152 1550 a 368
2220 3877 b 440
1218 4705 b 913
3369 4232 b 236
645 1938 y 340
2053 2256 a 64
1278 2357 a 282
905 2306 y 364
4812 4858 x 14
3307 4206 b 244
1884 4597 b 688
31 1417 a 362
3575 4715 x 300
7 242 b 67
1164 2706 b 402
1697 4811 b 785
718 3984 b 831
2398 4591 x 553
1668 2381 b 183
3737 4913 a 307
254 1074 a 220
104 141 b 14
3226 3503 b 74
2913 3492 b 154
115 1382 x 327
1680 2805 a 293
2401 2423 a 6
4532 4973 x 118
366 3240 a 739
3430 4651 x 334
348 4178 b 964
1803 3023 a 317
2143 4661 x 651
1957 3850 x 481
2177 3955 x 460
842 3941 a 782
2513 3482 b 247
1219 2652 x 378
525 3520 x 775
3743 3870 a 38
1196 1361 a 53
98 4265 a 1068
175 4044 y 989
3495 4538 b 271
930 3040 a 541
420 2258 a 471
330 3673 x 859
2396 3264 b 225
2037 4759 x 711
1875 4165 x 587
1751 3106 x 359
3259 3867 b 171
65 2118 x 544
1109 1128 b 8
568 1670 y 300
827 2353 y 413
1879 3760 x 481
2553 2898 x 93
1562 1797 a 65
2124 4737 y 671
1594 4652 y 783
1500 1659 a 46
1809 3490 x 437
4851 4955 y 28
6 1380 y 358
3848 4706 x 228
3166 3301 y 41
2658 3307 b 174
1690 2658 y 260
1062 3726 a 684
1817 3115 a 334
271 1284 y 266
779 3534 a 704
2098 3133 a 268
151 628 a 127
933 2352 y 362
1184 3180 a 512
350 1481 a 303
1473 3727 a 588
1185 1314 b 42
1796 3571 b 459
641 3520 x 735
178 1122 a 240
656 2724 b 525
2653 3093 x 116
3442 3737 a 84
797 4700 a 992
1071 4774 b 945
2444 4608 a 558
1627 3605 b 507
2157 2583 y 112
943 2408 a 389
871 2576 a 452
1347 1535 a 53
4221 4676 y 125
2183 3818 y 428
1123 4111 y 755
4575 4718 a 44
619 1022 a 106
1621 2699 y 290
4164 4203 x 12
3508 4214 y 187
723 1757 b 272
1824 2176 b 99
286 1347 b 283
617 842 b 64
1314 2035 y 198
4178 4252 y 26
4163 4282 b 40
1103 2392 a 339
1485 4451 y 767
2004 2916 y 244
1121 1307 y 50
316 1655 a 356
274 4394 a 1058
1416 3451 y 543
4329 4363 y 12
368 1599 a 312
1789 3341 x 420
391 2320 x 496
1055 4158 x 807
2096 2200 a 29
2669 3843 y 302
17 3212 a 810
1727 3398 y 431
843 1126 b 78
4532 4585 x 16
552 2299 b 463
261 752 y 133
699 3461 x 701
437 4883 a 1123
1436 4929 b 890
1679 2560 x 229
108 3884 a 993
525 1182 x 174
469 3771 a 860
2371 2993 a 162
1459 3838 a 612
772 3121 a 608
1836 2424 a 151
182 2780 a 677
66 1893 a 490
1239 3756 a 648
1519 1779 b 73
2957 3507 a 151
2095 3428 a 352
965 1175 b 59
3827 4274 a 136
777 4840 x 1052
3866 3883 y 7
1747 3280 x 394
1526 2782 x 319
1711 4489 y 715
1068 2734 y 428
2295 4028 x 449
2629 3724 x 281
1665 1986 y 85
44 3623 x 922
638 3876 y 831
2649 3789 y 303
3468 4994 x 414
1229 1656 b 118
57 1784 b 466
416 3855 b 908
616 1333 b 189
2204 2677 y 129
4893 4965 a 20
2512 2586 b 23
125 754 y 168
1207 1214 x 5
2528 2784 a 70
4152 4759 x 170
891 984 b 30
2244 3968 b 447
213 4946 x 1186
2604 2671 a 20
518 1430 y 236
190 2916 a 689
3780 3792 x 5
1309 3197 b 480
1186 3168 b 516
99 1349 b 335
2772 2773 x 1
3416 4027 a 156
2550 3410 x 232
1747 4467 a 702
3758 4558 b 215
175 3262 a 805
1866 4121 y 572
4400 4432 x 11
555 2041 a 390
2283 4411 y 554
1018 4199 x 825
64 4955 x 1272
783 4504 x 968
416 4468 x 1062
1845 4278 y 630
1092 2264 y 305
783 4242 a 891
1093 1331 b 73
1260 3757 a 632
344 2847 b 643
329 2489 b 544
522 2865 x 603
4518 4800 y 81
2667 4327 b 427
3483 4767 b 334
1007 4219 y 832
2580 2589 y 4
1411 1584 a 53
525 800 y 76
2022 3766 a 447
206 710 a 144
2159 2562 y 123
1592 2315 a 194
1126 1416 x 84
4687 4908 a 72
30 2844 a 735
989 2236 a 322
229 2975 a 716
1267 2114 x 230
63 4847 a 1215
510 1208 a 179
761 1641 b 226
774 1289 b 145
3016 3618 x 163
386 1691 b 362
1649 3234 b 416
44 1323 b 346
354 1792 x 392
1973 2447 b 126
2648 3142 x 130
2788 3854 b 282
130 1587 x 371
622 2813 a 578
1517 1744 x 60
182 3168 b 760
248 4488 x 1082
831 4063 a 826
3242 3665 y 116
183 1979 a 453
11 1275 b 327
4243 4519 y 77
2385 2624 b 67
213 522 b 82
2148 4231 y 535
2513 2985 b 147
4433 4494 y 20
1469 3122 x 440
3459 4037 x 156
1273 3462 b 569
2446 3853 x 382
772 3491 b 711
129 3264 y 793
2135 3933 b 461
1168 2558 b 368
1940 4909 x 755
2839 4350 y 393
1481 2227 b 192
1572 3588 y 533
1080 2137 y 281
29 3082 y 802
2147 2934 y 208
190 1577 a 358
2608 2995 b 105
463 799 x 95
3476 4080 a 167
2596 4779 b 560
2275 4385 a 549
271 4259 b 1029
2451 2625 b 57
2033 3038 x 265
1922 2157 y 64
2144 3329 y 311
247 2627 x 609
323 1221 x 238
2405 3250 a 225
149 4347 a 1081
1236 3252 a 531
444 1913 a 384
2053 3594 b 409
2497 3141 b 176
641 2827 x 566
1809 3746 x 510
224 766 b 153
1071 3303 a 595
181 1267 b 304
2990 4993 b 523
640 1389 x 201
1824 4138 b 610
1218 1519 y 82
2004 3761 x 462
2481 4705 x 568
497 1609 y 290
3362 3827 b 128
3685 4124 a 113
202 3452 b 833
397 4811 x 1132
1268 4099 y 726
589 696 y 29
3772 4015 a 73
2027 2799 x 206
1574 1754 b 47
1827 3123 a 344
1236 3613 b 615
1588 3622 x 521
594 4613 x 1056
986 1092 x 33
1930 3198 b 333
1740 4932 a 835
1044 3086 x 537
611 2956 y 609
444 3859 a 875
189 1950 y 461
2056 3962 a 492
2219 3385 x 306
2051 4128 a 543
2431 4589 a 560
2651 3141 x 131
187 4861 x 1183
3454 3498 b 12
1870 4345 b 638
807 3755 a 745
1632 3517 y 476
1374 2217 a 226
994 1795 x 225
2399 2680 a 84
2297 4885 b 684
4274 4518 y 71
2879 4957 x 536
1581 3032 a 380
917 4327 y 876
3298 4617 b 355
2187 2430 b 70
1291 3524 y 597
29 4576 b 1144
1780 3696 x 493
2668 2765 a 29
2154 2717 b 143
301 4735 y 1118
2858 4617 x 455
2715 4694 x 500
759 4951 y 1081
1392 2482 a 315
1513 4637 x 817
1758 4361 x 675
605 3209 x 686
982 1800 x 218
3049 3471 b 110
1068 3848 x 710
1255 3699 x 631
524 3842 a 844
3037 3426 x 105
587 2911 b 598
1097 3380 x 587
2188 3957 a 472
732 3331 y 711
51 4081 a 1037
41 4910 a 1263
1083 3857 a 729
2372 3935 y 413
2761 3613 y 226
800 1635 a 226
1420 4291 a 745
4402 4761 y 111
643 2327 a 448
4881 4972 b 29
699 2544 b 481
669 2019 b 381
498 2035 b 426
2567 3253 b 191
1891 4394 a 647
745 4344 b 936
1009 3450 y 673
1139 1667 y 142
81 2459 a 624
3032 3565 a 140
3706 4691 b 272
166 4619 b 1161
1736 2560 b 226
2449 4359 b 499
2954 3302 b 89
1506 2837 a 348
1594 2414 x 222
133 398 a 75
125 4761 x 1187
507 1306 x 204
2622 2778 b 50
2743 4346 y 416
3131 4248 y 297
1118 2510 a 365
2467 2721 x 70
2430 2442 x 4
278 1054 y 206
746 1295 x 142
1632 3256 a 426
4225 4411 y 57
389 958 x 160
2315 4856 a 654
2309 4678 a 617
4937 4968 b 12
1365 3576 y 562
853 3573 b 696
291 1667 y 363
1522 2779 b 333
1274 4444 a 812
1040 3472 y 622
37 1427 b 361
1348 2594 b 328
2353 2745 b 110
1143 3045 a 488
1581 3170 a 414
1583 3560 a 512
864 4652 x 973
3868 3941 x 22
2148 3523 x 357
203 3080 a 734
1440 3047 x 414
623 1640 x 269
2687 2724 a 12
351 4145 y 973
2061 2212 b 42
2023 2230 y 57
3793 4634 a 227
125 2423 a 595
301 4946 b 1198
3812 4753 a 258
910 4473 x 917
1765 4648 x 732
1744 3048 y 338
3721 4635 y 239
3273 4529 y 333
1538 2405 x 221
1541 2456 x 235
3603 4065 y 136
4275 4865 b 157
49 1355 x 343
2189 4195 y 548
370 3418 x 785
1311 2219 x 235
3372 4034 y 200
3420 4305 y 248
3649 4414 y 212
1260 4724 y 907
621 3099 a 632
548 4169 y 956
3142 4148 y 296
1033 4523 y 910
2989 3256 a 75
1496 2290 b 208
710 4885 a 1096
3635 4034 b 112
1294 3679 b 634
900 2225 y 347
704 3730 b 790
2036 2276 y 62
662 4837 y 1101
1201 2111 x 231
635 2624 a 513
44 3872 b 1017
176 3951 b 1001
1317 2654 a 353
501 4545 b 1066
852 3876 b 809
3738 4996 x 344
4397 4794 a 113
439 3276 a 735
69 3214 a 811
1161 2355 a 304
421 1396 a 268
949 3937 x 766
776 2633 b 478
1868 2927 y 285
1128 4557 x 890
2153 4716 b 682
2617 4832 b 593
1104 4569 b 891
426 1259 x 227
370 741 x 98
449 2095 x 434
514 1852 x 371
3299 3997 a 189
1438 4665 x 850
2481 3084 x 165
416 3707 x 890
3696 4234 a 148
2080 2914 x 229
395 2376 x 507
1877 3589 y 460
3290 4420 b 295
254 1537 b 336
1330 2665 b 346
2553 4303 y 463
1933 4544 y 685
962 2798 b 475
41 4721 a 1215
2836 4728 b 500
1213 4364 x 813
1728 2454 y 192
2828 4391 b 427
1299 2392 a 279
392 2405 b 517
450 1810 x 354
1061 4415 x 873
2250 4016 y 462
539 1533 y 264
1193 1559 y 97
324 1580 y 335
3498 4800 b 334
2657 4637 x 505
1850 3867 x 525
75 4894 y 1228
540 3608 y 819
1628 4780 a 842
146 3610 a 916
1601 2383 b 199
3416 4736 a 352
4801 4914 y 33
117 529 b 117
3368 4721 b 350
1340 4188 y 755
4004 4916 y 240
359 3764 y 894
3908 4148 b 79
2061 3922 a 480
1517 3857 y 600
1470 3905 b 647
1234 1277 a 14
2265 4026 y 470
992 4629 x 958
1484 2171 a 182
2410 2598 a 54
1624 3248 a 422
874 2339 y 406
1654 1841 x 50
21 1896 y 502
2785 3332 b 148
4052 4323 b 72
3203 3689 a 127
1168 3791 b 726
1675 1707 a 11
3948 4832 x 235
1884 2812 y 250
2164 3956 b 465
1144 4578 b 873
3650 4905 b 326
2536 2731 y 54
2394 3845 b 389
1372 4687 b 846
163 4562 x 1131
1398 1459 y 20
931 1871 x 261
497 1559 y 285
2228 4165 a 520
1431 4058 a 689
3095 4481 a 366
1568 4215 a 698
2634 4546 b 513
3003 3185 x 60
2910 4773 a 499
275 1744 x 392
1453 2768 x 345
2909 3647 b 191
2444 3949 x 382
450 4499 x 1038
2168 3240 a 285
2224 3736 b 387
139 2401 b 603
902 3771 b 756
936 3377 x 648
653 1975 x 360
917 4941 a 1026
1965 4054 y 539
1536 1636 a 30
1196 2495 x 351
835 2178 x 359
907 2715 x 486
2907 3818 a 253
763 2499 x 469
3468 4873 y 369
1437 1935 a 141
3356 3636 a 83
2546 4217 a 429
654 1046 a 101
4048 4194 a 45
135 2216 x 569
2508 3022 b 131
128 896 y 217
2481 4905 b 646
2683 4970 b 618
1638 3074 y 379
2890 3513 b 164
521 2353 b 490
1975 4903 b 758
2569 4735 x 567
3503 4568 b 275
2477 4683 y 592
2456 4145 y 450
1316 4957 a 934
4544 4829 y 81
1088 2148 b 280
3408 4740 b 361
827 1672 b 221
1607 3512 a 490
2274 3816 x 406
2212 2290 a 31
63 480 a 113
1033 4818 b 969
624 3699 b 785
404 4441 x 1028
1707 4623 x 737
643 2191 x 402
556 4667 x 1036
2768 2903 a 41
265 585 x 85
443 3794 a 861
752 4619 b 1033
2776 4996 b 585
1827 1956 x 36
1299 4151 y 736
336 881 b 143
301 4014 b 952
1 3394 b 871
1843 3512 y 440
563 2784 b 564
183 1592 b 360
662 1557 x 231
796 1644 y 233
1602 4257 a 681
278 4304 y 1014
779 3800 x 806
624 3256 x 704
812 1646 x 225
660 1538 b 232
2399 4239 x 489
3848 4380 a 146
388 3077 x 709
2559 4485 x 517
1820 3990 x 574
2799 3885 a 307
3170 4521 y 348
1178 4570 a 891
2711 4654 a 502
2726 3880 y 306
1616 4830 a 832
761 4746 b 1011
2177 3626 a 384
3638 4358 b 186
2138 4363 b 576
2508 3798 x 356
1329 3021 x 443
679 3352 y 702
2055 4559 y 681
39 4697 y 1222
1516 1653 a 42
2051 2092 a 13
1345 1822 y 130
18 1071 b 291
323 4382 x 1078
2193 2931 b 197
1305 4862 x 931
2375 4924 b 659
2464 3465 x 269
845 1068 x 67
1131 1199 b 20
2330 3081 a 196
1549 2453 y 240
2925 4284 y 371
2454 4314 y 497
400 992 a 160
1018 3985 y 769
1452 3457 y 536
87 889 b 224
188 2953 b 710
484 581 a 29
453 1878 b 376
1621 3637 b 558
3017 3551 b 166
1340 3701 b 618
1065 1950 x 245
1073 2546 x 393
4169 4303 y 38
3201 4449 y 328
1668 3941 y 607
3837 4471 b 164
2920 3111 b 52
907 1046 a 42
359 3198 y 720
3183 3564 y 119
114 782 y 184
1051 3585 b 688
204 2773 b 678
1329 4708 b 875
1339 2600 a 344
931 3151 b 588
2551 3626 x 297
1098 4918 b 986
3836 4527 x 190
61 693 y 170
786 2690 y 519
529 1002 b 127
4488 4617 a 35
1397 3475 b 528
934 1889 a 269
3092 4903 x 488
800 1761 b 269
1070 1414 b 97
2137 3090 y 258
262 3090 x 741
2044 3901 y 483
4104 4497 b 101
996 4494 y 904
1859 2912 y 290
1929 2655 b 207
4087 4306 b 62
41 818 y 209
1669 2469 x 222
332 3573 b 838
2178 3577 b 364
1269 4175 y 735
567 593 y 9
3157 4705 a 407
1537 1580 a 13
3318 4264 a 268
245 2959 b 697
348 443 a 28
2690 2708 b 8
2946 4435 x 412
1691 4221 x 687
2075 2327 y 75
2997 4160 x 332
1544 4192 x 717
3253 4338 x 307
2907 4943 y 538
2708 4420 x 466
2435 4289 x 511
2308 3737 x 385
1598 2065 y 122
4508 4706 b 53
237 1321 a 299
3301 4023 x 215
934 4457 a 926
768 3926 b 835
3303 3597 a 87
1304 2345 y 282
1920 2293 x 95
1321 2672 y 361
1187 4819 y 992
909 2165 y 342
475 1321 a 224
2278 2476 a 52
41 988 x 247
3217 3840 a 189
328 1071 x 201
178 3974 y 964
1925 2737 a 212
1779 3760 x 514
739 2576 b 481
1690 2817 b 290
2937 4210 x 351
2329 2400 x 23
654 3967 y 851
2791 4259 a 403
4174 4562 a 105
1039 4395 x 880
4127 4787 x 192
498 2947 y 630
907 1349 b 127
331 704 x 107
2489 3869 x 374
2277 2718 b 119
3685 4572 x 236
3590 4047 y 130
966 4409 x 894
41 1594 b 410
1402 4860 x 900
445 1830 x 383
430 450 a 7
1892 4792 a 738
4007 4942 y 245
1845 2169 a 87
809 1783 b 264
808 1181 b 107
937 1165 b 66
1126 1762 a 172
2418 4958 a 658
2416 3490 b 298
1787 3155 y 358
828 2724 a 498
1069 4257 b 808
3421 4768 b 351
2111 2780 b 186
1772 4839 y 774
2213 4536 b 601
2522 3864 b 354
832 3170 a 607
298 4325 b 1038
1589 4175 b 669
936 3832 y 745
1604 2738 a 318
187 515 a 97
1598 3920 a 598
2777 4050 y 357
1199 4694 b 888
878 4826 a 1007
59 1497 a 381
1817 2415 x 165
1829 2086 y 69
2374 3384 x 261
1566 3131 y 409
2386 3520 x 291
1125 2563 b 370
1503 4546 b 788
4155 4609 b 124
3034 3803 b 204
1448 4702 x 850
3652 4144 a 137
2332 2357 y 10
1090 3878 y 708
24 672 b 175
669 4408 y 949
2156 4000 b 474
1071 2949 b 494
2879 4052 b 314
445 1828 b 353
2575 4667 x 545
1905 4867 a 768
1126 2077 a 247
859 1169 b 85
1262 4319 a 800
2711 3440 a 197
3849 4511 a 176
3273 3355 b 28
1580 3079 b 397
3090 4716 y 423
1260 2659 y 363
1481 1992 y 147
2081 4070 a 534
1529 2436 a 240
3936 4064 b 42
1854 3006 x 311
2471 4068 a 421
1456 2643 a 314
2277 4628 b 620
599 3345 x 738
1141 3562 x 633
2565 3422 x 223
2226 3080 a 225
1048 4580 a 898
1868 4736 a 744
2488 4297 b 475
2164 3429 b 337
1934 2879 a 249
2315 4854 a 667
4680 4834 a 44
589 4123 y 935
3062 4862 a 464
1625 4521 a 742
951 2032 b 293
1323 3102 y 465
405 2384 b 513
839 2178 b 353
100 3874 y 969
840 4894 x 1030
2452 4226 b 475
672 1164 b 135
3632 3976 b 97
2726 3565 a 223
2610 2730 b 41
272 2656 a 627
902 3533 b 699
335 4100 b 974
778 2487 b 463
390 1756 y 371
4632 4961 x 102
1477 2783 y 359
297 1474 y 313
269 2803 y 682
2551 2732 b 54
1949 4833 y 769
2294 3444 y 318
432 3341 a 759
387 2237 b 492
1172 2913 a 441
452 2694 b 587
339 4123 b 985
2134 4228 b 550
1121 4935 x 1008
852 2768 y 506
1053 4967 x 1033
887 4890 x 1055
316 2128 y 465
61 1839 a 463
1471 2896 a 381
386 4109 b 965
1844 2032 b 60
698 777 y 23
651 697 b 13
2491 4274 y 464
1454 3510 x 527
4256 4330 a 21
1693 2910 y 317
3877 4445 a 162
1771 4645 a 735
2138 4371 a 577
726 2604 x 485
3094 4098 b 261
716 2922 x 576
277 3038 y 725
1095 3297 a 569
59 1205 x 308
1411 3637 a 564
1718 4674 x 751
3956 4575 x 168
3250 4392 x 299
380 3502 x 807
1372 4142 x 713
264 2205 x 512
1757 3013 a 319
2231 4918 y 699
2061 4160 y 550
2050 4761 y 708
1255 2236 a 263
126 3573 a 897
2396 4244 a 492
320 2878 a 663
3409 3905 b 134
2729 3307 b 154
406 1250 b 218
1515 4645 x 807
1043 1876 x 223
1092 2621 x 395
803 2832 a 516
2839 4110 a 347
1287 1316 y 13
830 1484 y 170
1174 1467 a 79
4292 4660 a 101
904 3970 x 785
2067 3439 x 367
793 3550 x 704
3227 4207 x 270
767 1382 a 163
1421 3738 y 607
2650 4318 x 437
71 481 x 115
2315 4786 x 632
1936 3634 a 458
1836 2153 x 82
670 3826 a 823
2898 3277 a 105
222 2445 a 566
2105 2708 x 165
955 4622 x 934
2844 3300 a 125
1240 1764 b 135
127 2882 y 716
782 2776 y 516
3194 3580 x 108
1102 4589 y 890
2217 2525 a 87
313 3893 y 914
893 972 b 24
201 1787 a 405
1923 4090 a 562
3764 4721 y 256
2894 3741 b 219
2465 2684 x 74
1184 3170 x 516
213 3635 a 878
199 226 a 9
614 3920 b 839
540 4724 a 1065
306 3001 a 688
1970 2525 a 146
1355 3093 b 448
513 1342 a 220
1534 3342 y 474
2304 2734 y 114
2399 3606 x 312
770 4811 y 1032
1344 4329 x 791
1500 1599 b 33
2395 4482 b 530
164 3066 b 738
164 3344 b 806
218 1663 a 369
2231 3514 x 342
513 733 a 63
2170 3690 x 398
3137 3770 x 177
999 3003 x 514
3041 4543 b 390
505 2848 b 601
861 2522 b 426
1181 4319 y 822
1476 2530 x 283
2694 4949 a 600
385 944 a 155
637 1342 b 185
2099 2382 y 73
927 993 b 23
3787 4304 x 142
4600 4783 a 50
1118 2582 x 403
1044 3965 a 753
2711 3032 a 95
330 1081 y 207
1717 2740 y 263
4207 4707 x 134
555 3437 y 744
4126 4348 b 61
3122 4410 b 345
2588 2608 x 7
2767 3305 y 152
1764 4574 a 728
423 1372 b 246
2927 4106 y 316
4127 4387 a 77
278 1461 b 317
2895 2998 a 33
2600 4697 a 540
3244 3578 b 96
4479 4863 b 100
4059 4870 x 225
50 1376 x 349
1331 3610 b 587
3726 3974 a 73
4246 4887 x 173
256 2122 x 490
3883 4605 x 193
3135 4620 x 383
2115 3241 x 299
1470 3964 x 640
1831 2193 y 102
332 383 y 22
2405 4746 x 625
97 2774 a 688
2700 4467 x 467
4535 4779 y 68
1053 1619 x 151
2050 4229 x 568
1867 3164 b 339
864 2759 x 490
612 3725 b 806
2683 4440 x 463
824 3800 b 771
666 3128 b 631
958 2868 x 494
4450 4975 b 138
1321 2648 b 350
3396 4138 y 194
1257 4970 y 948
1977 2839 a 229
878 1043 a 45
1605 2703 a 283
3396 4193 y 203
3854 3984 y 38
80 2496 a 645
2863 4059 y 312
889 1532 y 174
501 3344 x 754
665 708 b 12
590 3782 x 836
73 4114 a 1053
2662 4891 x 596
3943 4610 x 194
1585 4857 x 847
1931 4079 y 550
1707 3474 y 465
1267 4419 y 808
4505 4738 y 64
1595 3803 b 574
560 635 a 23
2879 3325 x 118
2573 4309 x 455
3591 3628 b 14
1493 3191 x 442
1206 3507 x 594
1716 3762 x 531
1799 4952 x 797
707 2810 b 535
268 332 x 19
1497 4877 b 892
4452 4542 b 25
198 642 x 129
731 2364 b 421
1900 2824 a 243
4300 4325 x 8
1064 1401 x 94
234 951 y 185
443 4205 x 983
1522 4875 a 865
288 3556 x 860
972 1224 b 74
3806 3987 a 49
1778 4734 y 760
1307 2968 y 432
875 3633 y 709
676 3401 x 698
2734 3419 x 185
376 687 y 90
3234 3797 a 155
234 279 b 14
640 1523 y 235
1280 1410 a 35
568 2342 y 463
3409 4317 y 273
925 3728 a 706
1643 2407 a 197
755 3189 a 639
2736 3418 y 180
3453 4962 a 401
135 1933 x 461
2384 4280 b 512
1383 1979 x 164
1882 4987 b 802
