40 1 40 20
1 2 39 21 58
2 37 87 50 100
3 89 21 96 28
4 4 96 21 113
5 33 15 35 17
6 69 23 87 41
7 39 76 59 96
8 91 88 92 89
9 20 49 30 59
10 75 95 78 98
11 1 3 2 4
12 32 69 48 85
13 11 89 27 105
14 57 65 67 75
15 11 89 30 108
16 36 22 48 34
17 19 43 20 44
18 67 34 74 41
19 7 92 15 100
20 28 68 37 77
21 7 83 21 97
22 23 12 38 27
23 19 97 28 106
24 97 84 101 88
25 36 88 42 94
26 56 70 60 74
27 3 2 19 18
28 77 33 82 38
29 2 11 6 15
30 88 58 104 74
31 88 96 106 114
32 24 45 33 54
33 90 90 105 105
34 52 5 68 21
35 86 38 93 45
36 96 20 101 25
37 82 33 86 37
38 14 5 32 23
39 76 39 80 43
40 29 2 32 5
