50 1 50 20
1 70 33 77 40
2 18 85 34 101
3 93 62 99 68
4 84 55 96 67
5 19 15 32 28
6 85 72 86 73
7 41 6 56 21
8 43 31 61 49
9 94 69 110 85
10 92 57 100 65
11 50 88 61 99
12 10 49 11 50
13 93 3 97 7
14 4 98 18 112
15 52 7 58 13
16 19 75 25 81
17 3 72 15 84
18 71 29 80 38
19 83 24 85 26
20 63 66 67 70
21 87 16 102 31
22 2 59 11 68
23 12 99 19 106
24 79 83 88 92
25 86 75 90 79
26 94 98 113 117
27 71 67 72 68
28 69 28 81 40
29 89 81 99 91
30 23 45 24 46
31 94 50 98 54
32 8 16 27 35
33 38 20 47 29
34 43 5 56 18
35 19 36 36 53
36 21 87 39 105
37 75 35 89 49
38 86 38 87 39
39 50 95 66 111
40 61 46 75 60
41 45 52 48 55
42 18 15 31 28
43 57 70 72 85
44 10 70 18 78
45 92 9 107 24
46 55 76 72 93
47 30 52 38 60
48 63 47 76 60
49 37 33 40 36
50 5 13 20 28
