100 1 100 20
1 57 12 62 17
2 93 41 104 52
3 27 29 44 46
4 24 3 32 11
5 48 62 57 71
6 94 47 109 62
7 61 32 81 52
8 32 77 41 86
9 5 60 14 69
10 70 29 90 49
11 96 34 109 47
12 74 80 89 95
13 85 38 104 57
14 57 93 60 96
15 97 76 113 92
16 98 71 104 77
17 42 86 55 99
18 53 94 72 113
19 16 33 26 43
20 99 36 115 52
21 77 64 97 84
22 34 78 47 91
23 5 47 13 55
24 53 10 61 18
25 7 53 23 69
26 36 54 49 67
27 61 15 62 16
28 32 65 47 80
29 1 95 21 115
30 53 12 60 19
31 48 61 64 77
32 15 66 24 75
33 100 14 114 28
34 64 12 71 19
35 23 46 25 48
36 96 62 107 73
37 75 17 94 36
38 81 24 90 33
39 41 17 49 25
40 89 77 90 78
41 23 64 38 79
42 2 25 20 43
43 34 13 50 29
44 98 73 102 77
45 86 69 91 74
46 59 2 67 10
47 53 33 55 35
48 28 85 46 103
49 48 29 62 43
50 21 69 27 75
51 39 68 48 77
52 63 64 68 69
53 29 25 30 26
54 9 4 24 19
55 83 17 95 29
56 62 96 66 100
57 3 4 4 5
58 20 51 23 54
59 64 24 76 36
60 29 96 37 104
61 34 18 41 25
62 37 84 55 102
63 93 8 99 14
64 36 79 42 85
65 29 49 49 69
66 13 8 33 28
67 95 85 106 96
68 15 93 30 108
69 98 18 103 23
70 26 87 37 98
71 60 100 75 115
72 59 88 60 89
73 25 80 36 91
74 30 68 38 76
75 5 4 11 10
76 51 72 71 92
77 62 37 69 44
78 2 65 12 75
79 82 13 92 23
80 79 59 98 78
81 9 49 23 63
82 29 17 39 27
83 35 44 54 63
84 27 3 40 16
85 74 78 79 83
86 86 98 103 115
87 86 2 91 7
88 38 50 57 69
89 32 37 42 47
90 87 67 89 69
91 61 65 74 78
92 42 72 47 77
93 16 92 18 94
94 98 19 106 27
95 33 9 45 21
96 13 15 15 17
97 100 6 105 11
98 87 74 97 84
99 87 84 88 85
100 72 13 78 19
