100 1 100 20
1 15 67 22 74
2 69 44 82 57
3 85 63 100 78
4 87 87 91 91
5 9 74 23 88
6 89 59 92 62
7 39 73 45 79
8 56 13 62 19
9 50 72 55 77
10 8 66 20 78
11 66 87 75 96
12 48 73 64 89
13 97 4 108 15
14 58 16 65 23
15 81 69 92 80
16 88 30 102 44
17 85 38 89 42
18 92 94 108 110
19 47 36 60 49
20 96 57 112 73
21 89 83 93 87
22 46 19 55 28
23 8 93 27 112
24 47 96 65 114
25 5 6 10 11
26 20 24 22 26
27 28 68 33 73
28 61 63 80 82
29 34 39 42 47
30 41 33 49 41
31 2 57 21 76
32 46 75 47 76
33 52 21 72 41
34 69 86 75 92
35 31 75 35 79
36 32 89 33 90
37 94 38 112 56
38 26 24 33 31
39 99 80 103 84
40 71 71 91 91
41 99 46 109 56
42 18 28 25 35
43 55 91 61 97
44 33 100 52 119
45 71 66 78 73
46 13 23 26 36
47 80 91 85 96
48 28 43 33 48
49 49 97 63 111
50 59 50 73 64
51 51 50 69 68
52 77 94 85 102
53 42 19 51 28
54 100 53 103 56
55 89 61 98 70
56 26 89 36 99
57 98 48 106 56
58 48 72 58 82
59 1 85 11 95
60 86 20 89 23
61 73 8 80 15
62 15 89 19 93
63 11 37 28 54
64 49 94 57 102
65 95 72 113 90
66 74 9 89 24
67 58 5 73 20
68 76 22 80 26
69 100 72 101 73
70 54 83 64 93
71 44 59 60 75
72 59 18 64 23
73 76 92 77 93
74 74 100 82 108
75 22 22 23 23
76 14 25 18 29
77 2 44 3 45
78 85 45 93 53
79 99 1 107 9
80 70 21 76 27
81 33 7 35 9
82 99 45 114 60
83 5 5 7 7
84 99 9 101 11
85 99 90 115 106
86 6 58 20 72
87 62 98 74 110
88 83 89 88 94
89 63 78 70 85
90 41 61 53 73
91 35 5 46 16
92 96 76 97 77
93 99 48 118 67
94 67 31 75 39
95 18 53 21 56
96 73 96 86 109
97 73 51 84 62
98 72 49 88 65
99 79 46 88 55
100 42 51 46 55
