100 1 100 20
1 7 70 14 77
2 80 57 99 76
3 35 37 49 51
4 75 13 90 28
5 14 8 34 28
6 73 18 76 21
7 63 57 64 58
8 94 77 99 82
9 59 98 66 105
10 30 33 39 42
11 9 57 27 75
12 12 57 16 61
13 94 7 114 27
14 92 38 98 44
15 76 45 78 47
16 60 36 66 42
17 88 9 108 29
18 44 41 53 50
19 91 77 95 81
20 72 89 92 109
21 35 89 36 90
22 29 42 49 62
23 56 94 72 110
24 55 78 56 79
25 98 75 100 77
26 59 52 60 53
27 86 80 103 97
28 12 63 13 64
29 73 40 83 50
30 53 24 55 26
31 72 74 85 87
32 30 53 47 70
33 15 30 33 48
34 43 24 47 28
35 63 83 68 88
36 14 1 33 20
37 79 42 91 54
38 12 8 26 22
39 67 100 82 115
40 6 68 24 86
41 64 71 65 72
42 100 91 113 104
43 61 12 77 28
44 91 6 92 7
45 37 49 39 51
46 73 90 83 100
47 65 42 76 53
48 37 75 42 80
49 54 44 56 46
50 45 71 55 81
51 34 53 37 56
52 83 11 89 17
53 85 49 90 54
54 75 13 86 24
55 1 79 14 92
56 78 99 88 109
57 41 85 50 94
58 80 37 83 40
59 100 66 109 75
60 39 61 49 71
61 47 23 50 26
62 6 74 25 93
63 8 90 17 99
64 62 23 67 28
65 51 33 70 52
66 12 56 23 67
67 33 3 38 8
68 58 35 62 39
69 12 11 17 16
70 29 51 33 55
71 60 82 61 83
72 29 91 36 98
73 63 2 73 12
74 40 78 50 88
75 94 55 96 57
76 15 49 17 51
77 17 99 37 119
78 92 11 99 18
79 41 58 53 70
80 43 84 49 90
81 68 29 82 43
82 75 17 86 28
83 21 43 41 63
84 47 97 51 101
85 78 48 79 49
86 45 61 59 75
87 46 2 49 5
88 60 35 70 45
89 76 19 77 20
90 25 37 26 38
91 15 96 24 105
92 24 2 42 20
93 23 3 41 21
94 7 69 14 76
95 83 50 87 54
96 54 45 68 59
97 11 90 25 104
98 29 36 30 37
99 83 74 93 84
100 84 15 103 34
