100 1 100 20
1 13 42 30 59
2 82 80 91 89
3 65 57 70 62
4 30 19 37 26
5 90 57 100 67
6 43 22 50 29
7 17 16 20 19
8 54 96 60 102
9 14 6 25 17
10 51 50 60 59
11 70 27 82 39
12 34 5 38 9
13 37 50 54 67
14 30 50 44 64
15 20 10 22 12
16 71 53 83 65
17 84 50 97 63
18 97 61 106 70
19 8 58 12 62
20 39 100 57 118
21 66 100 71 105
22 95 76 96 77
23 59 55 69 65
24 71 32 79 40
25 85 20 102 37
26 24 31 33 40
27 56 3 69 16
28 66 87 69 90
29 43 3 45 5
30 23 94 29 100
31 49 34 58 43
32 60 48 71 59
33 67 45 86 64
34 64 14 74 24
35 40 1 49 10
36 74 26 77 29
37 65 51 71 57
38 47 26 52 31
39 37 12 42 17
40 82 16 93 27
41 79 75 95 91
42 33 86 46 99
43 69 63 83 77
44 71 33 89 51
45 11 94 21 104
46 4 12 11 19
47 21 58 27 64
48 53 69 72 88
49 67 70 72 75
50 96 17 108 29
51 62 23 74 35
52 87 2 102 17
53 89 12 90 13
54 19 59 30 70
55 1 69 17 85
56 6 2 13 9
57 32 25 43 36
58 46 88 66 108
59 15 6 20 11
60 49 37 65 53
61 24 6 29 11
62 75 46 81 52
63 4 17 9 22
64 32 27 45 40
65 49 8 64 23
66 48 84 56 92
67 58 51 70 63
68 33 13 49 29
69 14 59 15 60
70 96 64 100 68
71 63 35 67 39
72 7 92 24 109
73 100 28 106 34
74 49 98 56 105
75 62 84 67 89
76 29 54 49 74
77 10 53 20 63
78 62 53 67 58
79 80 66 96 82
80 97 4 107 14
81 11 85 12 86
82 3 46 7 50
83 61 27 77 43
84 90 74 95 79
85 55 37 69 51
86 45 67 57 79
87 81 20 85 24
88 16 80 21 85
89 8 86 27 105
90 19 3 39 23
91 16 41 27 52
92 86 3 97 14
93 37 100 57 120
94 52 11 58 17
95 1 27 3 29
96 79 23 85 29
97 32 83 33 84
98 87 10 93 16
99 67 18 85 36
100 88 47 92 51
