2778 9853 142
126 2040 60
1825 3636 39
1238 9577 175
2295 7105 97
1823 9404 155
4189 9394 103
1349 7943 139
4785 8694 85
22 5774 143
547 1262 22
143 7703 177
2310 7840 111
4566 7991 73
2615 4799 37
1743 6427 97
2875 6204 62
105 1259 42
1373 1934 11
4145 4419 4
170 9257 206
2507 6983 88
3823 4679 15
2615 9188 129
3667 9670 122
3055 9097 120
2968 4589 27
3814 4065 7
3608 5986 45
335 8903 189
2555 4209 31
1584 9098 157
4249 8428 79
688 1269 19
3791 9760 122
2672 4087 26
3146 4327 22
1937 3859 41
1514 5096 72
1695 3753 46
3564 5319 34
889 1808 29
2743 8591 111
4095 4276 4
931 9100 181
2181 4583 46
1800 3765 43
672 1336 23
3187 9052 118
156 1667 48
4398 8900 92
4215 5536 23
2520 5162 47
1734 7592 124
2792 9022 124
594 8727 179
4688 5218 11
4920 7799 63
1876 6662 97
3156 3943 11
4311 7326 60
1491 2463 28
694 9000 183
767 7554 153
2926 9157 124
3986 9769 121
83 3927 101
1165 5618 94
2741 5038 39
1734 9422 158
3790 5543 33
4353 6550 41
1903 4833 58
1850 6617 97
2938 9870 142
1669 8273 137
1901 3140 32
2679 6523 72
843 9278 185
794 6915 138
4348 8696 88
4025 6709 48
3388 4438 20
1870 9746 164
1541 6950 111
3163 4759 25
3260 8295 99
1648 2987 34
1592 8079 136
4794 8180 74
1147 7556 139
4837 9243 93
2347 3277 17
3815 4542 14
2899 4842 32
2822 9944 145
2765 5420 48
1704 1882 4
133 377 14
3145 6492 63
1308 4924 73
1869 3046 32
4172 7322 63
1652 6987 113
4096 6563 46
3399 5208 31
286 8714 188
1426 6254 100
2851 3780 15
4215 4297 2
821 7784 157
283 1990 48
4729 8662 82
2591 5669 55
2180 8290 122
1484 7147 120
3631 6029 46
1052 4848 83
1549 3230 38
2225 8125 119
4819 8726 83
4711 5808 22
1136 7431 135
4529 5197 12
1438 5746 87
485 6951 142
139 8015 183
1838 8449 135
1431 3477 48
2106 6047 78
217 9401 205
3428 6013 46
1702 7871 130
735 2151 43
4715 9984 115
4271 6177 34
526 7474 153
1611 6959 112
3368 7294 78
625 7835 160
813 7448 148
3515 6353 55
2721 5672 52
4716 5059 8
1781 4380 57
4625 6264 34
164 7095 163
995 3339 65
785 7805 158
1001 4678 86
2225 5564 62
438 711 5
3391 9115 114
64 2317 74
4498 9260 97
2801 8649 113
3787 6350 51
4654 5993 27
4000 7657 76
3840 8586 94
2584 6844 80
1625 9192 156
1974 7968 127
1115 1843 20
3975 8888 103
1688 3712 46
3812 7598 79
4550 8605 81
1383 5688 87
1720 5529 79
3387 5486 38
190 2156 62
2078 7097 105
2871 6323 66
2226 5200 55
3722 9770 124
4134 9832 114
4459 9932 115
2991 8325 103
3509 9087 113
91 5601 133
4183 5567 24
1570 8683 148
1361 8657 150
3062 3308 4
2317 6323 78
2040 7701 119
3011 8347 102
3688 4221 12
4987 6847 39
1567 5689 83
2478 6836 82
1518 6391 101
2271 8753 129
1645 3613 43
3105 6654 65
1495 3334 44
4837 7079 51
4056 5884 31
687 8855 179
215 2822 78
1924 8417 131
2820 7806 97
92 296 12
1954 4423 54
2642 5572 52
4657 8498 77
2822 5733 51
2298 5927 68
3130 9667 129
2206 4762 46
1062 3901 66
692 7062 143
4197 6393 43
2583 3951 22
4536 7890 71
3930 4177 8
4929 7337 53
3093 4841 28
1838 8189 133
3121 6076 53
3293 5635 42
395 648 7
180 2466 72
45 7912 189
2523 6113 66
4283 8180 79
2438 7921 109
3579 7972 91
4396 6887 50
4368 4739 3
340 6294 134
3123 3922 10
4625 8450 78
137 6894 159
536 3309 72
381 9638 202
681 4446 90
3997 9579 115
1686 9049 155
625 8854 180
1084 7520 141
837 7475 148
4506 6314 37
2761 6770 74
289 4010 94
1233 6249 105
3132 4704 25
4640 6888 48
1891 4698 57
2653 5672 54
3283 9273 120
1325 6460 106
1759 4951 65
785 6963 140
1023 2365 44
2854 9872 142
2900 7986 102
1567 4357 60
167 3308 88
1035 1638 20
1884 6089 85
2548 9330 133
1765 8356 135
1380 2003 13
326 4038 92
1758 4771 60
809 8635 172
1504 7732 131
1636 9008 154
448 7941 166
18 4542 121
2873 3360 9
3995 9300 109
2163 8005 119
28 4820 123
4064 4343 5
4368 4907 6
825 7291 146
1747 8121 135
1746 5524 78
1901 4170 51
4323 4507 2
4739 5163 10
3244 7844 93
3594 9284 115
4266 8770 90
3883 7938 86
1483 9022 158
3513 7261 76
103 7338 171
4819 5192 9
4593 5184 11
902 4541 87
2056 8187 128
2016 6977 105
2839 5526 48
1687 3912 47
4359 5921 27
4760 5195 11
4384 9310 100
4312 4554 2
2377 9098 134
644 5589 109
539 4559 93
1569 4373 60
727 5032 98
2392 8031 112
3464 6332 55
1029 5605 102
3042 5874 48
3764 4930 20
2579 4170 30
1682 4650 62
2211 3712 29
519 2726 62
2042 5029 60
495 8604 174
2522 2731 5
728 9645 195
4985 7666 58
2560 9108 130
3495 4231 14
2799 6418 68
3620 6078 46
1390 5257 79
4933 7910 67
2128 2693 16
2208 7964 117
1651 3063 36
4553 5904 25
2034 2729 21
487 6238 127
883 5138 99
2903 5578 48
4188 8392 81
3054 7795 93
2861 3378 9
4289 8393 79
1862 3045 32
2952 9827 137
2055 3382 32
1812 5955 83
3060 6131 56
312 2433 64
2832 3855 15
1542 6162 93
390 4267 94
1357 7643 132
2024 4744 54
4727 5943 25
3458 8093 93
68 848 27
48 5518 135
1489 4211 60
1862 4066 50
3636 6691 59
2267 2716 11
3358 8059 93
4778 8605 80
1458 4583 64
3272 6417 61
1459 5108 75
4136 5114 16
274 9131 198
1575 4442 62
3371 8384 96
3480 8114 94
3881 8646 97
3512 7662 83
407 9153 191
4936 6219 28
2225 7316 101
2691 6202 64
2808 6343 66
2784 7632 95
408 415 0
3731 9645 120
491 2952 65
4240 9168 99
2330 7786 109
628 972 5
912 3526 68
2363 6716 80
2875 5890 53
1149 1245 5
2455 4245 33
512 6804 138
856 6777 131
4228 9217 99
1783 3871 45
2217 5584 63
3059 5950 51
2321 7870 111
1221 6519 111
2667 6862 79
4402 6204 34
4319 7500 63
4227 9871 117
4538 6163 31
28 7882 191
3774 6096 43
4276 4448 3
4270 8890 94
1996 9426 153
2638 8149 109
4014 4502 8
2713 8355 107
4989 5657 14
2270 5131 53
1232 7063 124
2593 8654 117
336 9881 211
1279 2572 36
4966 7869 64
3600 4782 19
957 3143 62
4106 8790 94
1845 5080 66
1013 3747 70
2846 3887 15
4069 6796 52
1246 3328 51
2442 7664 101
2023 2375 14
4664 6299 35
749 2736 59
1638 8283 137
3903 7785 82
3837 7473 74
2128 2259 6
3386 4835 23
3407 5829 42
34 922 33
2458 7725 103
442 6378 133
4605 8913 91
3904 4442 14
4245 7467 63
4266 9836 113
2345 8789 127
471 1500 30
2695 3705 17
2572 9300 133
2819 7285 87
1088 3396 61
624 1237 20
2871 4685 30
3341 6819 65
2433 8595 117
1977 9013 148
4402 6024 29
4140 8572 84
2786 4680 31
3930 9371 111
4732 8812 87
2101 3935 37
4651 9235 94
682 6987 142
3411 8941 111
184 453 14
345 6940 147
2022 5546 72
1124 1943 21
4796 9105 93
3271 7053 76
3437 3755 3
885 5083 97
2931 9436 128
382 2463 61
3382 4918 24
4266 4761 4
3474 6014 46
17 9397 219
1111 8852 166
1108 8624 160
1426 4302 64
4873 9072 92
1904 6909 103
2953 5231 41
147 3978 98
3317 4763 22
3240 5917 49
4311 4326 0
4737 6173 30
2478 5480 54
812 4223 85
2197 8518 124
3721 6473 54
3901 7501 75
3910 4959 20
695 5757 112
4424 8427 76
1950 7375 113
4766 6959 49
3341 3988 8
3226 7004 76
511 3349 73
2047 6900 100
3940 8910 104
3504 7091 72
969 3754 71
3393 9096 114
1332 6604 107
1355 5644 87
4791 8671 84
242 5602 123
4457 6709 41
592 2097 43
4464 9848 111
914 9210 181
841 3758 73
1646 2137 14
4297 7144 58
3249 8457 102
3090 4188 20
2893 9990 145
3649 6116 48
3109 6680 65
2919 4530 29
2906 9414 127
4575 9101 95
4398 8052 74
3544 4599 18
2980 8336 103
3869 9415 112
2386 2941 11
773 4213 86
1702 6303 96
3751 3968 3
2240 6037 71
1523 8772 150
2668 5678 54
4948 8819 82
2128 6754 91
857 1165 13
1193 7494 134
4619 6521 39
3783 8378 90
1759 3391 40
2647 3522 15
200 7582 170
2703 9488 134
2990 7309 85
1474 3507 46
590 1571 31
622 3007 65
949 3984 74
961 3751 71
2836 4105 22
800 3606 71
3164 4324 22
2378 8930 130
869 5342 104
1561 2041 10
1635 5278 74
1193 5771 96
2024 5031 61
2233 7849 112
2920 5717 51
1273 5903 96
1361 2118 19
3580 7537 80
607 3231 67
4967 8838 82
4303 6082 30
2137 8091 122
4875 8389 73
3047 4300 23
1904 8952 148
2282 7769 110
3226 9610 129
3683 7995 89
3179 6179 55
2398 6014 67
1232 8471 149
1802 8196 134
470 6792 138
2187 7172 102
1436 2485 29
4407 9570 105
1925 1981 1
3614 8507 96
2619 8118 110
730 1089 10
3040 4838 28
2033 2848 23
1898 6470 95
950 4657 87
430 760 5
4345 4748 3
309 8561 181
3159 8341 100
2784 7260 88
3665 6412 55
2213 6904 92
4048 4990 14
1952 2744 23
1033 3479 64
1743 5773 81
2234 5880 67
1415 3377 46
1144 8316 152
3879 9603 119
3894 4712 15
628 6836 137
951 7019 139
4182 7843 74
4802 6642 37
2853 8657 112
856 9712 194
862 8004 161
409 3002 70
4219 8743 90
1406 2017 13
4982 7648 58
4319 5003 9
4727 4783 0
412 2177 50
2669 7627 98
887 1126 12
2480 5240 49
4199 8194 81
1983 7752 122
4361 7977 75
4251 5193 15
1243 2399 33
594 7766 161
4570 4582 0
1976 5661 75
4394 5054 11
2675 3359 13
6 7429 182
4791 8134 75
2977 4768 28
2710 8261 108
4507 9502 104
1786 9833 169
4553 9952 116
3776 5994 42
479 2114 45
1152 5132 87
705 6621 130
1930 2153 9
4592 4768 1
754 7123 146
1254 6900 119
4341 7089 56
469 9455 193
1157 1248 5
3265 4611 23
547 941 7
1297 6678 111
2559 4576 35
4742 6980 51
4179 5120 16
2146 2618 13
3183 7024 77
1200 6566 113
3606 6104 47
4246 6853 49
3847 5146 25
4820 6216 30
2420 2458 2
3993 9021 105
2926 9983 145
1501 8371 139
2095 6857 96
593 8024 166
2039 6914 100
3628 7316 76
140 7378 169
4044 6087 35
3372 9987 136
2601 7428 93
3256 8793 110
1082 1203 6
2999 9405 125
2944 8626 110
1447 1834 8
4014 9964 124
2068 7920 123
2198 9350 144
1859 5191 69
654 3669 73
2978 6178 58
1368 3928 52
1808 9887 171
3782 5013 22
4449 6941 49
597 1469 29
1971 3819 40
1783 2992 32
2205 6838 91
1316 2684 35
128 4823 115
2324 4397 40
102 9977 229
4177 8347 81
3356 8430 97
3465 5997 46
2866 8517 107
202 9301 205
4107 8725 93
4064 5685 28
2558 5507 54
4818 9158 92
1533 9419 161
3858 7073 67
3382 4607 20
3721 4501 15
2371 6346 76
4994 9391 91
4185 6733 47
2702 4903 36
4752 6069 27
4607 8687 86
2561 4675 36
446 8924 185
662 2993 63
672 4806 93
4594 7869 70
1283 4228 67
956 6338 123
1097 7699 146
4974 5472 10
1198 9920 187
2326 7818 110
4364 9362 100
1061 8706 166
2752 9088 126
2352 4413 38
4866 9032 91
1147 6536 115
3655 8625 100
1671 5249 74
4177 8524 83
4142 9987 121
3876 8282 90
1081 7105 135
720 4810 93
3062 5395 42
4498 9372 98
3925 8338 90
730 8318 166
2536 9085 130
4508 9642 105
4985 8349 69
1311 9451 168
909 3042 62
367 7906 168
763 1302 20
2728 7960 104
2258 9873 155
3213 4340 22
1097 6875 127
2412 6203 71
1974 2803 25
4340 4875 5
1017 7474 144
599 9224 188
1759 5852 82
3091 3473 7
1798 5875 81
3178 3665 7
700 9329 188
4528 9349 98
1996 5658 75
1050 1208 7
857 6530 127
3304 9829 130
2761 9854 143
4725 7072 52
4900 8988 89
772 6401 128
1442 3634 47
2225 6321 80
1111 9818 186
3392 8107 94
443 6244 129
569 7409 152
2240 7361 102
538 3658 75
3047 8842 113
4807 9395 95
4787 9875 112
2977 9393 125
4610 9416 98
1579 9330 160
2642 4064 26
2371 8601 120
872 5575 107
3603 4405 17
3951 9384 110
341 7244 156
4569 9763 108
774 4720 91
3478 6290 54
3150 8521 102
377 5781 119
4607 9706 106
661 2247 48
959 3957 74
1977 2675 21
2723 7875 101
3738 8439 92
4488 9980 116
912 3317 65
4787 7132 55
1875 4908 61
3054 9694 131
4527 7619 65
1213 4072 67
2617 6333 71
4467 9868 113
89 6184 145
1168 3392 56
191 5127 119
4350 5672 23
4969 8318 70
773 5286 104
2162 8872 137
813 3714 74
4220 8550 83
4487 7817 69
4979 5755 15
4283 8892 94
1049 7114 136
3612 8470 96
2679 4080 26
2455 6883 84
3745 7765 83
1354 6426 105
3173 9773 133
2530 6334 73
3365 5338 36
2338 7891 111
1728 7353 118
2627 8303 109
1292 3428 53
2907 6904 77
738 5736 112
3529 7945 90
325 7594 164
833 3048 63
3016 5428 42
559 9209 188
3794 7665 79
2385 4042 32
2655 4270 30
3454 7644 83
3361 5696 42
1034 2067 30
3538 6360 56
1169 8553 154
944 3604 68
574 9204 188
2383 3008 13
329 9289 196
8 8565 201
2910 5776 51
195 9625 212
316 5265 113
4706 8880 90
2656 6057 61
3722 8969 108
286 7690 168
2177 6890 94
2867 5544 48
3097 5703 47
4041 5295 21
995 3239 61
516 615 2
3227 9039 118
3862 4915 18
3275 8709 109
1873 4636 57
1180 5884 99
87 6145 145
851 5950 114
449 2480 58
1968 3540 36
3182 3612 6
2777 7304 89
4130 5360 22
2303 4545 42
3740 7372 74
2375 5670 60
3267 8198 99
544 4622 93
986 7541 147
783 4582 90
4383 9975 118
3277 5957 49
1522 6902 111
4855 7095 51
2178 6203 79
1133 8793 163
69 5724 137
4182 7016 58
3007 3511 8
4869 8641 80
3878 5997 42
291 8194 178
1523 6909 111
3421 7629 83
2571 5095 44
1 6653 166
3822 4158 9
2717 3840 17
1926 2812 26
2740 4602 31
2275 9987 158
4120 9587 111
758 1353 23
4041 6569 46
4613 9191 95
3145 6852 70
4800 5050 5
3183 5366 40
3588 8782 105
3207 3230 0
375 4134 92
3822 7578 77
2413 7747 106
2473 5718 58
2946 4273 25
2189 5252 59
2217 3154 20
1805 4446 58
388 6860 143
2959 7818 96
2943 8659 111
4476 8780 87
4099 9483 109
1563 3124 38
1931 9052 149
3910 8775 101
3978 9318 110
18 468 28
2284 3380 22
4059 5890 31
1408 6629 106
3865 9374 112
2577 5504 54
2418 5018 46
73 4583 115
1307 8286 145
3013 3415 7
3539 4262 15
1936 9833 165
2542 2892 6
3230 6809 69
1443 7324 123
3042 3577 7
4261 9636 108
1120 2376 38
1373 2528 30
4018 7331 66
3491 8700 104
868 6855 134
1604 3074 37
2515 7034 89
1955 9275 151
269 1202 29
2378 7040 92
2463 4374 34
3861 5342 30
1232 4811 74
3259 6829 69
3128 6595 63
1779 5789 82
693 4726 91
3805 6994 66
2849 8173 105
4391 5327 18
3246 4221 20
504 724 3
3704 9024 109
1075 8671 165
1022 6884 131
1110 4585 77
280 6026 131
1799 5022 66
1835 9549 161
3986 4353 10
3644 9636 123
2990 7111 82
1289 4459 71
3405 8306 95
3733 4091 8
185 847 20
4256 4964 9
1880 9431 155
3230 7431 83
1216 7132 129
4536 7911 72
3344 8869 111
4441 8618 82
3558 3616 0
