332
305
46
88
386
116
29
468
49
274
158
132
269
473
440
234
264
182
183
419
306
344
408
32
268
348
452
192
341
43
76
40
285
387
267
66
5
207
440
352
363
156
185
61
264
183
170
13
440
56
9
116
418
309
143
415
320
190
18
366
1
426
4
265
462
247
234
324
143
390
231
196
78
65
176
352
477
11
484
481
254
373
497
430
38
437
19
133
318
407
56
419
11
493
195
272
276
118
182
433
309
448
238
368
202
383
270
165
367
450
427
210
167
81
271
239
494
82
128
257
105
152
415
57
433
418
11
192
496
175
331
340
374
396
473
406
430
268
136
222
167
47
108
61
487
268
343
450
344
228
38
137
346
333
189
498
104
277
157
457
169
64
47
4
258
207
87
278
275
55
73
497
83
95
412
142
151
317
133
56
270
185
116
409
418
481
421
132
143
95
139
50
362
68
109
210
353
177
18
373
340
461
409
321
421
303
383
74
191
389
42
117
65
349
106
272
415
478
196
498
186
293
444
4
440
63
468
137
254
271
196
234
85
255
256
33
211
464
403
379
408
61
130
74
381
283
315
318
197
17
422
47
137
355
146
9
480
111
251
202
98
211
401
378
410
216
264
380
235
217
492
141
230
487
244
249
203
151
47
444
32
15
388
190
405
362
321
162
50
189
357
372
324
195
472
472
468
68
169
390
29
475
392
13
42
167
226
77
372
159
42
149
363
415
187
406
312
401
248
78
320
341
424
260
180
497
479
279
152
416
200
201
460
