315
397
190
159
323
306
314
334
66
455
100
53
421
119
49
73
278
161
302
183
351
230
88
217
427
463
495
202
489
174
219
141
384
434
371
436
113
321
312
454
88
94
129
472
237
334
407
69
16
420
114
311
177
74
53
482
336
226
56
326
215
233
107
406
210
189
192
311
448
395
433
220
294
381
425
348
472
216
169
95
283
287
14
365
184
373
438
272
238
401
453
267
474
100
357
191
181
110
438
432
11
238
71
190
99
300
174
499
465
488
438
71
468
491
177
369
44
420
416
51
327
238
114
180
117
308
359
288
196
81
486
10
286
304
275
348
214
114
219
269
266
100
134
320
155
260
277
78
10
55
100
104
384
354
23
448
278
488
80
260
288
83
322
13
335
301
414
66
192
448
278
152
208
108
194
95
71
427
238
448
421
118
231
227
134
465
468
83
22
47
495
151
165
14
175
113
59
296
388
421
463
90
306
46
419
226
170
265
96
398
120
18
443
372
343
128
316
348
15
448
176
189
161
180
216
58
186
24
307
253
179
140
155
486
281
31
188
372
150
149
289
224
414
341
448
114
204
305
170
265
281
47
279
47
447
446
342
148
105
335
470
190
421
215
334
157
22
223
417
349
18
363
479
496
441
305
440
31
47
43
203
160
425
107
405
19
318
205
188
26
296
199
290
66
332
174
417
63
396
293
480
245
452
2
456
333
33
357
457
94
34
500
180
279
65
442
