242
132
467
461
384
69
299
82
196
74
169
376
473
189
117
238
334
354
28
344
2
260
409
4
190
76
215
43
366
148
473
332
486
152
240
437
293
294
491
405
40
464
401
243
290
496
425
327
331
319
13
405
234
182
11
428
456
53
362
264
209
96
354
333
103
175
327
124
413
208
450
141
335
140
239
496
22
65
40
482
230
115
121
7
162
317
307
69
170
437
101
490
7
283
408
421
34
422
52
277
461
32
217
27
384
21
228
223
113
433
33
10
395
246
212
394
81
217
405
344
116
489
409
387
497
53
277
310
73
400
409
217
11
313
207
457
321
424
62
138
153
135
239
68
433
404
442
73
62
111
247
13
469
469
404
43
262
214
40
303
447
330
339
27
460
415
174
260
324
348
426
6
321
349
152
211
499
97
296
378
480
452
438
56
361
245
137
255
136
99
245
214
223
214
126
186
129
354
39
163
297
481
303
191
35
65
182
231
364
469
410
353
4
39
136
465
395
103
124
300
60
348
224
336
76
373
25
4
60
231
69
468
190
240
209
374
223
125
157
444
69
187
312
