1000
3879
1130
4520
2017
6065
1136
38
167
4999
5381
568
5576
2112
3623
3672
7204
6902
210
5307
4456
9708
8018
3483
6500
5820
1386
1153
5901
6805
5200
8696
8823
7988
8448
48
3417
7468
9455
9411
5459
5000
9195
5012
2400
1876
3685
5010
9390
5004
6664
3027
9986
8347
1361
7829
9297
8085
5734
4411
5745
7
8284
3477
3333
5212
9381
5290
8120
7997
4998
7079
7072
2965
2455
76
7744
693
431
2123
5701
8615
4836
9424
9479
1743
2672
6172
7404
1957
9035
9016
8973
117
6257
2480
7515
27
8129
1187
8545
2873
7014
2881
3714
3612
3034
9141
7768
1195
7989
6186
6026
7695
6796
8051
1676
3051
6556
1562
8695
92
490
6376
138
430
3331
5363
754
7052
4193
2145
7340
1833
5491
8389
5950
3133
4825
3978
6220
1601
431
2163
3620
2720
5359
2832
8319
1362
4738
7646
9132
1019
5125
5387
2782
3375
5228
1156
176
418
5253
3477
1224
4251
8566
5841
7368
8131
3620
1909
5963
8024
6730
3588
6480
2203
4605
4823
7823
5405
9670
6960
9432
367
2118
2228
2591
9484
751
1496
9911
4934
6066
3225
2105
1083
1472
6054
1598
9776
7708
6849
7920
1044
7747
204
8938
3829
3016
5909
2665
7698
5084
879
6875
1409
3160
683
9210
4101
3409
5622
9407
4408
9128
730
4061
3875
9522
4240
4772
1977
2842
8585
7975
6086
4436
56
7728
6371
9252
686
8857
5063
2517
7803
1881
6796
569
2145
8072
5896
4191
5167
337
4092
8372
6870
4149
8942
2734
7703
5440
3092
2999
8734
8211
5588
6313
4680
2573
1196
4897
5322
9925
3053
3711
6950
8443
8465
2363
3753
8587
2432
3612
3673
3087
6401
4589
3481
7813
9894
9115
3318
695
6611
3411
6231
3219
1485
5714
9926
8154
1870
8524
7791
373
8866
5160
6487
8771
9332
3447
851
3357
957
5573
3082
7604
8758
5599
2640
5800
6470
9486
4590
1048
7534
6052
2132
480
215
5349
4734
352
6919
2912
9030
700
9770
4816
4363
3663
4800
859
815
7328
7688
3328
9743
6091
6010
7285
9138
1683
4848
2890
6016
8015
1313
3483
6429
8348
2439
5253
5930
7427
8414
5156
2545
856
4189
3458
1848
5907
483
5057
3613
6498
8295
1406
390
2063
3116
6188
3558
7340
9229
6017
7271
6588
7087
7831
5087
6647
38
4716
8667
9165
440
7059
42
1123
3478
8110
3630
4501
3410
5996
518
4331
2570
5570
4263
2090
1032
5717
8746
9972
2805
8446
7437
7124
8307
1471
328
1648
3455
8173
2708
5319
2484
20
5128
2745
7939
6781
7510
3562
5760
6347
2779
6588
6718
998
9717
3457
3447
23
1367
6874
6770
2879
8513
3534
4431
7222
7366
1933
8724
8351
254
4609
5340
6569
665
2258
8634
5640
72
8870
1738
3481
9146
5778
4881
3300
1612
1079
3799
5973
276
7805
9780
2142
4606
9267
9523
5379
7532
8197
258
2799
7929
1094
7901
9167
4053
6651
6432
6736
3078
3731
8652
2979
648
5260
5034
5073
8388
4637
1177
2621
8760
4245
1891
9586
8930
9297
9208
3944
5526
6792
1263
7842
6431
894
7322
6432
3627
7972
6941
964
2552
3141
9724
8316
2889
5209
7198
5495
2434
8121
2111
9030
1607
5118
7226
7905
3336
8755
6226
2630
2623
8007
5837
4751
9015
6024
2398
2221
6648
6352
1006
5932
3436
5287
3998
6261
3030
4782
7415
6895
1566
4658
9700
149
422
9832
5188
6846
8783
4235
1491
6563
7707
5532
9485
9516
3739
9615
5342
5481
5817
5610
1215
6540
6032
3976
3604
7403
3730
1060
7461
2035
4067
2075
3550
7055
9048
1464
6689
3717
9543
9681
7849
3367
7121
1668
7452
3702
6922
1802
2737
3831
8262
7140
5549
7373
9601
6640
5570
8686
8285
3437
4240
2216
9328
6372
1664
1034
6545
7381
2694
2868
4393
2122
5166
775
7749
7006
5112
2846
4287
1039
5407
3656
1553
7520
7197
7075
5797
511
2045
616
6821
8346
8077
6589
6535
4258
8626
7443
6986
595
9165
2956
8871
7112
2774
7071
1448
7068
3556
7964
6332
9430
2357
8280
6202
8318
9096
7633
5207
6489
7978
1238
6648
8657
7469
3370
1602
1731
9242
5135
7930
3336
9995
6850
775
2028
4446
9951
6103
4597
6469
6538
1441
6855
3008
1555
1874
8093
3051
5499
9888
464
3666
6723
9504
169
2093
1669
1496
7733
3002
9249
8839
1301
3535
8062
5218
262
2711
1953
718
228
8139
3452
9514
1580
9846
3365
1344
5424
935
7943
6949
33
8534
1519
5045
2914
2276
1466
7523
2331
4530
5828
9489
4216
6646
8254
2898
6205
1004
9869
6147
2012
9458
9328
6143
6005
1646
7775
8345
1475
527
8427
3404
8164
2109
5473
2262
6328
6561
375
9492
993
196
6740
2917
1153
8595
2614
3068
1143
2592
2175
8993
6685
5629
6665
8997
730
2978
8844
9293
9439
2136
352
7025
6572
9590
7260
9567
1390
6681
6882
9982
6393
9835
5434
5391
7643
6304
552
8660
521
3432
8468
9635
2112
4218
783
5384
9984
3705
3444
5814
7044
889
5136
641
2098
3420
4415
3124
8218
6177
5494
5824
6921
8992
678
57
1325
6292
3958
4090
9212
7906
4299
3091
3546
558
4413
9121
1560
8015
3639
6703
9968
2097
9387
1196
6873
9540
8135
5112
6848
6735
3330
1390
4647
3128
485
5674
8699
7350
6896
8902
3853
4863
8681
3453
9934
1971
4024
7215
7779
4236
8052
910
7875
2201
5219
2041
4442
178
2164
5731
1593
5654
3773
6753
1923
8935
5801
2190
5014
8978
856
5432
5154
4848
4945
3928
7183
1097
7959
2900
5183
4506
8260
4659
2149
708
974
3886
5046
6438
2796
2386
6403
2301
7071
3546
4351
4416
2829
8417
7592
6349
8232
653
1615
2573
7341
8860
366
7045
5613
9115
844
7984
3908
3142
4259
5288
3269
2255
3109
1845
21
8153
6356
650
1825
9283
1964
1049
5658
5273
4532
1185
6186
1145
4290
