100
2 4 6 9 13 22 37 49 56 65 71 84 85 99 
19 35 37 40 54 59 62 71 87 
6 9 28 31 43 45 52 57 61 84 88 
8 27 36 41 44 53 58 67 79 81 95 
2 9 14 15 26 33 55 89 91 
7 16 29 34 38 50 56 62 89 90 96 
1 3 5 65 71 79 
13 16 25 30 37 41 44 48 76 79 88 91 92 95 96 98 
3 8 10 11 31 34 43 59 60 68 69 81 
12 13 18 22 48 76 85 88 
4 9 51 74 76 90 
2 10 29 52 58 62 68 87 97 
9 16 18 27 39 42 63 65 72 79 83 89 
3 12 18 29 54 73 76 88 96 
0 2 5 12 17 36 41 57 59 70 81 89 
10 19 27 38 43 54 68 69 78 89 
19 24 53 67 72 84 96 
1 7 15 17 30 40 41 53 63 84 
21 23 27 33 34 63 91 
24 26 56 60 62 81 
44 50 53 59 68 88 98 
26 39 40 41 46 56 63 65 66 67 81 94 
12 22 24 42 49 58 61 68 71 72 78 80 90 
4 6 13 23 41 73 74 79 91 94 
3 15 56 57 84 87 99 
3 11 18 22 23 87 
15 25 29 31 77 85 87 96 
10 12 17 50 69 71 84 86 87 98 
39 43 44 46 48 51 54 62 66 77 78 89 90 92 
0 6 8 20 31 33 40 54 74 86 
11 12 20 26 47 52 56 59 84 96 
30 41 52 63 66 70 73 76 89 
20 22 28 29 44 51 67 71 78 
10 14 16 17 18 26 28 31 42 45 65 71 73 82 87 94 96 
10 17 24 44 45 47 56 62 86 
9 22 28 46 47 48 49 54 57 86 98 
41 54 66 82 90 91 
47 55 85 86 97 
38 39 41 45 49 51 52 79 86 93 94 
3 19 20 23 31 39 43 49 56 92 95 
4 17 23 41 49 50 62 70 81 86 95 
3 23 27 33 86 94 97 
3 4 36 42 59 62 65 73 93 
2 20 37 58 62 74 83 91 
5 30 31 34 35 39 54 57 63 70 73 
0 4 21 32 33 36 62 83 93 98 
6 11 15 18 20 27 37 38 43 46 54 72 76 87 
24 31 32 40 60 61 69 86 97 
2 7 26 61 62 69 76 
16 21 47 60 72 88 
18 25 28 29 30 37 44 52 88 92 93 99 
8 25 32 46 68 76 92 94 99 
0 10 21 23 25 28 67 79 80 84 
9 17 19 38 43 44 45 47 56 68 71 74 89 
1 3 14 16 19 20 24 28 32 33 35 39 50 52 64 67 77 
2 6 23 47 54 66 67 84 86 93 
4 5 10 26 32 35 39 53 60 64 65 71 75 94 
10 28 29 34 38 39 80 81 86 
26 27 32 36 59 79 82 97 98 
29 36 48 54 81 
21 23 34 49 74 77 
2 10 17 27 31 34 40 71 82 
0 65 70 73 87 92 
9 14 15 19 31 34 39 41 47 48 56 57 72 74 88 
26 41 42 58 61 63 80 85 87 93 
13 43 49 56 67 69 79 83 95 
3 5 10 14 24 39 47 48 53 55 61 64 66 69 70 86 88 89 92 
0 17 23 39 40 51 63 66 69 98 
7 21 29 33 35 40 43 44 50 56 84 97 
3 27 28 45 68 73 98 
6 15 19 24 50 56 58 68 71 72 92 
7 10 11 16 17 32 40 46 48 76 
12 17 44 48 50 58 60 65 67 
1 20 24 29 44 49 55 64 66 70 79 83 
4 5 7 13 16 18 19 42 61 78 81 
4 25 38 55 57 97 
15 25 36 43 56 63 67 82 95 
11 12 53 71 77 95 
5 11 12 26 28 42 51 56 97 
5 30 33 35 42 49 50 52 75 81 84 
28 31 37 45 47 60 61 71 77 85 92 
61 73 87 90 
1 2 5 17 21 30 63 64 83 99 
4 7 14 53 54 55 68 73 84 92 95 
7 16 39 48 57 58 64 77 
21 28 36 57 74 76 
18 20 27 46 54 55 90 98 
10 21 24 33 34 45 66 79 99 
6 26 32 45 47 53 54 64 88 91 
6 29 38 45 56 59 61 77 88 90 99 
6 21 27 32 80 86 90 94 
8 10 12 28 34 44 52 60 62 63 67 81 86 88 93 95 
49 53 63 64 74 78 82 87 94 98 
3 19 21 23 28 44 49 57 62 71 
19 20 26 32 37 38 39 44 46 48 58 62 69 93 99 
28 32 40 58 83 93 
11 30 37 52 53 56 67 93 
2 9 16 36 56 57 62 72 73 74 75 79 81 88 89 
5 13 20 29 35 38 39 54 60 61 76 82 83 
9 13 22 27 37 43 54 70 71 85 92 
