50
0 1 2 3 4 5 6 7 8 9 10 11 12 13 14 15 16 
1 2 3 4 6 8 9 10 11 12 13 15 16 
0 1 2 3 4 5 6 7 8 9 10 11 12 13 14 15 
0 1 2 4 6 9 10 11 13 15 16 
0 1 3 4 5 6 7 8 9 10 11 12 13 14 15 16 
1 2 3 4 5 6 8 9 10 11 12 13 14 15 16 
0 1 2 3 5 6 7 8 10 11 12 13 14 15 16 
0 2 3 7 8 9 10 11 12 13 14 15 16 
0 1 2 3 4 5 6 7 8 9 10 11 12 13 14 15 
0 1 2 3 5 7 8 9 10 11 12 13 14 16 
0 2 4 5 7 8 9 10 11 12 13 14 15 16 
0 1 2 3 4 5 6 7 8 10 11 12 13 14 15 16 
0 1 2 3 4 5 7 9 10 11 12 13 14 15 16 
0 1 2 3 4 5 6 7 8 10 11 12 13 14 15 16 
0 1 2 3 4 5 6 7 8 9 11 13 14 15 16 
0 1 3 4 5 6 8 9 10 11 12 13 14 15 16 
18 25 27 30 37 40 42 
20 23 24 25 27 28 29 33 35 38 40 41 42 45 46 47 49 
18 20 21 26 28 30 31 35 38 39 43 45 49 
17 18 20 23 24 25 26 27 32 33 34 36 38 39 41 44 47 48 
25 26 27 28 29 36 37 39 44 49 
17 18 23 24 27 28 31 33 37 39 41 44 45 46 49 
22 24 25 26 27 28 30 37 39 40 41 43 46 47 48 49 
17 20 24 26 27 30 39 40 41 43 44 45 47 48 49 
17 18 20 23 24 25 27 35 37 40 41 
18 21 22 23 24 29 32 34 38 39 40 42 43 48 
18 19 20 21 23 24 25 29 37 38 41 43 44 45 46 47 
17 20 22 24 26 28 33 34 35 38 39 41 45 46 47 49 
17 18 20 23 29 30 32 34 38 43 44 47 
19 22 27 31 32 33 34 36 41 45 48 
21 23 27 28 29 30 31 37 40 41 43 
17 21 23 26 33 34 35 44 
19 20 21 23 25 28 33 34 36 37 38 39 49 
17 18 22 24 30 33 39 40 41 42 43 47 48 
17 20 21 23 26 29 30 33 36 42 43 47 
20 24 25 28 29 32 33 39 43 49 
21 26 28 29 31 32 38 39 40 43 45 46 
17 19 22 27 31 36 37 39 40 44 45 47 49 
17 18 19 23 27 29 32 34 40 42 49 
19 21 28 32 34 35 36 37 43 48 
18 19 20 27 29 30 32 33 36 37 43 45 46 48 49 
21 23 27 29 30 31 32 35 37 39 45 46 49 
20 21 24 26 27 30 32 38 39 42 47 49 
25 26 27 28 30 31 34 35 36 39 43 45 48 
17 19 20 25 26 27 32 33 34 35 36 40 43 45 48 
19 20 25 26 28 30 31 34 35 40 41 42 44 45 48 49 
17 18 23 24 25 28 29 30 32 34 39 41 43 44 46 47 48 
17 18 20 23 26 28 29 30 33 37 39 41 43 44 45 48 
18 22 23 26 29 31 35 38 39 40 48 
19 22 26 28 29 31 33 37 38 47 49 
