27
0 0 1 0 1 1 0 0 1 1 1 0 1 0 1 1 0 0 1 0 0 1 1 0 0 0 0 
1 1 0 0 0 0 0 0 0 0 1 1 1 0 0 1 0 0 0 0 0 0 1 0 1 0 1 
1 0 1 1 1 1 1 0 0 1 0 0 1 0 1 1 1 1 0 0 1 1 0 1 1 1 1 
1 0 1 1 0 1 1 1 1 0 0 0 0 0 1 0 1 0 1 0 1 0 0 0 1 0 1 
1 1 1 1 1 1 1 1 0 1 1 0 0 1 1 0 0 1 1 1 0 0 0 1 0 0 0 
0 1 1 1 0 0 0 0 1 1 0 1 1 0 0 1 1 1 0 1 1 1 1 1 1 1 1 
1 0 1 0 0 0 0 0 1 1 0 1 0 0 1 0 0 0 0 1 1 0 0 0 1 1 0 
1 0 0 1 0 1 0 1 0 1 1 0 0 1 1 0 1 1 1 1 1 0 1 0 1 1 0 
0 0 0 1 1 1 1 0 1 1 0 0 0 1 0 0 1 1 1 1 0 1 0 1 0 0 1 
0 1 1 0 1 0 0 1 1 1 1 1 0 0 1 0 0 0 1 0 0 1 0 0 0 1 0 
0 0 1 0 1 1 1 1 0 1 0 0 1 0 0 1 1 1 0 0 0 1 1 0 0 0 0 
0 1 0 1 1 0 1 1 0 0 1 0 0 0 0 1 0 0 0 0 1 0 0 0 0 0 0 
1 0 0 1 1 1 1 0 0 1 0 1 0 1 1 1 0 1 0 1 1 0 0 0 1 1 1 
1 0 1 0 0 1 1 1 0 1 1 1 0 0 1 0 1 0 1 0 1 0 0 1 0 1 1 
1 1 0 1 0 0 1 1 0 0 0 0 1 0 1 0 1 1 1 0 1 1 0 1 0 0 1 
1 1 1 1 0 0 1 1 1 1 0 0 1 0 1 1 1 0 0 1 1 1 1 0 0 0 0 
1 0 0 0 0 0 0 1 1 0 1 1 0 1 1 0 1 0 0 1 0 1 0 0 1 1 1 
0 0 1 1 0 0 1 0 0 1 0 1 0 1 0 1 1 0 1 1 0 0 1 0 1 1 0 
0 1 1 1 1 1 0 0 0 0 0 0 0 1 1 1 0 1 0 0 0 0 0 0 1 0 1 
1 1 0 1 0 1 1 1 0 0 1 0 1 1 1 0 1 1 0 0 0 0 1 0 1 0 1 
0 1 0 1 0 1 0 1 1 0 1 0 1 0 1 1 0 0 0 1 0 1 1 0 1 1 0 
0 1 0 1 1 0 1 0 0 1 0 1 1 1 1 1 0 1 1 0 1 1 1 1 0 1 1 
1 0 1 1 0 1 1 1 0 0 1 0 0 1 1 0 1 1 0 0 1 1 0 1 0 0 0 
0 1 1 1 1 0 1 0 1 0 1 1 1 0 1 1 0 1 0 1 0 0 1 0 1 0 0 
1 1 0 1 0 0 0 1 0 0 0 0 1 1 1 0 0 0 0 0 1 0 1 0 1 1 0 
0 1 1 0 1 1 1 0 0 1 1 1 1 0 1 0 0 1 1 0 0 1 1 0 1 1 1 
0 0 0 1 0 1 0 1 0 1 0 1 1 0 1 1 0 1 0 1 0 1 1 0 0 0 0 
0 7 24 0 4 0 0 9 1 0 12 0 2 0 13 26 9 0 2 0 0 23 6 5 0 0 0 
0 0 20 0 0 0 0 0 0 0 0 24 3 0 15 25 11 0 9 1 18 0 0 0 8 0 15 
22 25 0 0 0 22 0 0 19 0 0 0 20 18 23 0 0 4 4 0 10 18 14 20 0 23 5 
0 0 15 0 0 0 22 11 0 0 0 0 0 23 0 11 0 0 0 0 13 9 0 21 0 0 0 
0 20 10 0 10 17 0 0 0 0 0 0 0 5 6 0 0 25 0 0 0 1 0 0 0 0 0 
15 1 14 27 17 11 18 6 0 14 0 5 0 25 20 0 0 0 23 0 0 14 0 1 0 22 0 
19 0 0 25 2 27 9 0 0 0 27 0 0 17 8 3 27 0 0 14 0 23 0 11 0 0 0 
0 0 15 18 3 0 0 0 11 27 2 26 14 9 9 0 23 25 1 0 15 4 25 13 18 3 15 
0 0 16 0 16 21 0 6 4 0 0 22 0 16 0 25 3 8 18 12 0 12 0 0 23 21 2 
25 18 18 9 0 0 0 19 11 27 0 0 0 3 0 0 3 27 0 8 0 0 0 19 13 6 15 
18 0 26 0 0 0 0 0 13 0 0 4 12 0 0 0 11 14 0 0 0 25 0 0 14 0 23 
2 19 20 14 0 17 0 17 0 17 0 15 12 15 0 3 0 18 0 0 0 0 1 24 18 3 0 
23 9 0 7 0 17 1 21 23 18 17 0 0 0 23 14 0 15 0 0 0 23 0 0 3 0 20 
2 26 0 21 24 0 0 26 13 0 26 10 0 26 20 20 19 5 0 0 0 0 0 23 0 6 0 
2 0 0 0 8 15 11 24 7 0 0 16 11 0 0 0 0 3 15 0 0 4 6 27 0 0 0 
0 0 0 10 0 0 27 16 4 0 0 15 8 13 11 21 0 12 12 20 0 22 25 20 25 0 0 
25 0 0 0 22 1 5 13 0 11 0 27 16 0 19 21 1 0 17 9 0 0 10 0 27 9 0 
0 0 27 0 21 0 0 0 8 0 0 0 0 22 2 17 0 19 0 0 27 0 8 3 13 0 23 
10 21 21 0 0 0 0 3 7 8 0 27 10 26 0 0 19 7 14 0 0 0 0 20 0 0 8 
0 0 19 27 0 0 25 17 0 0 0 0 0 0 25 0 12 0 19 3 0 0 15 0 9 4 17 
0 0 0 0 16 7 0 0 8 4 0 22 0 0 0 5 0 9 0 0 22 0 1 27 23 0 2 
26 25 20 6 25 0 9 12 0 0 0 9 5 10 2 0 0 0 17 0 0 0 0 5 4 14 24 
26 0 0 0 2 0 13 1 0 0 0 22 0 10 0 0 0 12 0 0 5 0 12 14 17 3 0 
27 0 0 18 0 0 18 11 0 0 14 25 0 0 12 0 0 24 0 17 8 0 0 23 0 0 0 
0 0 0 0 0 27 9 9 15 26 3 4 12 0 15 27 0 0 4 5 0 0 0 0 0 15 22 
9 17 0 17 13 0 0 0 16 24 25 0 0 24 0 1 23 0 22 0 24 9 0 0 0 26 0 
0 0 26 2 0 11 23 18 0 18 15 20 0 15 0 4 0 0 21 0 0 0 27 0 0 21 7 
