90
18 7 7 3 4 9 6 21 4 16 15 5 13 14 21 3 7 20 18 15 11 14 10 14 7 16 10 18 18 18 3 21 13 5 13 9 15 8 14 19 7 17 18 10 11 9 8 3 17 4 18 8 11 14 20 20 17 14 6 4 21 19 21 19 11 17 21 8 18 11 3 20 21 11 12 12 4 9 11 14 19 5 21 18 12 3 6 6 4 6
4 6 12 8 12 11 20 8 18 18 16 7 4 21 16 15 18 20 8 20 21 6 9 7 17 8 17 14 5 10 21 4 3 13 17 8 3 6 17 17 3 3 13 10 18 8 17 17 17 11 19 10 18 19 18 17 4 18 11 4 18 10 14 18 9 10 16 11 6 10 20 3 12 18 14 19 10 17 15 8 17 10 9 14 18 4 13 14 15 14
14 15 4 8 21 5 5 15 12 13 13 3 21 9 21 18 15 5 19 20 19 11 4 17 12 11 18 12 10 8 17 16 6 16 5 15 19 16 21 5 17 7 8 3 15 18 13 5 11 16 14 19 19 8 9 18 18 15 19 19 11 9 4 17 8 21 8 11 9 15 18 18 11 7 11 7 12 20 6 11 14 11 8 10 20 4 11 10 3 19
4 4 19 20 8 11 17 13 16 8 14 19 15 6 7 15 6 12 10 17 9 16 16 11 9 19 13 7 6 6 21 11 16 8 15 6 5 6 4 13 21 10 13 16 10 12 12 5 19 16 5 17 3 9 21 9 9 11 12 7 17 19 7 14 3 8 17 12 14 19 7 12 9 17 4 20 6 21 14 4 5 21 12 18 6 9 11 4 8 12
4 9 19 10 14 11 14 13 4 14 15 20 6 18 15 4 11 17 11 14 4 19 6 9 18 18 9 21 8 19 11 13 7 3 16 20 16 18 8 16 15 7 17 12 13 19 12 16 15 13 9 19 10 3 17 9 3 10 21 19 17 6 9 11 9 14 16 7 7 10 9 21 6 10 15 20 8 13 4 7 3 8 11 18 20 15 21 10 15 4
6 16 11 13 9 7 14 4 13 10 15 16 3 10 3 19 16 19 10 6 15 11 12 10 14 5 6 17 21 5 16 10 6 20 21 12 21 13 20 17 14 21 9 15 21 11 18 20 12 11 6 16 3 12 17 3 11 21 18 8 7 6 5 5 14 14 20 19 18 18 13 17 13 11 13 17 15 10 16 21 4 21 5 9 12 9 6 8 18 16
9 8 15 20 6 17 7 21 8 8 7 7 19 20 10 6 18 5 19 3 6 5 21 16 10 7 3 21 16 14 3 17 13 20 16 13 7 3 19 11 17 3 6 9 9 12 9 10 5 3 14 6 16 9 8 19 19 12 5 7 15 3 9 3 12 8 3 19 20 17 4 12 7 17 3 18 4 13 4 14 21 14 15 11 17 10 18 4 3 17
16 14 13 9 15 13 13 13 13 18 9 20 4 20 12 20 12 4 3 8 14 13 12 7 17 13 13 20 14 10 5 4 20 16 16 15 16 6 12 17 21 3 4 20 13 18 18 18 19 14 18 3 7 20 10 3 11 19 15 8 19 12 5 9 16 14 15 10 13 20 14 4 8 10 10 6 12 12 9 10 13 9 11 5 17 17 8 18 8 18
20 9 3 16 13 3 8 9 10 10 9 7 9 18 15 17 3 15 3 10 4 19 8 21 3 5 12 14 21 8 12 6 11 18 18 7 5 13 11 4 8 21 17 18 11 4 19 16 19 20 10 8 3 3 17 16 8 14 9 20 17 6 10 5 7 5 10 14 4 19 7 13 18 21 12 20 13 16 3 11 10 14 7 12 4 10 12 7 18 8
16 16 12 17 17 5 10 9 20 8 13 21 13 6 18 15 6 10 11 20 12 12 13 10 20 9 5 18 12 10 5 15 19 14 18 17 17 13 11 17 15 4 17 20 11 18 10 18 8 19 3 13 10 4 5 4 11 4 4 4 13 9 11 18 11 5 6 3 21 11 3 12 5 14 12 19 3 21 7 21 15 9 7 21 17 11 16 21 17 16
7 4 18 10 6 9 20 12 4 21 13 14 20 4 21 9 16 6 6 21 3 10 15 4 15 5 18 11 20 3 5 9 14 21 11 13 7 7 19 6 4 12 21 17 13 13 21 12 3 21 14 21 19 19 14 7 3 5 16 18 3 21 5 13 20 4 8 14 12 7 21 7 12 21 4 9 13 8 20 3 3 6 3 10 10 8 18 19 17 9
19 4 10 17 9 13 20 18 15 17 6 13 7 8 3 13 18 15 15 5 14 7 20 14 10 12 6 18 4 16 20 20 12 17 12 21 3 17 15 21 14 9 5 4 13 11 19 13 4 16 12 18 21 17 20 14 9 6 17 5 13 9 4 13 9 7 11 13 15 6 13 5 11 11 8 17 3 10 18 15 21 19 9 9 14 11 21 3 21 13
5 7 10 13 3 15 14 7 3 14 11 18 17 8 20 13 14 4 10 19 21 8 14 11 10 7 9 12 11 16 14 20 7 14 4 5 21 17 18 10 9 19 16 21 13 20 15 15 21 21 13 5 8 20 21 21 7 5 9 8 6 7 10 10 19 8 11 16 20 17 18 15 17 9 20 19 7 18 6 6 3 21 8 10 7 3 15 9 14 15
4 5 20 9 5 3 9 5 16 20 11 17 7 14 7 21 7 15 4 18 7 9 13 19 3 9 14 3 5 12 20 18 19 8 21 10 13 19 12 8 21 4 13 3 15 4 8 6 8 18 19 13 3 3 15 15 20 3 3 4 10 16 10 11 10 12 6 5 4 14 13 10 9 20 4 13 9 7 11 7 21 20 6 15 6 21 9 5 16 19
3 17 20 14 13 14 9 11 14 10 5 6 7 10 7 14 12 9 9 16 13 11 9 17 17 7 3 17 11 8 9 6 8 17 21 10 16 12 10 19 11 12 21 5 7 14 17 9 16 14 15 11 4 14 15 6 12 5 16 17 5 12 4 7 15 3 14 10 12 6 7 13 14 18 9 10 13 19 11 7 17 18 6 11 20 11 8 10 14 9
5 18 6 19 3 9 5 10 15 11 10 5 20 12 13 7 4 5 4 14 16 5 5 5 3 12 17 3 19 19 18 4 7 20 15 9 5 3 21 12 21 10 18 20 10 20 17 19 9 19 9 16 5 18 5 6 15 8 17 20 13 6 20 13 13 18 16 15 11 12 6 20 7 15 16 21 9 4 17 8 15 5 3 20 5 5 9 14 9 17
16 7 5 3 19 21 16 16 12 6 14 5 20 20 12 6 17 13 12 20 16 6 14 9 19 3 17 4 9 17 4 18 19 6 19 18 6 19 6 19 15 6 14 14 4 3 11 9 12 13 3 8 6 11 21 21 5 5 13 17 9 10 20 19 20 16 5 14 11 20 12 11 14 17 14 7 21 10 16 20 9 9 15 11 7 15 17 6 20 5
7 9 20 4 16 5 8 15 19 16 8 9 21 7 3 19 15 6 5 21 20 16 8 12 21 19 19 16 16 9 8 18 7 6 21 21 13 12 11 13 12 10 15 5 4 11 19 5 20 15 14 6 13 10 20 7 18 12 18 19 17 5 3 11 14 15 11 7 12 18 7 14 3 8 10 21 19 5 18 11 10 15 11 14 4 17 21 6 6 19
10 6 21 17 20 15 13 8 14 16 4 18 16 19 10 5 16 7 16 12 5 15 12 7 11 6 8 14 17 8 13 20 13 6 9 8 9 11 5 6 15 14 11 10 19 5 17 17 11 4 14 7 19 21 4 8 17 6 16 4 19 17 12 14 18 13 6 7 20 3 6 10 14 10 3 10 5 16 14 16 13 11 12 3 16 11 15 12 3 13
21 19 15 15 15 8 15 4 11 15 4 15 5 15 4 20 10 15 17 8 9 13 5 9 21 10 8 21 13 3 11 5 17 6 21 10 5 11 8 16 16 4 7 19 20 15 15 12 17 16 6 5 19 9 19 13 20 20 17 17 14 16 13 6 20 16 21 21 16 11 20 7 17 16 17 17 5 3 4 10 4 10 18 20 18 7 20 14 20 20
8 12 13 9 8 5 8 18 8 19 20 5 20 6 5 13 12 11 9 5 19 13 17 6 18 4 18 8 17 15 9 8 21 11 16 10 17 9 13 16 14 7 16 13 6 14 17 7 11 7 7 13 13 21 11 20 11 6 16 16 11 6 19 15 12 13 13 12 10 13 7 8 20 7 7 10 7 10 17 16 19 9 19 11 19 3 20 20 19 19
20 9 20 4 17 3 15 10 4 12 3 15 7 19 11 19 17 21 21 13 3 18 19 4 7 3 17 7 11 18 3 15 4 12 13 20 20 19 15 18 18 21 13 13 4 18 14 19 4 5 13 4 6 17 8 9 9 19 14 5 10 3 6 19 15 21 8 9 8 9 17 17 13 8 9 9 8 12 11 15 17 21 6 10 4 20 8 6 9 17
7 6 8 19 20 21 15 5 7 15 13 11 15 19 19 17 7 19 19 6 6 4 21 8 3 6 7 7 13 16 16 21 14 10 3 13 20 6 15 19 10 8 17 9 4 3 7 20 19 21 12 6 5 7 12 20 17 12 6 13 5 6 4 16 8 17 10 16 19 7 9 16 3 19 14 13 12 5 7 7 5 9 4 14 6 8 4 16 21 16
21 21 5 11 15 7 11 14 20 20 4 15 3 18 10 17 19 6 18 4 15 19 14 14 17 18 15 16 13 21 10 8 10 14 21 21 19 20 14 18 13 18 7 16 8 5 11 4 16 4 12 16 6 6 15 10 6 6 6 20 17 15 18 4 7 4 11 5 9 12 6 13 10 13 19 10 15 8 14 10 5 20 16 16 19 15 5 8 9 10
3 20 8 13 5 13 16 8 9 17 20 11 10 10 21 16 9 15 17 15 11 16 3 3 7 16 19 11 5 14 15 7 15 8 14 11 13 19 12 19 12 13 12 13 10 10 13 15 15 3 14 8 21 7 18 8 6 13 20 9 12 4 20 7 20 12 4 6 6 6 6 15 19 7 19 6 5 17 21 6 21 4 19 6 9 15 7 6 3 6
7 9 17 7 20 17 11 3 21 15 5 12 7 3 5 8 13 12 14 19 18 17 16 10 16 9 19 17 5 17 21 5 16 9 3 21 13 17 8 18 15 7 21 5 18 4 7 13 18 6 19 4 17 4 19 4 13 5 15 9 3 15 17 14 20 4 16 8 5 13 17 19 12 15 20 12 8 19 6 13 11 11 16 5 8 14 9 21 7 20
19 11 14 20 18 8 17 13 21 10 3 11 17 11 5 12 16 8 15 6 16 21 9 3 16 20 21 15 21 16 7 18 5 4 7 7 15 5 19 8 14 17 18 13 13 19 4 18 3 7 4 18 19 8 13 16 14 6 18 11 9 8 10 9 11 18 7 19 19 4 20 8 13 15 19 4 14 10 11 18 7 9 20 14 16 7 12 8 11 21
15 4 7 9 10 19 4 3 5 18 12 12 14 9 7 20 4 13 7 4 7 17 14 7 15 11 10 21 4 17 4 15 18 20 8 20 7 15 4 14 12 10 12 3 19 21 15 21 17 6 20 13 18 5 11 8 18 6 4 18 19 14 9 13 18 16 8 11 18 17 18 15 15 17 14 15 7 15 3 21 4 16 5 11 15 5 3 13 4 4
6 18 9 14 19 17 21 17 15 19 5 8 15 14 3 7 6 20 4 18 15 11 16 19 18 5 20 6 21 14 6 18 18 19 13 13 21 13 11 16 19 16 8 4 14 3 8 16 5 16 10 8 16 5 15 9 15 14 4 18 10 13 18 21 21 11 11 5 19 18 4 18 19 19 19 17 3 5 13 3 4 15 8 12 17 9 12 19 11 13
11 17 6 6 10 7 8 18 21 20 13 18 5 12 12 8 12 15 6 11 10 3 7 10 11 17 12 20 10 14 20 4 3 9 9 19 13 14 21 3 19 7 15 16 21 17 19 13 13 13 6 16 21 5 4 11 5 11 20 20 13 18 15 3 18 16 5 19 4 14 16 10 9 17 20 17 3 21 5 18 16 5 11 14 15 6 3 21 19 5
8 17 18 17 13 17 20 11 10 4 4 11 7 13 3 15 15 15 19 11 12 5 19 19 17 9 6 20 3 4 9 18 3 7 16 12 3 21 20 10 15 14 4 21 17 17 5 20 21 12 13 14 18 19 19 6 8 13 3 11 18 21 18 9 21 11 9 13 14 6 11 10 19 17 3 21 17 8 16 13 8 3 10 20 11 9 6 12 19 14
17 21 10 16 20 7 5 10 12 17 6 12 4 18 5 21 21 8 8 21 3 6 10 21 12 20 16 15 13 7 19 11 11 20 13 6 12 4 17 7 17 10 20 19 18 5 9 6 7 19 19 9 13 12 16 8 17 5 10 20 16 3 19 9 15 11 17 20 4 13 9 19 10 5 9 9 21 3 10 16 17 9 12 18 8 16 11 20 7 18
8 4 20 7 6 12 20 21 16 10 3 7 20 3 18 16 12 8 18 15 8 10 11 3 10 3 9 11 17 11 3 13 17 9 7 11 19 9 11 11 11 4 4 9 21 18 13 15 7 13 17 18 9 6 8 5 13 14 20 12 14 10 15 3 17 14 21 17 7 15 11 14 17 5 16 20 4 14 3 10 20 11 6 4 20 13 19 18 21 3
7 5 19 6 6 19 8 21 20 16 14 16 9 4 3 19 19 10 5 11 3 20 8 12 5 10 4 21 3 21 21 8 9 14 17 4 5 4 8 19 10 10 11 10 17 10 9 17 9 3 5 6 21 12 19 19 9 11 12 15 12 7 9 9 15 5 15 17 4 15 13 5 18 5 13 12 5 12 5 5 15 8 14 6 17 13 13 3 5 20
15 16 9 6 12 14 14 13 9 6 11 4 5 21 4 8 15 19 15 8 19 18 17 19 7 16 8 21 17 16 20 11 19 11 5 19 14 21 18 4 9 9 14 3 11 6 4 11 7 3 21 13 19 18 20 16 7 17 11 5 17 16 19 4 17 3 10 7 14 8 4 11 17 17 17 9 19 18 4 16 7 6 5 8 19 3 15 13 8 13
12 9 5 16 20 6 18 21 8 11 21 12 20 6 15 9 9 10 17 18 6 5 21 9 19 12 4 5 16 14 15 7 5 4 11 7 5 7 12 6 11 4 21 15 19 5 8 14 16 13 13 5 21 20 21 10 6 20 6 7 12 21 8 11 3 21 11 15 20 12 7 19 12 13 11 7 19 16 11 4 13 8 7 8 9 18 13 16 6 17
9 15 5 13 15 15 13 5 9 15 11 21 6 13 5 4 19 6 8 7 17 4 20 5 5 14 3 7 16 11 13 10 19 9 17 14 13 21 18 9 19 17 8 15 21 8 10 10 9 8 10 20 7 20 18 18 11 21 13 4 6 8 13 9 3 12 5 15 5 5 11 10 11 9 13 17 18 12 19 6 15 16 15 19 5 17 4 13 9 8
4 12 16 7 18 11 10 16 3 10 16 13 8 6 5 3 16 15 20 3 4 3 14 9 11 14 3 8 8 8 11 18 7 12 14 15 20 16 15 8 8 17 21 10 17 15 6 5 15 14 7 15 7 9 7 10 20 12 16 6 13 15 3 7 12 17 8 19 7 14 13 12 6 14 19 4 7 13 16 21 17 12 7 6 17 16 3 10 12 10
19 17 16 5 10 4 10 3 4 5 7 8 12 20 16 16 20 7 3 18 5 7 7 19 7 20 7 5 13 9 20 11 11 10 12 9 4 11 9 6 4 14 11 19 21 14 14 17 20 20 20 10 21 16 17 13 13 5 14 4 17 3 15 18 21 21 18 16 20 15 19 9 11 10 15 5 7 9 6 7 4 17 4 18 13 19 8 7 15 12
6 3 7 9 14 11 11 3 20 20 18 12 8 12 15 5 9 18 4 12 18 21 15 21 11 10 8 5 7 11 4 7 4 6 17 15 21 10 21 6 13 7 19 11 3 13 21 15 13 20 3 8 10 21 13 12 21 7 16 6 21 21 17 5 4 14 11 7 4 10 15 7 7 11 14 13 18 21 17 17 3 11 7 15 17 18 21 13 9 14
4 7 19 15 14 12 20 17 17 11 10 19 7 15 5 21 21 18 8 12 8 9 17 10 9 13 11 10 19 15 18 6 4 13 9 10 9 15 3 19 15 4 21 18 3 10 13 7 17 9 12 12 6 14 15 7 19 8 4 19 19 18 5 5 10 6 10 9 9 21 5 6 8 15 11 9 14 5 14 11 5 10 9 21 14 16 18 13 18 21
7 20 9 18 5 15 21 7 3 5 16 5 14 14 12 20 3 5 18 21 9 4 5 16 17 3 16 17 7 14 11 5 4 21 4 7 5 5 3 21 21 8 10 4 11 7 3 21 19 16 6 5 20 12 13 8 4 21 11 10 3 13 14 9 12 14 7 5 14 4 18 17 14 15 19 16 4 11 16 4 19 10 10 9 21 7 4 17 3 19
18 21 14 18 8 3 4 4 18 15 7 16 6 3 9 12 16 10 12 11 16 9 12 12 16 20 15 8 12 5 5 18 17 16 4 14 14 4 4 16 8 11 16 14 11 12 10 20 19 20 4 18 7 21 3 17 14 8 11 16 7 8 10 5 11 16 20 13 10 10 17 6 5 6 13 7 9 13 11 20 13 13 12 5 4 9 4 16 8 21
5 6 4 17 21 15 17 6 8 14 18 8 19 10 16 10 14 6 16 20 16 4 12 12 6 19 7 15 15 16 15 16 6 8 18 20 17 17 3 4 4 8 19 5 18 6 6 13 21 21 15 16 3 18 15 8 19 15 18 5 8 8 5 3 9 17 21 16 18 10 9 17 16 20 18 4 6 20 10 14 16 14 15 12 10 9 5 3 11 15
20 17 15 6 8 11 11 9 3 15 8 4 4 5 17 18 9 18 21 4 17 20 21 20 17 7 21 17 18 15 15 4 5 6 10 5 17 13 15 14 3 13 20 10 14 3 13 10 6 15 6 19 17 21 15 15 16 4 4 10 14 14 14 3 18 9 6 21 19 10 21 11 10 14 6 20 14 5 15 13 18 11 18 8 9 18 18 11 13 13
3 13 17 13 6 6 8 14 18 21 19 3 8 9 3 18 4 13 19 19 14 11 11 13 12 16 10 14 3 8 4 19 18 6 16 19 10 16 6 8 12 15 18 5 14 7 18 13 14 19 9 21 12 19 14 15 7 10 10 16 15 14 20 12 5 4 5 21 16 13 12 20 5 14 15 3 11 3 4 11 13 13 20 11 9 19 4 10 13 14
5 10 13 15 13 6 14 4 20 10 12 19 20 17 8 5 19 20 10 17 15 20 13 6 16 5 6 16 21 17 6 3 17 10 20 4 21 20 10 12 7 17 20 12 6 15 4 3 13 17 21 21 11 6 13 14 20 4 10 3 10 3 12 5 19 10 14 16 16 16 20 3 9 16 6 4 6 8 20 16 3 11 4 5 13 4 6 19 7 14
10 14 4 11 15 13 4 5 13 19 5 9 3 17 11 14 4 6 20 7 17 12 4 21 18 9 19 6 3 6 3 11 14 9 17 17 4 13 12 17 7 4 6 20 4 17 5 7 7 9 20 11 10 17 20 11 15 4 16 14 13 8 20 13 18 12 18 15 7 3 3 8 3 17 5 4 7 19 7 12 17 14 3 6 8 13 6 3 20 16
11 9 21 4 12 12 21 12 7 17 17 7 6 7 6 8 13 4 20 9 14 21 19 20 17 17 3 3 3 17 12 4 18 16 12 14 21 20 17 17 17 13 20 14 7 19 11 16 20 17 20 4 21 12 4 15 10 10 15 9 15 8 3 9 5 9 4 7 9 11 15 8 4 5 4 3 10 6 20 21 17 8 6 5 10 21 7 4 13 15
5 14 7 11 12 21 12 18 11 19 17 8 4 21 5 15 3 7 20 6 14 14 14 11 4 18 8 4 17 7 21 17 6 6 20 4 21 8 20 21 20 11 16 3 12 17 5 14 9 18 14 11 9 15 15 17 20 11 19 12 11 5 14 3 19 11 3 7 15 15 8 3 4 6 12 4 17 19 7 13 16 8 11 3 18 12 12 8 16 21
21 6 15 20 15 14 12 16 8 7 15 15 15 19 18 7 15 6 17 20 5 8 4 7 3 5 18 5 5 15 17 12 17 7 8 5 21 13 21 19 5 8 7 12 14 13 18 16 20 18 12 3 20 12 13 7 19 17 15 13 11 11 10 19 16 10 17 8 12 3 17 9 15 12 8 3 17 18 3 5 12 10 4 7 7 17 19 18 18 7
15 6 21 12 12 17 4 11 16 6 4 12 14 5 18 5 14 20 13 6 16 8 8 4 5 17 11 19 19 13 4 3 9 18 8 18 14 6 5 3 12 5 7 16 20 7 17 15 8 15 19 3 12 7 14 12 19 8 3 7 4 7 20 12 20 5 4 12 18 11 11 15 10 19 18 14 18 12 9 5 9 14 19 19 7 15 8 5 17 20
15 21 21 4 16 17 11 16 16 9 8 19 15 13 3 18 17 15 5 5 3 5 18 20 21 11 7 14 15 21 13 13 9 14 8 9 17 6 10 18 10 19 10 15 17 10 21 12 16 3 8 14 14 12 21 6 12 21 8 15 10 8 15 9 19 20 14 6 19 11 18 4 16 15 6 8 4 4 10 18 17 7 19 4 15 21 14 14 6 17
10 20 12 15 19 3 21 10 4 12 4 21 5 11 3 20 20 7 15 14 4 10 18 3 15 19 16 21 8 10 5 7 4 20 17 8 4 21 13 11 6 4 6 10 21 19 12 14 9 20 14 3 12 18 3 10 21 3 4 14 6 14 19 6 4 10 6 5 20 17 13 8 4 19 5 6 16 4 3 8 19 19 13 16 17 19 11 21 20 13
19 9 21 12 11 6 3 6 7 6 13 12 10 16 4 21 12 15 12 4 7 11 6 5 3 9 18 15 19 4 19 13 19 13 21 13 7 6 9 17 3 10 7 14 8 11 13 17 11 12 17 21 20 5 6 10 13 7 16 9 6 16 9 13 10 9 11 16 18 21 19 3 13 20 4 19 5 7 12 11 20 3 8 20 7 19 17 17 13 20
4 20 17 20 11 12 21 18 9 17 17 12 6 17 19 5 19 19 6 15 4 8 16 18 21 4 15 16 3 16 7 5 5 16 6 15 7 11 10 17 6 18 18 11 4 10 15 10 15 19 8 16 15 4 10 18 11 10 19 20 19 10 3 6 9 8 8 5 17 7 8 10 12 11 19 14 19 9 7 12 11 21 18 9 11 4 9 18 12 11
3 14 16 10 4 20 14 12 14 20 11 7 7 14 17 6 14 10 16 12 8 20 19 18 21 21 6 4 14 7 9 9 4 10 12 14 6 20 11 12 9 6 4 20 10 9 18 13 17 21 14 9 13 6 17 5 15 13 9 7 16 5 20 14 14 20 15 19 19 4 16 11 10 16 18 3 16 20 6 21 20 16 6 9 5 19 16 3 14 10
3 6 8 12 17 13 13 20 4 8 12 9 16 17 17 17 11 15 15 21 9 3 14 20 4 12 9 18 20 10 8 15 4 20 18 10 18 12 11 3 7 19 4 8 18 4 8 11 18 14 15 18 20 5 20 12 8 3 16 19 18 21 15 9 11 7 10 16 7 3 21 13 3 6 11 20 13 19 20 7 17 19 7 19 15 6 9 6 3 13
13 6 18 10 12 19 19 7 6 18 13 15 20 6 6 16 10 21 3 7 21 17 20 12 17 4 6 10 10 17 13 7 18 21 21 19 16 7 20 4 9 18 19 18 9 20 10 6 10 20 5 16 14 10 20 21 4 6 10 14 19 5 8 16 11 15 10 4 3 12 17 10 3 13 18 12 13 11 6 11 9 19 7 3 10 14 7 4 19 18
15 3 6 11 18 18 21 3 16 5 5 16 9 19 9 5 21 9 18 20 19 21 12 10 11 8 8 12 18 11 7 10 14 15 11 10 4 4 16 8 11 5 20 17 4 8 13 16 18 18 4 18 19 5 15 8 8 17 5 3 16 6 6 5 9 18 6 19 15 7 11 9 7 3 9 8 13 13 14 3 5 9 18 3 3 12 3 11 17 13
18 21 17 18 9 12 15 21 21 21 10 7 4 15 11 9 18 3 5 13 18 9 7 20 4 13 19 17 15 3 18 10 8 21 3 11 6 20 20 9 4 11 6 15 20 8 17 18 5 4 16 5 17 6 11 11 7 5 21 7 14 8 17 14 11 11 16 16 5 14 21 20 16 7 20 6 12 9 8 4 9 9 11 21 20 4 11 13 17 7
15 18 18 13 12 12 21 9 15 15 19 19 4 10 4 6 3 16 10 7 10 7 3 16 6 5 15 15 12 6 19 18 4 19 11 16 9 10 7 8 11 11 19 5 18 21 9 4 3 14 20 13 9 16 8 13 13 10 9 13 5 9 19 11 11 9 10 14 8 18 12 9 21 11 6 17 17 13 7 7 3 10 15 20 10 12 3 11 8 4
21 13 13 6 7 16 12 8 17 7 10 6 13 13 7 9 5 12 14 20 9 7 16 9 14 6 5 6 21 21 15 16 13 11 9 6 8 9 10 12 8 8 6 4 4 19 17 3 17 6 12 17 19 15 19 3 10 4 3 21 5 10 10 4 16 17 19 16 13 18 6 18 11 7 19 6 4 7 10 15 17 7 3 16 11 14 4 20 4 7
20 15 20 4 5 4 9 11 16 11 14 8 17 3 20 16 6 4 13 20 9 12 20 19 11 15 8 12 5 10 17 16 6 11 15 18 15 3 11 10 16 21 8 20 20 7 18 9 5 4 19 10 9 15 12 17 10 9 9 14 5 15 8 19 19 16 10 10 15 11 21 14 11 17 9 17 3 12 16 18 20 16 8 18 21 20 11 8 11 6
11 19 16 18 12 8 16 15 4 15 13 10 10 17 13 15 20 9 11 21 3 13 5 20 6 10 9 6 10 5 12 7 11 21 10 15 7 18 17 8 4 11 14 12 18 16 15 16 17 19 6 17 13 3 9 16 11 6 8 14 5 11 14 14 18 21 21 7 14 21 17 3 16 14 21 14 4 5 16 12 17 4 16 5 17 19 11 11 5 6
4 15 15 10 7 14 21 19 7 16 16 13 7 16 5 6 7 20 13 3 19 19 3 4 4 12 13 6 10 13 13 11 21 21 21 6 3 20 5 18 18 6 19 12 9 3 13 5 6 9 13 20 16 6 19 6 11 10 5 9 8 5 16 11 13 3 14 8 6 12 19 7 12 8 7 11 15 11 6 16 21 18 15 5 13 21 6 15 21 18
8 5 9 11 4 9 9 15 6 7 6 20 4 8 4 4 7 18 8 11 8 12 20 4 11 21 5 12 13 5 5 13 19 20 18 11 15 15 10 6 10 6 5 10 20 6 11 12 3 19 12 9 21 3 8 15 6 16 14 19 4 9 18 7 14 21 14 10 5 17 3 8 11 4 15 21 12 18 4 10 13 6 7 8 3 18 15 6 13 13
6 7 10 8 20 13 17 20 16 18 5 7 9 3 18 14 15 12 4 5 14 19 12 19 9 19 6 4 7 4 8 19 5 6 8 21 5 10 19 12 7 13 9 18 11 16 19 21 7 15 6 21 21 8 20 16 12 3 11 10 11 5 8 4 6 16 16 8 9 21 18 14 15 9 21 3 9 14 7 20 6 8 20 13 10 12 5 3 11 8
11 12 17 11 4 19 4 18 12 10 19 9 16 16 19 10 4 13 20 19 16 16 7 20 21 19 4 19 5 3 9 19 7 19 8 16 11 14 17 12 19 15 6 7 20 14 15 20 14 3 9 8 17 6 15 20 12 4 10 11 11 12 4 16 5 15 21 4 10 8 14 20 15 15 8 20 21 15 18 7 12 14 15 13 7 21 5 6 3 6
20 17 7 19 6 5 19 3 4 21 15 20 15 3 16 18 8 6 17 14 16 14 6 7 9 8 11 18 20 16 11 6 15 8 20 13 5 19 17 13 21 4 13 15 20 16 20 3 18 4 7 15 4 19 7 4 6 7 18 18 10 19 17 11 19 7 6 7 7 18 16 6 15 6 5 5 18 12 14 7 11 17 7 18 21 12 7 9 5 6
20 21 6 5 21 6 6 17 13 16 11 8 16 14 18 12 8 15 18 8 14 20 7 14 11 9 18 12 10 16 14 13 21 16 20 7 15 5 4 20 10 15 5 17 20 18 11 19 13 20 15 6 14 21 10 21 18 11 13 3 10 5 21 6 8 4 6 19 18 6 15 17 7 16 5 6 4 17 4 17 16 16 18 7 15 16 19 16 19 7
13 18 4 3 13 12 15 12 7 8 21 11 17 10 20 10 4 12 4 14 13 13 7 10 12 17 4 16 21 11 13 6 21 3 13 18 12 8 5 15 19 15 13 13 18 20 11 5 9 5 12 15 13 9 16 10 16 15 15 15 16 13 5 14 12 18 5 11 5 6 8 20 13 7 6 13 17 9 20 5 10 12 6 4 5 11 3 15 3 9
6 21 3 16 6 4 11 14 3 19 16 13 5 15 5 12 16 14 20 9 9 6 9 7 4 11 20 16 8 3 8 9 17 16 21 18 15 12 18 13 13 11 5 13 7 21 5 16 3 19 8 17 6 5 13 8 15 10 5 6 5 20 4 14 19 16 8 17 19 8 19 15 19 21 20 6 9 6 19 16 6 4 16 15 13 18 14 14 14 18
18 17 18 21 4 10 20 17 13 5 14 4 17 3 15 9 18 11 13 13 17 12 10 18 19 19 20 16 13 5 15 6 14 12 21 3 19 21 13 11 10 13 4 5 4 5 20 11 11 19 4 4 11 18 9 7 6 9 13 9 5 9 20 12 21 17 9 8 8 12 4 12 11 11 20 10 9 14 7 11 18 15 4 9 17 11 17 10 7 21
6 6 11 12 12 4 10 4 4 13 8 6 13 18 10 17 18 3 7 17 21 19 9 6 4 8 12 3 21 15 18 9 17 6 16 12 17 20 8 19 15 17 3 19 3 21 12 4 14 6 20 21 21 7 10 10 19 8 9 17 16 15 17 11 11 19 8 14 10 9 4 3 11 7 9 15 10 10 16 21 3 19 3 15 19 12 9 20 18 15
19 13 10 16 10 6 9 16 18 10 7 18 10 9 4 7 11 5 18 14 20 11 15 13 10 10 18 11 16 21 6 4 12 16 13 4 15 11 10 20 6 3 16 16 21 13 3 19 3 20 15 14 11 13 7 6 16 3 12 13 6 8 14 16 13 15 16 4 4 18 8 8 9 13 9 3 16 5 21 10 5 10 18 20 21 13 11 21 18 20
10 21 11 7 7 13 14 7 17 16 5 10 11 21 9 13 19 3 5 16 20 18 4 12 19 9 21 19 19 12 10 18 4 18 17 21 5 20 10 21 21 10 21 3 16 16 19 18 12 5 17 9 7 19 13 15 8 16 15 19 21 3 12 21 4 18 13 21 10 5 4 13 5 21 9 13 7 20 20 18 11 19 13 4 9 9 4 8 14 15
11 21 17 19 18 3 15 8 5 9 11 9 7 11 10 14 17 7 10 6 11 16 16 11 15 5 9 7 11 15 15 12 15 16 8 16 13 16 8 14 3 11 9 10 14 13 17 19 4 9 20 18 13 3 20 6 21 11 3 10 16 8 11 6 21 9 4 17 16 9 18 5 14 13 8 15 21 13 6 10 15 14 14 16 20 8 5 10 19 7
14 21 5 9 20 6 12 17 4 10 17 13 9 6 10 6 3 10 12 14 20 8 8 10 21 7 4 19 13 10 5 9 14 8 20 17 8 7 16 7 9 14 11 6 20 16 21 21 4 3 19 3 8 18 5 17 7 3 18 17 17 6 7 9 20 3 12 16 7 4 9 17 12 7 16 11 3 9 4 15 13 16 20 21 17 17 13 19 7 5
20 11 21 8 9 8 15 13 8 6 17 19 4 16 10 13 3 11 4 10 18 14 21 9 4 15 11 13 17 14 3 21 11 13 12 5 14 5 10 12 10 20 9 4 13 13 15 14 3 16 11 11 19 7 15 4 19 21 13 3 19 13 13 21 19 3 20 18 12 6 13 9 16 13 15 3 5 19 19 21 11 6 9 19 14 10 10 9 18 5
4 13 18 8 12 17 12 9 5 19 17 16 19 18 15 9 17 14 9 13 17 7 12 14 5 5 20 5 12 8 5 4 11 19 17 18 19 15 12 12 11 20 9 11 20 9 14 20 12 7 16 20 20 15 20 21 21 21 4 14 8 6 12 8 14 7 21 14 14 13 10 15 20 15 6 21 12 7 11 13 3 3 8 11 11 6 8 6 12 7
21 15 8 17 16 3 17 18 6 4 15 12 17 9 3 11 11 7 7 12 15 15 7 7 3 7 8 3 14 15 14 21 16 11 14 18 13 3 20 14 4 12 20 19 17 12 6 7 7 18 8 7 4 19 17 9 19 6 18 20 3 4 7 19 21 13 6 6 15 6 13 3 19 16 12 21 13 10 3 9 12 9 7 9 12 5 12 21 3 6
16 16 3 21 5 20 18 19 11 13 11 3 7 5 18 20 9 20 8 6 9 5 16 13 10 8 10 11 20 14 12 4 16 3 13 19 12 3 12 19 15 7 6 15 19 12 11 14 10 3 16 11 3 9 9 17 19 12 18 10 7 6 11 10 12 21 15 15 5 9 4 4 12 14 18 7 11 9 20 16 6 3 13 14 18 21 20 19 7 3
16 10 15 3 3 4 5 12 9 8 21 14 19 18 12 14 20 8 21 11 15 17 10 8 4 9 9 12 4 6 17 11 21 6 3 9 4 17 13 4 16 6 19 12 13 8 13 19 4 19 10 7 20 16 14 8 19 17 12 5 20 13 12 11 20 14 9 9 21 11 3 7 5 16 18 10 15 6 7 9 20 10 20 14 20 18 15 12 16 5
11 18 6 7 5 9 20 6 21 4 8 21 9 4 9 10 13 16 4 11 6 10 17 15 5 3 21 10 16 12 6 4 6 5 4 20 15 21 14 19 4 6 12 10 5 15 5 10 4 19 4 17 21 5 21 13 6 15 8 11 15 18 17 3 3 10 3 12 21 19 12 13 12 9 8 12 6 20 15 11 15 7 18 15 14 4 8 17 13 15
18 14 21 3 16 16 11 8 6 20 18 15 19 12 18 17 17 5 21 12 3 3 16 19 20 18 12 5 3 13 8 21 13 12 4 18 4 15 21 9 12 6 11 19 6 6 7 19 7 13 13 15 5 18 14 20 3 19 17 19 21 4 7 5 6 8 13 8 5 6 14 4 19 4 14 13 5 20 6 8 4 5 15 15 14 18 7 3 10 3
7 7 17 5 11 7 16 11 21 14 21 20 3 8 9 11 19 5 20 8 17 12 19 4 10 13 21 12 4 13 8 9 11 13 20 5 4 4 6 19 10 3 15 5 5 21 10 11 9 5 14 16 7 16 3 14 20 13 6 13 20 13 15 21 7 13 20 3 18 6 10 8 13 16 13 16 6 20 21 8 16 3 9 15 17 18 21 17 15 18
14 3 20 7 21 10 16 6 13 7 13 9 5 21 11 5 13 20 19 12 20 9 21 10 10 17 11 7 16 5 7 16 16 18 5 14 20 18 18 17 4 21 19 17 18 11 21 8 15 13 18 5 19 13 21 5 5 17 10 11 7 20 21 18 13 5 15 7 16 17 16 14 12 15 11 15 14 18 6 18 17 17 7 7 4 8 15 20 9 12
20 14 10 7 4 12 7 11 13 14 11 21 11 12 17 7 13 20 13 14 4 12 9 12 10 5 11 20 8 11 17 14 10 14 19 19 15 12 8 14 19 4 7 5 6 9 15 20 8 11 5 10 11 16 5 8 3 21 15 10 18 20 19 7 8 18 4 18 5 4 4 17 3 10 21 12 18 13 20 9 4 9 14 8 8 13 18 10 7 11
16 21 20 17 8 8 14 20 4 17 9 14 19 9 5 18 16 15 20 9 4 21 19 4 10 14 8 12 16 7 21 8 12 7 4 14 12 15 16 21 15 6 19 12 6 21 19 11 3 8 12 18 8 8 13 16 10 12 19 7 17 17 10 20 17 3 12 15 16 9 19 7 6 3 18 8 9 14 9 4 16 19 21 17 9 21 14 7 17 11
