40
15 14 15 8 8 12 14 5 8 11 16 19 8 14 19 18 21 19 16 3 16 3 13 4 20 21 6 4 7 3 17 13 5 12 3 8 5 21 15 16
12 6 6 6 20 4 10 13 19 9 10 10 3 11 18 17 9 20 5 4 20 19 20 15 11 10 17 20 17 14 16 6 8 7 7 18 6 16 19 12
6 17 15 11 11 13 20 19 7 10 14 10 16 13 3 12 15 16 16 4 15 9 8 20 9 17 9 6 7 13 12 18 18 18 9 6 14 4 9 9
14 7 13 19 7 18 4 14 7 15 8 8 21 17 8 20 12 21 21 8 4 6 6 4 3 21 9 10 18 6 14 12 4 13 16 13 13 8 15 20
17 21 14 16 18 5 19 3 11 10 19 18 8 14 17 14 21 6 9 7 10 10 13 12 15 17 7 9 15 18 11 18 4 16 9 11 14 12 18 4
11 4 13 14 10 4 19 6 5 12 5 12 18 15 21 5 15 18 4 9 5 9 21 19 4 13 17 5 4 17 3 19 20 20 10 11 6 8 18 4
9 9 9 17 17 3 14 13 17 15 20 16 14 10 18 15 9 9 4 9 14 8 5 18 20 19 3 16 8 21 11 4 6 6 7 4 19 14 6 6
5 4 18 3 14 12 21 8 17 18 7 13 4 11 20 19 5 14 17 20 20 14 12 6 15 15 19 20 4 18 17 15 17 11 6 13 16 12 9 14
13 12 18 7 4 9 3 17 7 18 17 14 19 16 10 13 19 13 12 3 20 8 9 21 16 21 7 13 11 19 20 7 19 18 12 19 7 21 5 4
8 10 9 7 8 17 4 9 4 8 10 6 7 16 19 3 8 5 15 14 14 18 20 17 20 17 3 8 6 4 21 17 10 14 11 16 18 17 6 7
21 12 20 12 19 13 11 13 10 10 16 9 12 4 7 12 5 18 3 9 8 16 5 9 16 15 13 20 4 4 15 4 8 4 8 17 12 19 5 10
16 17 15 5 8 3 5 16 15 13 12 12 21 17 7 5 9 6 17 20 17 5 13 16 21 16 16 14 20 4 16 6 16 8 13 14 10 13 19 6
19 6 8 13 13 18 7 10 11 13 20 10 17 14 19 4 19 13 15 3 14 21 4 14 4 10 14 16 20 15 13 10 17 16 20 15 20 19 16 21
15 11 10 7 9 14 3 12 17 12 14 11 4 15 7 11 8 11 16 9 7 16 18 13 14 10 8 12 15 4 11 7 4 19 10 13 14 8 4 3
7 19 8 21 16 16 7 19 13 15 3 6 18 10 19 5 10 4 8 9 8 5 9 9 18 10 14 12 17 19 16 3 20 16 12 15 9 10 18 14
5 16 4 6 5 21 11 6 4 6 21 18 5 8 14 8 20 10 18 17 6 5 11 3 20 7 17 4 6 21 13 6 21 12 15 9 7 20 12 14
14 19 17 7 3 11 20 13 3 3 19 5 20 6 21 21 15 5 21 18 12 10 15 5 19 4 6 8 19 3 4 10 16 14 20 14 21 20 8 16
3 19 11 5 17 16 3 3 21 10 11 6 11 11 3 5 14 15 17 21 15 12 13 7 10 13 8 15 15 15 19 20 15 14 3 9 10 5 13 11
12 13 19 5 9 10 4 19 11 7 14 10 17 15 14 10 19 17 3 9 4 19 5 16 20 20 20 3 20 4 13 10 10 4 13 4 17 15 17 19
4 8 7 12 6 6 17 15 4 9 13 17 14 6 21 14 20 19 3 10 10 17 15 17 12 10 12 8 11 3 18 11 10 20 12 18 10 10 20 11
21 21 16 11 10 10 13 4 14 4 11 18 5 19 18 15 14 16 14 19 16 21 18 18 21 15 6 12 12 16 17 12 17 13 17 7 12 20 13 8
14 10 20 11 11 21 19 14 9 11 15 7 6 13 18 11 11 21 4 5 11 8 15 6 15 19 21 8 16 21 20 10 8 20 3 7 18 19 15 17
19 13 14 12 3 3 12 11 4 19 5 17 20 7 12 9 12 6 18 8 13 13 5 18 13 12 15 10 15 4 7 20 21 4 7 18 9 15 9 5
20 14 6 19 9 14 11 20 6 12 5 7 5 20 9 6 4 20 11 7 6 18 16 12 9 15 14 16 10 3 10 19 10 16 5 11 6 6 19 16
8 11 16 4 19 8 21 7 20 3 10 10 5 19 20 3 15 3 5 18 21 4 13 5 16 16 14 14 18 7 7 7 19 15 5 19 14 10 14 16
17 10 19 18 3 15 7 13 16 8 6 11 20 16 15 4 10 12 9 5 21 7 20 10 8 9 4 14 3 9 19 10 21 16 9 20 15 20 19 9
18 6 4 12 6 8 16 13 15 18 16 11 16 6 3 8 9 9 20 13 12 17 4 21 3 21 15 9 16 11 14 14 10 9 20 10 9 4 4 6
3 14 20 18 19 21 15 9 16 20 18 15 15 17 17 4 19 8 21 18 11 7 3 14 4 16 15 15 20 13 6 7 21 3 21 17 16 10 7 12
13 19 6 21 6 4 8 16 8 11 9 5 6 4 7 11 15 13 17 8 3 18 5 10 19 7 8 21 21 18 14 8 19 20 20 11 20 6 12 14
11 5 20 20 14 13 17 15 19 17 10 17 21 14 19 19 17 11 4 3 10 10 18 12 21 21 14 17 21 3 9 17 17 3 4 13 20 11 15 8
18 21 18 15 10 18 19 20 12 3 12 15 11 8 7 12 12 10 3 9 12 9 20 4 12 12 9 6 7 3 17 7 11 14 12 20 19 15 17 13
9 9 16 18 20 10 15 5 8 13 21 16 9 12 7 3 21 4 11 9 5 4 3 7 19 11 13 19 9 13 7 4 7 5 21 11 14 12 4 12
14 16 9 16 15 10 7 20 16 7 10 8 11 17 10 20 9 11 6 8 13 10 3 5 15 15 3 14 17 10 13 13 8 21 5 4 11 11 18 12
19 8 9 7 15 5 17 16 4 6 17 5 13 8 21 8 13 4 8 19 3 8 8 20 14 15 10 5 18 17 5 14 10 13 20 8 4 12 15 14
8 11 19 19 3 15 21 11 21 10 21 14 20 20 6 13 20 18 13 7 17 21 15 15 14 9 4 5 14 19 9 11 17 18 17 3 4 14 21 10
19 6 9 9 4 10 9 16 17 5 3 11 12 21 10 17 18 6 18 14 8 15 21 14 4 16 7 11 6 20 4 5 6 18 19 12 17 9 6 17
10 10 14 6 4 19 11 3 8 14 14 18 3 7 19 7 14 15 4 8 12 14 17 6 3 6 8 5 5 18 8 7 21 8 21 15 11 6 3 8
14 17 20 13 12 10 16 5 15 12 20 11 17 10 15 11 20 21 16 15 17 17 3 9 20 12 14 11 15 14 19 10 21 20 14 13 7 17 3 8
12 14 8 7 21 4 20 9 19 7 12 17 9 21 15 12 16 7 18 17 11 14 9 4 10 13 8 12 18 18 8 20 11 17 14 7 9 17 10 19
14 11 10 18 5 18 10 7 5 16 21 21 17 9 19 3 19 7 17 18 9 4 3 16 15 16 15 6 9 12 16 6 13 7 17 15 5 11 8 8
