60
10 19 15 20 19 10 6 15 14 3 7 10 14 12 10 21 15 18 16 17 5 5 14 14 16 6 5 15 16 11 4 8 17 21 19 18 16 6 3 13 17 6 13 11 18 21 3 13 7 9 9 20 16 4 21 4 6 13 3 3
5 11 13 21 7 13 21 11 17 21 15 9 4 14 13 11 14 17 21 11 19 14 12 5 16 13 14 16 10 19 14 7 3 6 13 7 3 15 17 12 11 18 8 5 20 15 16 3 15 12 20 18 11 14 12 11 18 21 17 4
18 7 11 6 10 19 15 17 12 17 5 19 11 6 15 9 16 14 12 6 14 15 21 15 6 14 21 13 15 15 13 13 7 14 15 17 13 8 16 14 10 11 7 10 18 15 11 13 12 5 4 19 19 19 16 6 10 3 19 14
20 3 7 19 3 17 7 12 20 15 9 20 8 3 3 16 3 6 15 8 12 20 6 14 12 3 8 13 17 15 10 15 12 4 4 11 14 4 4 16 7 18 18 13 15 6 4 10 7 21 7 18 20 17 10 21 12 19 16 7
7 16 17 14 18 6 13 6 14 4 14 3 10 7 12 17 13 3 18 6 5 14 10 13 5 21 11 14 19 20 13 7 19 21 9 4 17 8 4 20 19 9 12 18 15 13 7 20 11 16 12 7 16 9 21 18 7 16 21 18
4 4 21 13 7 21 7 7 19 20 20 9 19 3 3 12 6 3 21 10 20 3 18 5 4 18 5 15 16 5 18 4 7 11 10 5 19 4 17 8 12 6 3 5 5 17 8 21 16 16 6 8 14 10 4 3 6 3 8 16
17 13 17 7 20 8 4 4 12 8 3 16 6 7 18 15 10 3 12 6 9 18 14 6 10 13 15 12 16 15 20 12 7 16 8 17 6 12 19 13 10 5 8 17 8 21 4 17 9 19 18 18 15 5 8 4 3 5 12 13
12 4 4 16 3 6 9 16 9 19 3 9 6 14 11 4 8 10 4 15 9 12 11 19 15 17 21 21 11 16 3 21 14 10 3 18 4 17 10 3 19 19 20 15 21 20 18 4 17 10 13 9 12 21 18 6 9 17 18 7
7 5 7 13 11 7 5 17 12 21 17 7 16 18 16 13 4 12 18 20 9 13 7 18 19 15 3 5 15 8 6 18 17 11 5 15 21 6 3 13 16 13 19 17 21 15 15 8 15 5 8 13 9 10 3 5 8 5 4 19
14 19 17 9 8 21 21 11 3 7 9 17 7 10 14 6 6 7 6 17 7 8 13 20 11 6 17 9 10 12 18 18 12 13 20 10 17 11 6 9 14 20 21 20 11 5 17 19 3 9 3 7 9 7 9 19 8 21 10 6
14 14 14 13 21 7 7 3 11 4 15 19 10 16 19 9 18 17 21 14 10 9 18 14 9 5 21 17 9 5 15 18 9 5 13 12 9 10 16 5 13 5 18 16 9 5 5 3 13 20 13 12 21 15 17 8 9 7 15 15
13 21 19 17 9 20 18 19 7 15 13 19 5 18 19 8 14 4 8 6 6 8 4 13 19 11 4 13 20 18 5 10 18 4 7 7 16 3 9 16 9 13 18 15 19 3 13 9 16 15 15 17 18 4 21 9 19 8 15 8
19 5 12 5 5 13 5 6 5 7 18 7 20 7 18 4 6 3 8 13 20 20 6 8 19 9 8 3 3 17 9 4 20 3 17 8 3 3 18 17 14 8 11 12 9 12 6 3 8 15 10 18 6 9 21 6 10 7 5 12
5 3 10 12 4 19 20 9 13 8 11 20 16 16 12 3 7 8 7 16 4 16 14 19 3 12 15 3 10 12 7 15 19 10 17 6 7 7 17 16 14 18 11 6 4 4 4 16 5 19 8 20 11 14 17 3 10 21 14 11
21 6 10 20 13 21 13 3 9 13 20 20 3 12 17 17 20 21 17 11 16 21 16 12 3 6 11 7 5 21 10 6 13 20 21 9 7 8 5 16 12 5 8 5 11 14 21 9 18 18 9 13 8 7 10 21 12 5 17 8
20 11 19 12 21 20 11 11 13 8 4 11 13 11 18 21 9 18 16 9 18 21 8 11 5 15 18 4 18 8 17 4 20 13 3 7 5 21 15 15 4 20 16 11 18 13 9 13 3 7 20 21 5 19 3 8 21 10 8 9
3 6 5 10 8 6 9 10 3 16 14 15 4 18 12 20 16 11 10 17 7 6 14 8 7 7 17 15 8 21 7 13 4 13 4 21 3 5 9 20 11 7 9 3 18 17 14 9 17 21 7 19 8 17 6 3 16 16 4 14
21 10 6 18 11 18 14 18 16 10 5 13 12 4 16 12 21 16 16 5 8 8 12 9 3 4 11 16 21 19 19 10 21 7 9 7 14 10 3 17 8 9 3 17 18 18 11 12 7 19 13 6 14 9 16 18 14 18 5 12
13 21 10 15 6 15 12 6 6 12 15 12 8 13 13 3 20 16 13 11 7 3 17 10 17 18 16 15 13 17 21 13 7 12 15 19 19 16 18 9 4 7 10 12 12 14 13 19 20 5 21 17 20 8 10 18 4 7 10 3
19 19 12 14 19 16 16 6 14 7 18 9 11 5 18 13 21 8 3 3 4 13 14 9 19 20 18 10 12 21 8 18 19 5 5 19 20 4 16 16 12 7 12 10 16 13 6 4 18 11 12 3 3 11 3 11 12 20 3 9
7 21 8 11 7 3 14 5 18 5 14 13 18 20 15 3 17 14 17 8 18 17 8 20 21 15 4 16 20 20 5 3 13 10 15 17 15 14 18 20 7 15 19 3 8 12 20 20 8 7 7 13 3 19 3 7 6 8 16 8
3 17 16 9 15 14 13 3 7 9 19 8 12 6 5 12 4 7 15 8 4 17 16 3 17 7 12 12 14 18 11 20 8 20 18 18 15 19 6 13 11 14 5 13 16 12 14 11 15 7 8 16 11 11 15 9 19 6 8 18
11 9 14 15 19 15 20 6 9 13 4 13 9 17 9 20 15 4 14 18 19 6 6 15 15 10 4 8 9 21 11 4 16 20 12 19 4 12 5 14 13 9 12 13 13 20 7 9 3 16 11 19 13 4 5 11 13 9 20 10
11 18 14 21 16 9 10 17 19 16 15 7 4 11 5 16 10 10 6 6 5 21 4 5 9 3 20 4 14 14 15 17 16 17 16 18 4 3 12 11 20 3 16 20 10 14 12 8 15 12 14 18 9 7 5 4 11 15 21 7
11 5 20 17 7 14 18 3 11 14 21 19 15 21 16 13 7 6 21 10 20 4 9 9 5 10 16 21 16 18 21 17 20 7 9 16 10 11 7 7 17 5 4 20 14 9 9 14 19 13 6 3 20 12 7 20 16 3 10 6
4 16 20 6 7 10 20 10 9 13 17 11 10 15 19 14 17 18 6 16 18 15 9 15 6 8 15 13 21 8 8 17 20 3 18 17 5 20 3 7 3 21 9 9 5 13 8 16 17 16 9 9 15 14 21 21 21 13 13 4
11 10 8 7 10 13 16 11 17 18 10 6 20 16 4 12 17 14 15 15 19 14 21 18 16 9 19 8 15 8 3 4 3 12 15 15 11 19 13 17 8 14 21 6 18 15 9 13 7 21 12 20 18 14 11 15 6 6 4 4
4 11 9 3 16 3 19 21 16 9 4 4 3 21 6 6 18 3 17 9 20 12 3 8 5 6 10 10 10 20 5 16 6 3 16 9 6 7 9 6 7 3 12 21 17 19 15 7 17 4 12 5 12 18 5 13 3 17 21 12
6 3 20 3 18 8 9 5 5 16 18 12 15 17 12 4 9 13 14 21 10 9 15 16 18 4 7 20 11 20 9 16 9 5 6 15 3 11 11 6 15 8 19 6 6 12 12 14 19 10 10 17 15 5 3 18 18 5 16 17
10 6 12 17 16 16 4 15 10 12 18 15 18 13 20 11 9 10 11 7 8 13 14 16 3 7 9 18 18 20 10 16 6 7 8 12 13 18 19 11 11 15 18 10 13 12 15 17 10 12 14 18 4 18 11 14 20 18 14 12
8 19 17 21 6 10 12 13 13 12 11 16 5 16 9 14 7 4 6 17 3 10 13 8 10 3 4 16 8 12 19 16 8 20 7 6 7 4 6 18 11 7 3 9 3 20 6 15 3 15 4 18 9 19 7 20 20 4 12 9
4 5 15 15 15 9 12 19 9 21 4 10 19 8 5 17 20 9 5 11 16 8 6 16 12 5 8 12 12 15 19 13 15 20 12 18 8 13 12 9 14 16 8 20 13 17 12 19 18 6 7 20 19 12 10 4 9 6 10 9
18 20 17 6 6 18 17 15 4 12 8 8 3 9 19 7 4 4 14 12 21 12 12 5 9 9 5 21 13 4 19 12 16 5 10 4 10 10 3 20 12 3 7 8 18 6 6 11 8 20 3 19 3 14 4 11 9 18 20 13
6 6 16 19 12 16 16 20 3 12 14 20 14 14 16 7 21 15 8 11 15 14 17 13 13 18 4 8 6 21 19 8 6 18 7 18 13 10 18 21 5 16 21 7 5 3 12 11 9 18 18 20 20 15 16 3 12 15 16 16
7 18 18 17 6 17 18 16 18 6 21 5 16 17 10 5 9 3 15 16 9 20 15 10 14 17 18 5 10 11 17 14 15 19 3 18 12 19 6 20 15 12 12 10 21 3 13 15 5 6 19 8 19 3 11 8 14 7 14 4
12 20 13 9 6 11 10 20 21 9 7 17 9 14 3 17 7 17 8 8 9 16 21 18 12 18 20 4 19 20 11 13 10 13 14 21 12 18 18 17 12 19 10 3 4 9 16 15 3 16 20 4 12 19 3 11 14 5 16 13
8 10 10 18 3 15 14 11 7 16 18 6 18 20 11 10 13 7 8 3 17 3 6 17 10 9 6 3 6 13 18 14 15 6 4 3 9 7 18 13 5 20 4 18 3 10 19 18 7 17 6 4 16 6 6 5 8 20 16 17
20 18 18 13 15 19 10 21 7 10 4 13 21 6 3 4 13 10 12 5 16 8 9 5 16 11 9 14 4 10 10 17 8 13 12 10 10 6 19 10 4 13 19 21 7 20 19 21 3 11 3 17 5 6 6 3 11 8 4 21
17 17 14 13 21 15 5 20 17 5 6 16 16 12 19 3 13 4 6 12 4 11 16 7 16 21 6 10 15 5 19 5 4 19 18 4 12 9 3 18 19 13 3 21 4 15 18 20 4 4 14 7 4 10 12 6 7 4 6 3
12 9 3 13 18 12 19 16 8 5 16 14 9 18 19 4 7 20 6 6 8 8 16 18 3 15 3 17 11 13 10 17 14 15 4 12 7 4 19 19 21 5 10 12 9 8 13 7 14 11 5 20 4 11 7 20 21 13 9 4
19 17 19 16 15 6 15 3 3 14 13 11 7 20 9 12 18 6 20 15 14 18 8 17 20 20 12 19 15 14 18 13 10 5 21 8 6 18 20 8 21 11 12 6 11 7 18 17 18 11 17 8 15 19 8 8 6 13 20 13
11 9 11 7 16 4 14 3 5 14 11 16 19 16 15 10 17 12 18 20 10 8 17 20 13 6 9 13 12 13 12 16 7 6 17 17 8 16 9 11 8 3 5 4 17 5 20 12 5 21 4 6 17 13 13 17 3 4 7 15
17 15 21 9 13 3 20 11 15 4 9 9 13 14 9 9 20 19 10 12 3 7 11 11 10 21 13 21 13 7 4 14 18 21 6 4 18 8 19 15 10 13 11 13 10 6 10 11 4 9 9 16 15 8 10 15 13 10 8 21
16 10 20 20 10 7 13 14 16 12 21 3 4 3 8 7 5 6 15 3 10 5 9 9 3 14 9 18 7 8 18 13 13 19 4 5 16 17 4 21 11 11 5 21 21 5 7 4 20 19 17 8 6 13 9 10 9 20 3 14
21 11 4 15 12 12 13 7 7 17 4 15 11 20 4 13 13 21 9 10 3 15 9 16 4 20 7 19 4 13 13 15 6 8 6 18 15 18 5 11 3 7 8 4 17 18 3 7 10 17 8 19 12 17 18 19 19 21 10 5
10 5 19 3 19 9 21 6 16 5 14 6 18 21 19 6 20 17 19 14 20 5 18 5 13 10 4 10 8 13 14 9 5 21 11 10 9 4 9 12 21 4 15 17 21 10 11 4 8 20 8 10 20 3 16 6 8 12 11 14
12 10 5 13 18 8 16 10 8 9 14 20 20 19 13 15 21 7 15 20 11 15 21 4 7 9 10 12 3 4 20 10 11 15 3 4 21 21 21 12 14 7 4 16 17 11 10 4 8 6 19 17 11 9 5 9 19 7 11 12
5 19 15 15 17 9 3 5 7 10 12 12 13 9 13 21 8 5 3 6 4 12 16 6 9 21 6 4 6 16 4 17 4 13 6 8 4 10 16 21 16 19 12 14 4 11 8 7 4 13 11 21 12 11 8 8 9 13 8 10
5 3 15 18 3 17 14 20 20 5 21 11 5 16 4 3 11 20 5 8 9 20 21 10 7 4 19 3 9 3 21 16 16 11 17 7 9 3 20 16 14 18 16 11 7 10 3 16 5 15 10 3 12 14 19 9 12 16 4 10
14 17 6 10 10 4 19 7 20 3 4 5 10 4 9 16 5 4 13 4 15 14 15 4 21 7 10 16 18 17 15 20 3 12 8 17 12 17 21 16 13 12 13 21 5 15 15 20 6 19 5 17 3 19 5 8 4 19 14 12
11 14 7 8 18 10 18 19 14 12 15 18 15 17 21 20 17 9 11 18 5 10 13 3 5 17 7 5 17 17 19 20 21 3 21 12 17 5 3 9 5 16 9 15 15 21 19 12 20 20 8 5 18 18 7 17 11 13 20 21
5 13 10 9 20 19 10 21 14 20 21 5 20 10 9 5 7 15 6 20 19 5 10 16 17 3 5 13 11 14 16 5 16 15 5 4 4 16 14 4 5 19 13 7 16 11 14 14 10 21 19 6 18 5 7 7 21 17 11 4
21 13 7 12 4 13 18 20 19 7 6 16 8 8 18 9 11 9 12 3 17 20 20 3 8 9 10 12 8 16 7 8 6 6 13 17 14 6 17 12 15 13 10 13 16 7 17 10 12 16 19 17 11 7 14 6 7 18 9 18
21 10 19 14 6 21 18 11 9 17 20 17 17 5 8 8 16 20 21 13 5 19 21 10 8 8 21 11 18 18 14 18 10 9 15 15 7 4 17 13 11 14 10 4 16 21 10 4 9 18 20 12 4 21 14 7 3 11 7 16
19 9 19 10 7 7 20 6 13 16 10 14 19 12 11 9 8 4 19 11 15 8 20 17 13 14 11 3 3 7 12 17 8 15 17 19 19 12 4 10 4 18 15 4 19 12 12 18 9 13 13 19 13 10 8 16 10 3 3 14
11 4 6 9 15 13 11 9 11 6 19 10 16 21 18 16 3 17 5 19 17 19 5 18 15 20 9 5 11 21 17 11 20 9 8 8 5 18 18 14 11 3 21 4 14 13 4 13 15 20 18 13 4 12 12 11 8 5 20 19
17 21 10 16 5 5 20 14 11 18 19 13 3 17 16 20 19 7 9 5 15 3 9 6 11 6 15 6 13 7 15 13 7 4 13 4 5 12 10 5 8 14 13 19 14 6 19 18 12 21 15 17 13 5 3 7 13 16 12 12
21 20 17 11 4 13 16 9 13 8 6 4 13 18 3 8 16 8 5 11 14 20 17 4 15 21 21 8 5 14 4 16 21 4 10 14 21 12 19 16 6 21 5 10 17 6 8 13 8 13 17 20 15 16 13 5 3 18 18 15
8 7 5 11 10 18 3 16 19 14 19 18 11 20 19 9 3 13 9 3 21 17 18 18 3 6 15 3 16 9 19 15 15 17 17 8 8 19 20 9 19 20 5 4 16 12 8 14 13 7 18 18 10 11 20 4 11 20 4 17
19 3 5 14 18 12 4 11 4 11 19 11 13 14 12 16 14 10 20 19 3 5 15 9 10 16 14 10 4 15 17 11 20 4 3 15 18 17 17 8 15 19 6 17 9 3 16 12 15 4 4 6 5 5 12 5 8 8 20 6
