25
0 0 0 1 1 1 0 0 0 0 1 0 0 0 0 1 0 0 0 1 0 1 0 0 1 
0 1 0 0 1 0 1 1 0 1 0 0 0 1 0 0 1 0 1 0 1 0 1 0 0 
1 0 0 1 1 1 1 1 1 0 0 0 0 0 0 1 0 1 1 0 1 0 1 0 1 
0 0 0 1 1 0 0 1 0 0 0 0 1 0 0 0 0 0 1 1 1 0 0 0 1 
0 0 0 1 1 0 1 0 1 1 1 1 1 1 1 1 0 1 1 0 1 0 0 1 0 
0 0 1 1 0 1 1 0 0 1 1 1 1 0 1 0 1 1 0 0 0 0 0 1 0 
0 0 1 1 1 1 1 1 0 1 1 1 0 0 1 1 0 0 1 1 1 1 1 0 1 
0 1 0 0 1 1 1 0 1 0 1 1 1 0 1 1 1 1 0 1 0 0 0 1 1 
0 1 1 1 0 0 0 1 0 0 1 0 0 0 0 0 0 1 1 0 1 1 0 1 0 
1 0 0 1 0 1 1 1 1 0 1 0 0 1 0 1 0 1 0 1 1 0 0 1 1 
1 1 0 0 0 1 0 0 0 1 1 0 0 0 0 0 0 1 1 0 0 1 0 1 1 
1 0 0 0 0 0 1 0 1 0 1 0 1 1 0 0 1 0 0 0 1 1 0 0 1 
0 0 1 1 0 1 1 0 1 0 1 1 1 0 0 0 1 1 0 0 1 1 1 0 0 
1 0 1 0 1 1 0 1 1 1 1 1 1 0 0 1 1 0 1 0 1 1 1 1 1 
1 0 1 1 1 1 0 1 1 0 1 0 0 0 1 1 1 0 1 0 0 0 0 0 1 
1 0 0 0 1 0 1 0 1 1 0 0 1 1 0 0 0 1 1 1 1 0 0 0 0 
0 1 1 0 0 1 0 0 0 1 1 0 1 0 0 1 1 1 1 1 0 0 0 0 1 
0 1 0 1 0 0 1 1 1 1 0 1 0 1 1 1 1 1 1 1 1 1 0 1 0 
0 1 1 0 0 0 1 0 1 1 0 1 0 1 0 1 0 1 0 1 1 0 1 0 0 
1 1 0 0 0 0 1 0 1 1 1 0 0 0 0 0 1 0 0 1 1 0 1 0 1 
0 1 0 0 0 0 0 0 0 0 0 0 1 1 1 0 0 1 1 1 0 0 0 1 1 
1 1 1 0 1 0 1 1 0 1 1 0 0 1 0 1 1 0 1 0 0 1 1 0 1 
1 1 1 0 1 1 0 1 1 1 1 1 0 1 0 0 0 1 0 1 1 0 1 0 0 
1 1 1 1 1 0 0 1 0 0 1 1 0 1 0 0 0 1 0 1 1 0 1 0 0 
1 1 0 0 1 1 0 0 1 0 0 0 0 0 0 0 0 1 1 0 0 1 1 0 0 
0 0 0 12 0 0 0 20 15 0 9 13 20 0 10 0 24 16 0 15 0 0 10 0 13 
15 0 21 0 0 0 9 0 22 0 0 0 6 6 0 9 4 10 0 0 14 25 17 0 25 
18 0 0 4 0 2 0 7 17 0 20 0 24 19 0 0 21 1 0 0 0 6 0 12 0 
0 0 5 21 16 0 11 0 0 9 0 17 0 14 17 0 0 9 0 0 19 0 0 18 7 
0 1 20 2 17 0 0 19 0 1 0 0 0 0 17 19 0 0 15 0 0 0 0 2 0 
3 5 6 25 13 11 3 0 24 0 15 15 0 0 12 0 12 8 0 4 0 15 0 0 13 
0 0 0 23 1 10 19 0 22 15 0 0 0 13 0 18 18 7 6 0 0 0 1 0 11 
3 0 0 0 17 24 0 0 0 0 20 14 20 6 0 0 0 0 15 0 0 11 0 0 20 
18 0 6 0 0 0 0 23 0 0 0 0 15 13 0 0 13 16 5 15 0 0 24 6 0 
0 0 0 21 0 0 16 0 0 0 7 0 0 11 0 23 0 0 0 11 8 0 0 20 10 
18 0 9 20 0 20 16 1 11 0 12 0 4 1 3 20 0 13 3 0 0 0 0 17 22 
0 0 0 3 9 11 2 7 0 0 0 0 0 0 0 3 4 18 23 5 7 21 24 17 0 
0 0 2 24 0 0 12 25 14 0 23 0 0 2 22 7 0 19 9 0 0 6 0 0 0 
7 18 1 0 16 10 0 14 0 23 4 0 4 0 0 0 0 8 11 0 0 0 0 0 4 
24 15 6 4 0 20 0 0 0 16 0 14 3 0 3 0 6 0 0 1 0 0 14 0 0 
0 0 18 0 0 1 0 6 22 13 0 0 0 8 0 25 3 13 8 9 0 0 0 0 0 
0 0 0 7 10 0 17 0 0 0 20 3 19 0 11 19 21 3 0 0 5 0 0 25 12 
0 3 0 12 4 0 0 0 0 11 0 12 22 17 2 0 0 0 0 10 19 0 17 0 0 
12 8 8 19 6 15 0 0 17 12 0 19 0 0 0 0 0 0 0 0 18 0 14 0 0 
12 0 0 20 0 23 15 20 0 7 0 0 3 0 0 0 16 0 6 13 21 19 18 14 4 
0 15 0 0 24 16 0 10 0 8 0 12 0 0 0 0 0 9 0 0 0 9 11 0 0 
0 0 16 0 0 0 0 0 16 23 21 0 0 0 16 9 5 0 0 0 20 8 0 0 1 
0 0 0 12 0 0 0 0 0 0 0 0 0 18 6 17 0 9 2 0 0 0 0 0 16 
0 0 0 0 21 0 19 25 0 0 14 22 0 23 0 8 9 16 0 23 0 3 0 8 0 
0 0 8 0 0 0 18 0 0 0 0 9 14 25 0 0 15 0 9 0 4 0 21 0 0 
