100
0 1 2 3 4 5 6 7 8 9 10 11 12 13 14 15 16 17 18 19 
0 1 2 3 4 5 6 7 8 9 10 11 12 13 14 15 16 17 18 19 
0 1 2 3 4 5 6 7 8 9 10 11 12 13 14 15 16 17 18 19 
0 1 2 3 4 5 6 7 8 9 10 11 12 13 14 15 16 17 18 19 
0 1 2 3 4 5 6 7 8 9 10 11 12 13 14 15 16 17 18 19 
0 1 2 3 4 5 6 7 8 9 10 11 12 13 14 15 16 17 18 19 
0 1 2 3 4 5 6 7 8 9 10 11 12 13 14 15 16 17 18 19 
0 1 2 3 4 5 6 7 8 9 10 11 12 13 14 15 16 17 18 19 
0 1 2 3 4 5 6 7 8 9 10 11 12 13 14 15 16 17 18 19 
0 1 2 3 4 5 6 7 8 9 10 11 12 13 14 15 16 17 18 19 
0 1 2 3 4 5 6 7 8 9 10 11 12 13 14 15 16 17 18 19 
0 1 2 3 4 5 6 7 8 9 10 11 12 13 14 15 16 17 18 19 
0 1 2 3 4 5 6 7 8 9 10 11 12 13 14 15 16 17 18 19 
0 1 2 3 4 5 6 7 8 9 10 11 12 13 14 15 16 17 18 19 
0 1 2 3 4 5 6 7 8 9 10 11 12 13 14 15 16 17 18 19 
0 1 2 3 4 5 6 7 8 9 10 11 12 13 14 15 16 17 18 19 
0 1 2 3 4 5 6 7 8 9 10 11 12 13 14 15 16 17 18 19 
0 1 2 3 4 5 6 7 8 9 10 11 12 13 14 15 16 17 18 19 
0 1 2 3 4 5 6 7 8 9 10 11 12 13 14 15 16 17 18 19 
21 25 27 30 31 33 37 41 43 45 46 47 48 50 52 53 54 56 58 61 62 63 65 68 69 71 72 73 75 76 79 80 81 82 83 85 86 87 88 91 92 93 95 96 98 99 
20 21 22 23 25 28 29 31 32 35 40 44 45 46 49 50 51 53 56 57 58 60 61 62 69 71 72 75 77 79 82 85 87 88 89 91 96 98 99 
21 23 26 27 28 31 33 34 37 38 41 45 49 50 52 53 56 58 59 60 61 63 65 66 67 70 73 74 75 76 77 80 81 82 84 85 86 87 89 90 91 95 
23 24 25 27 29 30 31 32 33 35 38 39 40 41 42 43 45 46 49 50 51 52 53 54 55 58 59 60 63 64 68 70 71 73 74 75 77 79 80 84 85 87 88 91 96 98 
21 24 30 31 33 35 36 40 46 47 48 52 53 55 56 59 65 66 67 68 70 71 72 75 77 79 80 81 82 85 89 90 91 92 93 94 95 96 
20 21 23 27 28 29 32 37 38 39 40 42 43 44 46 48 49 53 54 55 56 57 58 60 63 64 65 66 68 69 71 72 75 77 80 83 87 90 91 92 93 96 97 98 
24 26 27 28 29 30 32 33 34 39 41 44 46 47 49 51 52 53 55 57 58 60 61 62 63 66 68 69 70 72 73 74 75 77 80 81 85 88 89 91 92 95 97 99 
20 21 23 26 33 35 40 41 42 44 45 46 48 49 50 51 55 56 57 59 62 63 65 66 69 71 72 73 74 75 82 86 89 97 98 99 
20 21 23 25 29 31 32 33 37 38 39 41 43 48 49 51 53 54 55 56 57 59 61 63 65 66 68 69 72 73 74 75 76 80 82 86 87 88 92 93 94 97 98 
20 21 22 23 26 28 32 33 34 35 37 42 44 45 51 53 54 56 58 59 61 64 65 71 72 73 74 75 79 80 83 85 88 90 93 95 98 99 
22 23 24 31 32 33 34 36 39 40 44 46 47 50 51 52 57 60 62 63 66 68 69 73 74 76 77 82 85 87 88 89 90 95 96 97 99 
20 21 22 23 25 26 27 28 32 33 35 36 37 39 40 42 45 46 47 51 52 54 57 58 60 61 63 67 71 74 78 80 83 84 86 90 93 94 98 99 
22 23 24 25 26 27 29 30 31 34 37 38 39 40 41 43 44 45 46 47 51 52 54 56 57 58 60 61 62 64 65 66 68 69 72 75 77 79 81 85 87 90 91 93 96 97 98 99 
23 27 28 32 33 35 36 37 38 41 45 47 48 50 52 53 54 55 56 57 58 62 65 69 71 74 75 77 79 82 83 85 87 88 90 91 95 98 
21 22 25 28 30 32 34 36 37 41 45 47 49 50 53 54 55 57 60 62 65 69 71 72 73 74 75 76 78 81 82 86 90 91 93 94 95 
20 24 27 28 32 33 35 36 39 40 45 48 49 51 53 55 57 58 60 63 64 65 70 71 74 75 78 84 87 91 92 96 98 
24 26 28 29 33 35 36 38 39 41 43 45 46 47 48 49 51 52 53 55 56 59 62 63 64 65 67 70 73 74 76 77 79 81 82 83 85 88 89 90 97 98 
20 21 22 23 24 25 26 27 28 29 31 34 35 37 39 42 43 44 45 47 49 51 54 55 57 59 60 61 63 64 66 67 68 69 70 72 77 78 79 80 85 86 91 92 93 95 96 
21 24 28 29 30 31 32 33 34 37 39 40 41 46 50 51 52 53 55 59 64 65 66 67 68 70 72 77 78 79 82 84 85 87 88 89 91 94 95 97 98 99 
20 22 23 25 28 30 32 33 34 36 38 39 40 43 44 45 50 51 55 57 60 65 68 70 73 74 76 79 80 81 82 84 87 88 89 96 
20 21 22 24 25 27 29 30 31 32 33 36 38 39 42 45 47 48 52 54 62 63 64 65 67 70 71 72 73 78 80 82 83 84 85 87 88 89 91 92 94 97 
21 23 28 29 30 31 33 34 36 37 38 39 40 41 42 43 50 53 54 58 61 62 64 66 67 68 69 70 73 79 80 81 82 83 84 86 88 90 92 94 97 99 
20 21 23 25 27 29 30 31 32 37 38 39 41 42 43 46 49 50 53 58 59 61 62 63 68 69 71 72 76 78 79 80 83 88 89 92 94 95 
20 21 22 24 26 32 33 34 35 36 37 40 42 43 45 46 48 49 50 52 53 55 56 59 60 64 65 72 73 74 78 83 84 85 89 90 91 93 96 97 
25 26 28 29 30 32 33 34 36 40 42 46 47 48 51 52 53 56 62 64 65 67 68 69 71 72 73 75 77 79 80 82 84 87 88 90 92 93 97 98 
21 23 24 27 29 31 32 33 35 36 38 39 41 43 51 52 53 54 56 59 61 62 63 66 67 70 71 73 75 76 79 80 85 87 89 91 95 96 97 
20 21 22 23 24 25 26 28 29 32 33 38 42 43 44 45 48 49 51 54 57 58 61 63 64 65 71 72 74 77 78 79 80 82 87 90 93 94 95 98 99 
20 24 25 26 29 32 34 37 38 40 41 45 46 48 50 52 53 54 56 57 58 60 61 63 65 66 67 68 70 71 72 73 74 75 76 78 81 82 83 85 86 87 90 91 92 94 95 97 99 
22 24 26 27 29 31 33 34 35 38 41 42 43 44 46 47 50 52 54 58 59 60 61 62 64 65 66 68 70 71 72 74 75 76 77 78 81 82 86 89 91 92 93 94 97 98 
20 21 24 25 26 28 29 31 36 37 39 40 41 43 44 45 46 47 49 50 52 55 56 57 58 59 61 62 64 69 70 73 74 75 77 81 84 90 92 94 95 98 
22 23 24 25 26 28 30 34 35 36 37 38 39 40 41 46 50 51 52 54 55 56 58 59 60 62 66 68 70 74 75 80 88 91 92 93 95 98 99 
20 24 27 31 32 34 35 38 40 48 49 50 53 55 58 61 63 64 66 67 69 71 72 74 75 76 77 80 81 82 83 84 85 86 88 89 96 
20 21 22 23 25 27 36 37 38 39 40 41 42 44 47 51 52 53 55 56 58 59 61 63 64 68 71 76 81 83 85 88 90 91 93 98 99 
20 21 24 25 26 27 29 32 33 35 36 41 42 43 44 46 51 58 59 65 66 67 70 71 72 75 76 78 80 82 86 88 89 
20 21 25 29 30 31 33 34 35 36 38 39 40 41 42 44 45 46 48 49 50 51 52 53 57 58 60 62 63 65 66 71 72 76 78 82 83 85 86 87 91 93 94 96 97 98 
20 22 25 26 29 31 33 34 38 40 41 43 46 47 48 50 52 55 57 61 63 64 65 66 69 70 71 75 79 80 84 85 86 87 88 91 92 93 94 95 96 99 
22 24 27 30 32 34 36 37 40 41 42 44 48 49 51 52 53 54 55 57 59 60 62 63 64 68 71 72 73 75 77 78 80 85 86 87 88 90 94 95 96 99 
22 24 27 28 29 30 31 32 33 34 35 36 40 41 47 49 51 55 56 58 59 60 61 62 63 68 69 70 71 73 75 76 77 78 79 83 85 87 90 99 
20 21 22 24 27 28 29 31 32 35 36 37 38 39 40 42 43 44 45 46 48 49 50 52 55 57 62 63 66 67 68 70 72 74 76 78 79 81 82 85 86 88 90 94 96 97 99 
20 23 24 27 28 29 30 31 32 33 34 35 37 38 41 42 44 45 46 47 49 54 56 57 58 61 62 64 66 68 70 73 74 75 76 78 81 83 85 88 89 90 91 92 93 95 97 99 
20 23 24 25 26 28 29 33 34 37 41 43 44 45 46 47 48 49 50 54 55 57 58 61 62 63 64 65 67 68 69 72 77 80 81 83 84 85 86 87 88 92 94 99 
24 25 26 27 29 30 31 32 33 36 37 38 40 43 45 46 47 48 49 51 52 59 60 62 63 65 67 68 70 72 73 74 79 80 81 82 85 89 90 94 97 98 99 
20 21 23 26 29 34 36 40 42 45 46 47 48 49 50 51 52 54 57 59 61 66 68 70 71 72 76 77 78 82 84 89 90 91 94 95 96 97 98 99 
22 25 26 27 28 29 35 37 38 39 43 44 45 46 48 52 54 56 57 58 59 60 61 62 64 67 68 71 72 73 76 78 79 81 82 84 85 86 87 92 93 96 98 99 
20 22 23 24 25 27 29 30 38 40 41 42 43 46 47 48 51 52 53 54 57 60 65 69 70 71 72 74 76 78 79 83 84 86 92 94 95 98 99 
28 31 34 35 38 39 40 43 45 46 47 48 51 54 55 61 65 67 70 71 75 76 77 78 84 85 87 88 91 92 93 96 
21 23 24 27 28 29 30 31 33 34 35 36 37 42 44 45 46 47 49 50 53 55 56 57 60 63 64 65 66 67 68 69 71 74 76 78 79 80 81 82 83 84 85 87 88 89 91 92 93 94 96 99 
20 21 22 27 29 30 31 32 33 34 41 42 44 45 49 50 54 58 59 61 62 65 67 69 71 72 74 75 78 83 84 85 86 93 94 95 96 
22 23 25 30 31 33 34 37 40 41 44 45 46 47 49 51 53 56 57 58 60 61 62 65 66 70 71 72 75 76 77 89 91 94 96 
21 22 24 29 30 33 34 35 36 38 40 44 45 46 48 49 53 54 55 56 59 61 64 67 69 70 71 73 74 75 77 78 80 81 82 83 87 89 91 93 94 98 99 
20 21 22 25 27 28 29 30 33 34 35 37 38 39 45 48 49 50 52 53 55 56 57 58 59 60 61 62 63 64 67 69 70 72 74 77 79 80 81 82 84 86 88 91 92 94 96 97 99 
22 24 25 26 27 29 39 46 47 54 55 57 59 63 64 65 66 69 70 71 74 78 80 82 84 86 87 94 95 96 97 
20 22 25 26 28 30 31 32 35 38 39 40 41 46 47 48 50 51 52 53 54 59 61 64 65 67 68 71 72 74 75 77 78 80 82 83 84 85 87 88 90 96 97 98 
20 21 22 24 25 26 27 28 32 35 36 37 38 39 42 43 45 46 47 48 52 53 55 57 59 60 61 64 68 70 77 78 79 80 83 85 87 91 92 98 
20 21 25 26 31 32 35 37 39 41 43 44 45 48 49 53 55 59 62 63 64 65 70 72 73 74 77 78 82 89 91 92 94 97 98 
23 26 30 32 33 34 36 38 40 41 43 44 45 49 52 55 59 60 73 74 75 76 78 80 82 85 86 88 89 93 95 96 97 
21 22 24 25 26 30 31 32 34 35 37 42 44 45 47 49 51 54 56 57 58 59 60 63 65 66 68 69 71 72 76 77 79 80 84 85 86 87 89 93 94 98 99 
22 23 24 33 38 40 45 48 52 53 54 56 58 59 60 62 65 66 67 68 69 72 75 77 81 85 86 88 89 90 92 95 96 97 98 99 
31 36 37 38 40 42 43 46 52 53 54 56 57 61 62 64 65 66 67 70 71 72 73 75 76 81 82 83 84 85 88 91 92 93 95 96 97 98 99 
21 23 26 27 30 31 33 34 36 37 38 39 40 46 48 50 51 52 54 57 59 60 61 64 66 70 71 73 79 81 83 84 85 86 88 91 92 93 94 95 96 97 98 
20 21 22 23 24 25 26 27 28 29 30 31 32 35 37 38 39 44 46 47 48 49 52 53 54 55 57 59 60 62 63 64 66 68 69 70 72 75 76 77 79 82 85 87 90 92 95 96 97 98 
20 21 22 23 24 25 27 29 31 32 33 34 36 37 38 39 42 43 46 47 48 52 56 58 59 60 61 67 68 69 70 71 72 74 76 79 80 82 84 85 86 89 95 96 99 
20 22 26 27 30 34 35 36 37 38 39 40 43 45 47 48 50 53 54 55 56 57 62 63 64 66 67 70 72 73 74 76 80 82 84 88 90 93 94 95 98 99 
23 25 26 29 30 32 33 36 38 42 44 45 46 48 54 55 61 62 63 65 66 68 69 70 73 74 75 76 79 80 81 82 83 85 86 88 89 90 91 93 96 97 
20 22 24 27 28 30 31 33 35 36 38 39 40 41 42 43 47 48 49 50 54 55 58 60 62 67 70 72 74 75 76 79 82 83 84 87 90 93 94 95 97 
21 23 26 28 30 31 32 34 35 38 40 41 42 44 47 51 53 55 56 57 59 60 61 62 63 67 68 69 72 73 78 81 82 83 87 89 90 91 92 93 94 97 
22 23 25 27 28 30 35 36 37 39 40 41 42 43 44 45 47 49 50 51 57 60 64 65 66 67 69 70 72 73 77 78 79 80 81 82 84 85 86 89 90 93 95 98 
21 26 29 30 31 36 38 39 40 41 42 44 45 48 51 53 56 57 61 62 65 70 71 72 75 79 81 82 83 88 89 90 91 93 96 97 
21 22 23 26 28 29 30 32 33 34 35 36 38 39 42 44 45 46 47 48 50 53 55 57 58 59 64 67 68 70 73 74 75 76 77 79 80 82 83 87 89 90 91 92 95 96 97 99 
21 22 23 24 25 26 27 28 31 36 37 38 41 42 44 47 49 50 51 58 60 61 62 63 67 69 71 73 76 77 79 81 82 83 84 85 86 87 89 91 92 94 95 96 97 
23 26 28 29 30 32 34 38 40 43 45 46 51 54 58 59 60 61 63 64 66 67 70 71 72 74 75 76 77 78 79 81 82 84 85 86 87 90 93 98 
20 24 26 27 28 30 31 32 36 37 41 44 46 47 49 51 52 54 55 57 58 59 60 61 63 66 67 68 71 76 77 83 87 90 91 93 96 
21 26 28 29 30 31 32 33 34 35 37 38 39 41 42 44 46 47 48 50 51 52 54 55 56 58 60 61 62 64 65 69 74 76 77 78 79 80 81 82 87 88 91 94 96 98 
20 21 22 23 24 25 28 29 30 31 32 35 37 40 43 46 47 50 53 54 55 58 59 63 65 71 72 74 75 78 79 80 84 87 88 89 90 91 93 94 95 97 98 
20 21 22 23 25 27 30 32 33 35 36 40 41 42 43 44 45 50 52 54 55 56 62 65 67 69 70 71 73 74 75 77 78 79 80 82 85 86 87 89 90 92 97 98 99 
22 25 26 27 28 29 32 39 40 42 43 44 45 46 47 48 51 52 58 61 62 63 65 67 69 70 77 79 82 83 85 86 87 89 91 92 94 96 97 98 99 
20 21 22 24 25 26 27 28 32 33 34 37 38 41 42 43 46 47 48 50 51 53 55 57 58 63 64 69 70 71 74 76 77 79 80 81 82 86 89 92 94 95 96 98 
20 21 23 25 26 27 29 30 31 34 35 39 41 42 43 45 46 48 49 51 55 56 57 58 60 64 65 66 67 70 71 74 76 77 78 80 82 84 86 87 89 90 92 95 96 
20 21 22 24 29 32 35 36 37 38 39 42 43 46 48 50 51 52 54 66 67 68 69 70 71 74 75 77 83 86 87 88 90 91 93 96 97 
20 21 24 27 28 33 34 35 36 37 38 40 41 42 48 49 50 52 56 57 58 60 62 63 64 65 67 68 69 70 71 72 73 76 79 80 81 82 89 92 94 96 97 
21 22 23 24 26 29 34 35 43 45 46 49 50 51 52 53 54 56 58 59 60 62 63 64 65 67 69 71 72 73 77 79 80 83 84 89 94 98 
