150
15
279
507
742
46
441
935
273
863
147
317
781
403
985
402
983
855
643
571
633
104
757
869
609
414
914
981
735
833
557
641
179
171
650
636
339
555
742
357
760
764
800
162
556
428
380
100
178
883
230
607
109
568
747
391
752
59
828
394
236
61
635
810
544
486
873
250
409
706
482
872
476
969
78
195
622
611
406
705
357
603
694
800
745
987
946
558
319
398
703
268
521
302
445
617
293
297
632
369
769
292
979
151
149
80
277
479
768
406
107
464
309
822
423
530
375
313
207
687
368
692
400
331
245
876
939
511
983
170
18
77
586
441
550
81
295
997
234
192
420
268
540
234
767
584
796
374
297
15
459
