250
20
471
420
444
794
358
70
633
305
180
295
398
335
562
590
406
577
305
840
433
16
412
681
441
733
954
301
379
986
726
738
530
160
374
443
132
907
308
622
557
493
806
97
768
785
706
372
971
615
578
585
659
364
355
706
669
965
214
448
673
617
780
356
82
130
724
205
483
340
533
405
323
728
229
633
220
239
103
134
887
50
481
627
808
177
889
509
274
363
620
968
446
927
542
846
620
555
808
242
147
631
939
491
273
816
530
249
540
913
421
859
221
926
554
876
401
910
136
866
417
684
778
671
838
268
113
345
333
823
523
453
932
549
427
714
284
920
715
693
942
437
289
881
132
719
17
307
353
176
104
699
272
361
339
712
951
602
322
396
189
43
32
280
225
146
746
561
222
313
582
635
553
551
67
334
908
845
584
641
454
170
754
315
615
27
941
173
678
840
73
49
591
82
110
977
313
609
137
111
880
384
514
538
693
905
801
635
414
984
940
922
866
377
740
173
595
131
43
447
609
298
412
799
374
316
372
838
615
70
257
301
378
704
551
94
651
15
328
695
982
957
856
337
632
815
620
518
777
799
36
