65 76 17
100
8 27 68
17 40 47
51 45 96
46 82 88
71 79 21
35 94 76
60 18 18
25 95 91
81 90 2
59 55 36
48 23 95
2 26 54
84 36 63
83 20 4
36 63 74
24 25 52
71 42 55
33 50 74
78 29 75
7 3 62
61 40 33
64 5 8
48 40 30
52 61 81
52 33 26
9 63 7
15 74 79
34 55 95
13 52 1
90 5 64
6 69 72
69 58 58
77 76 70
59 77 30
24 52 46
59 94 100
34 47 17
46 97 38
100 61 85
76 87 51
32 72 17
3 64 69
83 52 2
21 25 18
94 77 53
62 70 81
30 71 89
15 64 74
55 38 35
48 74 96
13 64 38
5 19 74
93 94 45
3 37 57
41 36 81
30 99 59
6 54 54
30 16 90
87 98 12
69 70 73
15 93 37
61 32 1
88 15 22
58 49 49
19 39 82
96 4 61
34 89 89
46 81 11
53 74 28
37 70 74
38 58 57
47 37 76
20 73 42
99 60 78
62 26 90
44 95 12
29 87 4
31 68 60
99 38 67
4 12 11
73 76 18
40 14 42
100 99 45
37 93 55
45 90 53
90 54 66
57 1 61
100 57 70
65 54 52
94 28 40
41 46 2
55 59 52
65 11 35
72 67 66
77 59 3
21 60 37
97 24 39
3 33 49
25 94 98
89 52 75
