50
0 1 11 16 19 25 27 29 30 35 37 38 39 40 42 46 49 
2 3 7 8 9 10 11 15 16 18 26 30 34 35 39 42 43 45 49 
1 3 4 6 7 8 9 10 18 21 24 31 34 44 
3 7 12 13 14 17 24 26 28 31 33 36 40 
1 2 4 11 12 14 21 22 24 27 37 44 46 
0 8 9 11 12 13 16 17 18 19 21 24 26 27 29 36 37 41 45 48 49 
5 6 7 14 17 24 27 30 33 40 42 43 45 46 47 
2 4 5 10 11 12 13 14 16 17 19 22 25 26 28 36 38 40 44 45 47 48 49 
0 6 7 8 17 25 28 31 32 38 39 41 42 43 44 45 47 
0 6 8 15 18 19 22 23 26 35 36 40 41 46 
0 1 9 10 16 19 21 25 28 29 30 33 37 38 41 42 43 44 47 48 49 
5 7 18 19 20 21 28 31 35 41 43 
6 7 8 12 14 20 28 30 31 32 36 39 42 
5 9 12 13 14 26 30 36 43 46 
0 5 6 7 9 10 13 18 19 23 24 25 26 28 43 46 47 
1 8 9 18 24 27 30 36 43 
6 8 12 13 14 15 16 17 18 28 32 35 37 38 42 43 44 45 47 
1 3 7 9 10 16 18 20 23 26 27 35 44 45 47 48 49 
0 1 2 3 11 15 18 26 27 30 34 36 42 45 48 
4 7 8 12 14 16 19 25 30 31 34 36 39 42 43 44 46 47 
1 4 5 8 11 17 21 22 27 30 31 40 47 49 
4 6 8 11 12 13 16 21 24 25 27 28 33 34 37 40 41 47 
1 2 5 12 13 19 29 31 32 37 42 44 47 
3 5 8 11 13 14 17 18 27 35 38 43 45 
5 9 14 15 16 20 21 23 26 27 28 29 30 32 33 40 42 44 45 46 49 
0 2 6 8 11 13 17 19 25 32 36 37 41 
0 3 4 5 6 10 13 17 20 21 24 25 27 37 38 41 42 43 44 47 
1 2 6 9 10 17 23 32 34 42 43 45 
1 2 3 5 8 10 16 17 18 19 21 24 29 31 34 38 41 47 
0 3 7 10 11 15 17 19 23 24 25 28 31 33 39 41 43 47 49 
2 3 7 11 13 16 18 19 24 27 28 30 34 38 45 47 48 
5 7 18 29 31 32 33 37 46 48 
1 8 9 14 19 21 27 36 39 41 42 46 
1 5 13 16 17 22 25 34 35 46 
1 2 3 8 10 11 12 14 15 17 21 24 28 31 36 37 44 46 48 
2 4 10 13 15 19 21 26 27 34 37 38 39 43 48 
3 5 6 9 22 27 31 33 34 35 36 43 46 47 49 
0 1 6 12 13 14 16 17 19 35 38 44 46 
6 7 9 12 13 16 20 21 23 28 35 45 46 
1 6 8 10 14 15 17 25 26 27 30 33 34 38 44 
6 7 17 18 20 23 27 28 30 34 41 47 
0 2 4 5 9 10 13 15 16 20 21 24 28 29 31 34 36 37 39 40 41 47 
2 4 8 27 31 37 38 40 42 43 44 45 49 
0 6 8 9 12 13 14 18 19 20 22 24 29 32 35 44 45 48 
1 2 5 7 9 10 11 12 18 29 32 33 34 35 38 44 45 46 48 
2 11 14 16 17 18 22 26 31 34 36 37 38 42 44 47 
5 8 13 14 17 18 19 24 28 31 32 35 37 42 44 46 47 48 
8 15 20 21 30 33 37 41 42 43 46 49 
0 1 3 4 6 8 10 13 19 27 38 39 41 46 
1 2 3 4 5 6 13 15 17 18 19 23 27 28 30 35 
