10
20
5
18
16
2
1
14
20
10
19
11
4
6
7
12
13
8
15
9
3
20
12
11
6
5
10
9
1
7
2
19
16
17
4
8
13
20
15
14
3
20
12
14
11
15
9
5
4
2
6
8
20
16
13
1
3
18
17
7
10
20
9
14
20
5
1
10
11
19
2
13
17
4
15
16
7
6
3
12
18
20
9
10
6
18
3
19
8
16
2
11
4
7
12
15
5
14
1
20
13
20
15
11
9
10
6
4
13
3
17
12
19
16
7
14
20
1
18
2
5
20
4
3
2
16
5
17
13
9
15
11
8
18
1
19
12
7
14
10
6
20
12
6
4
16
2
7
15
9
17
19
14
1
11
13
18
3
8
10
20
20
3
12
18
19
7
20
17
5
16
14
6
4
8
11
1
10
9
2
13
20
1
17
10
7
20
16
9
4
19
14
12
2
11
13
15
3
18
6
8
