10
200
41
134
21
12
166
43
138
90
25
76
92
73
55
2
11
58
195
48
127
153
117
198
71
46
79
7
50
95
113
133
51
123
86
143
18
161
66
16
49
167
5
77
157
54
124
31
174
196
139
181
104
154
107
192
129
109
68
103
47
29
128
99
30
173
142
20
183
36
141
40
130
151
53
96
191
178
144
146
145
184
22
26
9
182
52
33
44
189
74
35
159
62
148
65
85
171
176
23
131
149
132
108
119
115
1
125
84
102
168
4
80
81
122
136
64
177
82
15
164
185
6
194
160
135
42
38
121
67
165
179
60
87
106
34
75
28
193
78
126
186
69
13
155
169
147
88
83
56
112
105
72
14
111
180
91
188
197
8
158
37
100
93
152
140
57
39
17
10
101
120
200
116
150
61
89
172
156
170
175
94
27
163
97
98
199
114
3
118
19
63
45
162
110
32
70
24
187
190
59
200
16
14
142
81
145
189
43
191
143
73
165
49
26
79
124
194
36
101
8
150
127
179
181
192
35
83
183
128
148
80
193
65
109
190
116
162
7
144
61
100
104
17
19
188
70
13
31
87
74
107
32
123
55
10
4
33
103
40
56
139
68
153
84
63
158
86
62
88
25
22
96
28
48
99
51
149
113
151
90
60
69
186
27
133
29
184
66
187
39
41
140
171
119
82
98
129
54
72
112
135
174
42
141
199
59
200
197
77
23
46
89
120
5
38
52
198
152
58
146
57
3
132
30
155
78
130
156
160
37
67
64
24
168
21
71
173
176
147
125
178
134
34
20
111
95
47
166
136
44
115
121
15
102
92
126
108
161
97
45
1
94
117
195
137
91
105
159
122
12
172
169
75
2
6
118
170
114
93
85
76
138
163
185
9
50
175
182
154
53
18
167
110
11
196
131
180
157
106
164
200
71
50
12
61
39
6
141
51
1
127
173
147
84
162
11
85
52
176
151
104
24
72
112
95
66
30
196
36
131
70
200
149
69
195
100
20
83
94
58
45
29
42
64
180
2
78
17
182
75
81
187
15
13
16
150
23
191
28
137
129
146
186
128
165
168
37
44
68
123
178
34
86
40
120
67
148
74
88
3
53
33
135
181
130
101
153
158
170
190
198
31
194
9
154
114
183
27
103
26
179
111
43
192
18
118
143
145
80
159
144
107
14
142
117
96
121
73
110
54
48
172
152
10
56
109
193
63
19
35
161
41
157
91
115
105
77
49
32
98
116
119
156
99
89
197
122
25
188
59
79
82
136
126
55
4
65
199
21
184
132
106
175
8
76
5
57
140
174
167
163
113
155
134
22
60
47
87
166
133
169
185
125
108
7
189
124
46
93
62
97
38
160
102
90
171
138
92
177
164
200
112
35
191
123
98
64
1
96
36
188
9
74
41
82
115
148
50
192
180
173
137
133
178
52
165
92
24
29
138
139
51
195
68
144
161
101
14
20
6
194
196
47
107
66
128
86
140
175
131
5
13
45
73
114
169
198
33
34
135
179
150
81
110
40
97
87
134
85
71
91
111
152
100
156
167
83
2
43
121
60
76
119
187
90
168
113
53
19
11
10
190
69
17
18
159
176
70
186
118
61
136
183
3
197
162
25
42
55
102
149
28
12
154
145
124
16
57
132
185
199
122
46
59
166
39
56
200
109
141
67
126
75
177
155
172
88
182
105
103
80
125
170
143
171
63
95
72
153
79
160
147
37
157
142
23
8
44
89
184
127
84
164
151
99
108
31
117
174
116
104
78
38
54
58
7
106
15
158
130
62
181
21
4
30
163
26
94
32
48
27
189
120
129
193
146
22
77
65
93
200
28
166
37
149
159
11
88
113
24
124
101
150
34
93
92
78
118
170
70
5
163
50
21
110
120
48
122
145
108
81
119
95
187
45
102
52
181
162
99
30
186
131
41
86
97
12
129
161
194
89
185
134
172
152
1
178
143
135
90
22
154
31
115
36
83
85
18
6
121
116
114
74
75
142
128
164
174
168
158
77
20
69
191
13
82
196
184
139
155
40
25
180
157
169
137
189
14
200
165
72
179
23
167
61
43
111
29
103
104
84
54
148
59
138
16
44
126
62
133
39
67
60
195
8
127
42
146
55
125
130
156
9
33
38
117
188
73
17
153
57
80
65
175
76
47
140
53
27
183
56
19
182
190
147
63
173
7
79
3
151
197
96
66
10
51
171
136
46
2
106
71
132
4
87
35
100
144
109
177
107
198
176
123
112
49
94
105
58
193
192
32
98
91
26
64
15
160
68
199
200
186
63
7
42
10
180
147
157
58
100
59
122
104
194
75
84
124
1
91
160
171
69
127
163
24
156
140
172
148
125
112
121
133
193
23
4
191
108
167
99
135
41
78
47
120
3
70
82
44
98
11
179
138
119
65
88
85
113
89
141
132
26
154
170
107
25
33
30
173
159
200
176
20
52
116
48
106
57
195
178
28
6
130
134
95
183
93
76
32
153
101
177
73
165
96
142
72
40
83
144
46
105
74
61
38
150
188
146
189
192
36
199
37
169
19
155
71
149
87
184
27
39
81
5
187
86
185
158
14
56
35
60
161
50
34
123
114
97
102
45
64
197
15
66
136
77
90
9
139
181
53
145
151
13
79
115
8
92
182
174
22
62
118
29
190
117
54
110
162
164
168
12
18
17
55
196
152
175
126
2
94
80
129
143
51
137
103
21
49
109
111
16
128
68
43
131
166
67
198
200
150
169
192
112
94
57
92
139
31
28
113
9
151
187
183
101
13
170
37
145
77
189
60
117
16
140
128
142
164
55
50
42
175
193
5
134
114
23
10
171
125
12
87
153
159
167
195
99
27
6
58
147
33
81
110
85
200
127
179
121
136
197
72
115
34
49
68
188
103
176
74
46
146
80
168
174
36
29
4
133
64
155
180
137
11
59
199
62
178
98
39
122
22
118
43
61
163
2
138
185
41
198
120
152
130
129
19
111
160
108
7
144
66
52
21
54
102
15
24
93
173
157
1
8
40
165
71
78
191
83
123
44
26
106
32
76
154
141
182
35
143
126
67
56
88
184
82
124
186
196
177
91
73
161
158
75
107
95
70
47
156
135
86
96
109
104
63
105
18
166
90
30
100
53
69
131
79
116
84
48
3
89
194
132
190
20
14
97
38
17
181
65
148
162
172
51
25
119
45
200
54
69
158
13
133
172
118
124
125
16
106
39
11
156
175
190
14
136
79
40
51
174
138
27
180
3
120
80
108
151
171
20
161
107
34
128
25
189
131
64
91
137
35
49
6
65
198
135
70
43
167
15
41
157
63
93
22
23
28
183
83
184
44
162
88
170
196
147
55
1
74
2
197
33
94
122
87
9
32
169
59
154
115
105
102
48
109
18
165
8
42
89
46
116
97
194
7
90
85
110
36
117
24
153
12
58
38
163
71
61
47
126
5
92
159
19
114
101
150
100
127
173
111
82
164
76
4
199
160
152
144
56
99
146
95
155
52
166
186
10
139
140
112
84
50
81
67
37
129
130
73
113
119
187
104
141
96
142
17
132
62
45
185
200
29
121
188
68
193
103
75
30
177
191
195
182
181
57
77
176
21
143
72
31
26
78
53
168
66
149
60
86
148
145
134
98
179
178
123
200
25
182
151
112
164
185
145
49
130
44
176
59
177
192
114
6
155
170
188
12
17
72
95
159
83
61
144
93
116
198
172
94
29
43
74
21
100
13
52
194
108
148
88
98
51
42
9
80
158
160
97
173
46
110
200
82
134
26
99
67
165
5
65
146
14
169
54
7
140
27
197
19
57
178
11
181
167
118
180
187
107
40
161
153
175
119
186
129
60
69
103
84
70
125
102
23
20
142
127
137
1
138
37
77
126
132
149
16
133
2
79
183
124
45
15
193
139
128
71
90
162
33
48
53
115
117
101
163
28
96
190
123
171
38
174
31
156
32
105
92
4
196
179
199
3
86
147
58
73
191
30
91
62
113
154
81
85
75
56
189
22
18
168
87
120
152
184
109
35
66
36
136
131
78
104
150
166
141
143
55
122
135
10
47
41
39
8
89
76
195
63
68
34
50
106
24
157
64
111
200
101
143
60
31
150
80
55
135
191
25
63
94
160
34
145
127
102
116
26
20
35
174
194
92
82
90
103
106
131
81
117
40
146
1
37
142
112
173
58
182
155
72
126
89
23
8
113
162
151
105
137
24
11
29
196
140
4
138
183
73
169
184
139
18
111
163
62
171
42
74
190
123
121
180
51
71
85
185
177
109
67
133
54
141
22
125
68
79
175
119
2
128
21
44
84
41
50
38
188
97
27
43
15
129
75
154
124
179
130
9
64
153
156
93
197
32
176
104
66
6
47
118
195
36
7
87
144
166
193
168
77
46
110
200
199
158
161
189
3
192
78
165
114
56
52
152
49
148
107
170
99
14
198
61
17
98
172
59
76
181
16
19
45
13
187
120
136
70
122
65
30
147
33
91
5
88
115
132
157
178
57
186
83
95
164
69
39
48
167
53
10
149
28
108
12
134
100
86
159
