61 73 93
82 8 91
61 24 24
44 27 100
17 41 59
27 8 59
66 46 59
43 29 59
57 61 59
24 6 24
17 26 59
77 72 59
2 74 59
27 21 27
24 2 24
46 40 40
32 21 100
56 40 59
75 20 59
33 40 59
66 29 59
28 100 100
56 61 93
74 33 59
91 72 59
91 74 91
55 56 59
20 93 59
6 38 59
5 17 59
38 28 59
53 17 91
22 57 91
2 14 24
17 57 91
49 22 59
17 53 91
74 33 59
42 8 59
76 43 59
7 5 59
44 20 59
32 27 100
21 20 59
24 42 59
8 61 59
17 59 59
55 24 59
38 29 59
56 57 59
32 33 100
21 2 24
22 27 59
93 46 59
5 72 26
3 26 93
19 5 93
19 95 59
29 77 59
82 14 59
43 49 59
82 33 59
68 76 59
8 13 59
59 74 59
20 100 59
40 74 59
28 49 59
6 100 100
75 49 59
75 17 59
57 28 59
6 86 100
77 60 59
61 14 61
59 43 59
56 93 93
44 42 59
19 42 59
13 32 32
17 100 59
21 26 100
56 13 93
6 19 93
55 82 59
26 2 24
75 40 59
40 68 59
75 29 59
8 22 8
75 6 93
20 95 59
10 8 59
28 86 100
82 24 59
28 19 93
17 6 59
43 38 59
68 91 59
60 59 59
53 5 59
46 40 40
29 40 59
49 21 59
10 28 13
42 57 59
13 68 26
22 14 59
44 75 43
14 86 100
95 33 59
82 7 7
6 8 59
53 20 59
13 32 32
32 73 93
32 72 26
13 61 26
32 14 26
14 29 59
86 3 100
7 17 91
33 8 59
77 22 59
20 75 59
2 40 59
46 76 42
10 41 59
42 28 59
33 26 100
72 29 59
91 82 91
56 46 59
49 13 59
29 13 59
42 53 59
76 91 59
76 68 59
66 3 24
14 72 26
27 86 27
3 93 93
73 55 59
76 59 59
26 100 100
24 5 24
43 3 93
26 42 59
61 28 26
55 43 59
43 100 100
20 17 59
66 43 24
19 66 24
26 57 59
56 7 59
68 46 59
86 27 27
26 82 59
13 10 13
44 19 93
27 21 27
17 57 91
44 59 59
66 17 59
6 40 59
10 91 59
42 38 42
40 28 59
29 43 59
22 21 59
21 74 59
75 27 100
59 44 59
61 22 59
22 100 59
7 14 59
28 8 59
19 46 59
53 24 59
20 100 59
44 73 93
56 33 100
42 82 59
56 49 59
7 74 91
55 19 59
29 32 59
76 100 59
6 10 93
91 24 59
49 76 42
5 29 59
32 77 59
57 73 59
19 38 59
55 100 59
95 100 59
43 27 100
22 49 59
41 100 59
42 75 59
17 93 59
49 60 59
44 40 59
74 55 59
43 75 43
43 56 93
2 75 24
26 29 59
2 28 24
86 5 100
76 14 59
3 59 59
2 74 59
28 95 59
59 93 59
38 17 59
32 26 26
74 93 59
26 10 26
53 2 59
20 75 59
40 100 59
38 56 59
40 61 59
19 6 93
55 74 59
33 41 59
100 49 59
33 55 59
57 6 59
14 40 59
2 59 59
2 10 24
77 7 59
68 33 100
86 43 100
82 24 59
19 24 24
93 22 59
66 95 59
33 56 100
82 73 59
72 44 26
10 33 100
43 77 59
43 40 59
56 46 59
59 10 59
57 20 59
24 28 24
6 77 59
76 66 59
3 72 93
77 95 59
93 24 24
13 57 59
29 10 59
55 43 59
43 40 59
68 55 59
43 20 59
7 24 59
55 38 42
76 57 59
91 41 59
53 46 59
22 74 91
17 72 59
74 75 59
17 57 91
53 33 59
32 33 100
2 24 24
43 55 59
28 86 100
60 3 24
72 76 59
68 14 26
41 7 59
32 5 26
74 22 91
5 59 59
27 26 100
38 3 59
100 3 100
3 27 100
17 7 91
73 76 59
14 55 59
20 46 20
19 68 93
82 22 91
7 75 59
2 40 59
19 74 59
86 5 100
28 20 59
40 21 59
32 68 26
27 43 100
24 56 24
74 19 59
7 21 59
100 61 100
22 7 91
2 13 24
74 55 59
57 19 59
95 5 59
72 49 59
13 43 26
93 59 59
20 73 59
22 100 59
66 13 24
61 75 26
8 86 59
13 43 26
6 33 100
10 53 59
59 55 59
29 20 59
76 28 59
82 19 59
29 43 59
21 19 100
41 8 59
53 7 57
57 6 59
61 38 59
59 91 59
49 24 59
8 22 8
53 75 59
17 53 91
44 13 26
29 86 59
38 49 49
7 44 59
77 61 59
38 77 42
3 27 100
55 61 59
22 53 91
93 32 93
46 93 59
82 17 91
43 46 59
19 14 93
61 28 26
42 27 59
7 44 59
24 56 24
95 75 59
59 42 59
6 41 59
73 72 93
28 29 59
55 13 59
26 73 93
2 95 59
44 24 24
14 77 59
20 100 59
77 59 59
95 26 59
77 75 59
75 77 59
75 22 59
5 17 59
2 74 59
57 27 59
13 95 59
21 57 59
76 100 59
42 38 42
40 10 59
2 28 24
73 24 24
22 77 59
33 13 100
60 33 24
82 14 59
72 20 59
73 38 59
38 19 59
38 77 42
2 74 59
42 27 59
28 68 26
60 29 59
7 28 59
66 2 2
46 100 59
40 22 59
95 74 91
86 91 59
76 32 59
91 55 59
82 73 59
21 61 100
3 61 93
100 55 59
44 26 26
91 86 59
46 74 59
91 17 91
38 76 42
2 43 24
68 22 59
2 13 24
41 72 59
27 91 59
7 32 59
72 56 93
41 61 59
95 19 59
32 17 59
41 38 42
2 6 24
40 100 59
68 61 26
40 41 42
8 6 59
32 24 24
38 6 59
74 20 59
100 77 59
49 82 59
24 93 24
6 91 59
43 6 93
28 6 93
60 68 24
33 68 100
68 53 59
77 40 42
59 13 59
6 19 93
28 55 59
44 43 43
40 93 59
41 57 59
6 66 24
10 75 26
7 75 59
57 66 59
43 7 59
27 2 24
19 7 59
5 26 26
6 14 93
41 72 59
46 60 59
100 32 100
49 22 59
95 5 59
17 5 59
66 76 59
7 76 59
77 75 59
42 7 59
66 29 59
68 8 59
8 40 59
3 38 59
72 49 59
24 77 59
56 27 100
41 44 59
60 100 24
76 13 59
53 14 59
46 42 42
5 68 26
20 14 59
74 59 59
57 2 59
3 29 59
24 59 59
13 44 26
57 32 59
46 86 59
77 44 59
82 49 59
42 73 59
27 22 59
57 24 59
59 5 59
77 24 59
75 60 24
3 82 59
14 5 26
49 46 42
91 66 59
75 5 26
46 13 59
28 17 59
