103 548 832
345 723 832
400 214 400
965 272 91
99 998 506
123 972 815
690 567 832
536 226 832
169 337 169
214 226 506
660 364 815
321 425 657
345 449 832
416 712 400
746 123 657
871 200 657
27 794 832
389 766 506
472 664 815
145 694 832
396 226 657
766 226 506
815 472 815
482 366 657
371 608 657
80 815 832
443 315 657
454 657 657
829 599 832
214 468 506
703 371 657
67 200 454
52 965 832
443 709 400
999 619 832
885 251 657
885 532 657
251 400 400
468 619 832
972 766 815
389 153 832
829 200 832
60 472 815
46 145 657
886 272 832
809 432 815
214 76 506
690 650 832
885 432 815
248 425 657
432 315 815
937 723 815
794 871 815
766 91 91
820 27 832
886 998 832
999 746 815
18 619 832
248 943 657
965 660 815
548 596 337
337 815 832
649 432 815
52 145 832
831 664 657
251 709 709
396 251 657
377 620 832
620 67 657
146 468 832
532 794 815
472 389 815
829 183 978
703 449 657
501 871 815
943 46 46
18 317 832
389 396 657
943 871 657
169 145 832
432 998 815
214 978 832
396 999 815
815 619 832
425 694 832
831 829 832
809 60 815
998 250 389
99 567 657
482 871 60
46 608 657
664 248 60
832 27 832
250 449 709
121 153 832
400 703 657
608 214 657
425 871 657
60 608 60
177 52 832
454 565 454
389 60 657
177 506 177
249 746 657
746 321 657
46 723 657
389 680 657
67 567 657
694 99 832
443 183 832
472 650 815
978 506 832
400 694 832
650 501 815
425 145 506
694 18 832
371 52 832
832 263 832
377 567 832
832 596 832
149 532 815
620 506 657
660 965 815
389 766 506
454 809 815
377 371 832
664 820 657
978 599 832
565 690 832
468 416 400
103 548 832
76 248 657
183 377 377
103 832 832
650 998 657
364 680 657
251 815 815
250 506 506
270 91 91
18 251 506
249 723 400
766 146 832
703 548 832
321 416 657
153 67 832
272 443 400
377 226 832
389 272 91
27 52 832
999 149 815
886 270 832
250 680 657
723 972 815
396 712 657
317 395 832
123 506 506
965 820 506
532 80 832
620 123 657
726 123 832
416 657 657
153 443 832
506 694 832
249 472 815
80 432 832
567 80 832
121 599 60
548 272 832
815 712 815
565 200 454
395 690 832
761 650 60
472 454 815
472 46 815
761 76 657
337 60 832
103 200 815
123 121 657
76 829 832
726 532 832
18 815 815
250 425 709
965 608 657
146 149 832
972 248 815
250 270 389
468 321 657
371 270 506
27 680 832
321 937 815
664 680 60
364 103 815
416 317 832
67 972 815
831 703 657
371 121 657
690 27 978
226 599 657
149 103 103
649 832 832
449 506 506
250 694 832
272 532 712
943 67 657
270 46 657
567 371 657
449 831 709
432 121 815
416 46 657
76 468 649
660 103 501
149 664 815
936 525 832
248 596 832
91 501 815
809 472 815
80 620 832
103 99 815
145 46 657
321 67 657
832 263 832
885 548 832
99 468 506
657 468 657
690 712 832
820 998 506
871 80 832
206 400 815
482 321 657
364 694 832
482 206 815
315 766 657
76 532 91
660 177 815
709 619 832
832 248 832
337 936 146
80 153 80
345 680 832
76 596 832
46 226 657
501 815 815
565 567 657
67 146 832
149 249 815
103 263 815
345 67 832
482 525 815
690 831 832
886 76 832
657 416 657
449 315 657
443 99 400
548 121 832
694 337 337
432 103 501
694 650 832
200 506 454
123 794 815
91 619 832
248 52 832
723 121 657
506 52 832
364 183 832
345 766 832
364 567 657
886 80 80
978 272 832
619 177 832
501 937 815
396 664 60
972 943 815
214 99 506
226 396 657
998 599 657
416 831 400
443 664 657
649 416 400
937 263 815
177 761 657
712 270 91
657 726 832
80 501 832
660 270 815
371 449 506
416 103 815
321 815 815
153 723 832
377 60 832
829 400 832
103 146 832
664 52 832
321 315 657
366 820 400
377 345 377
337 206 832
649 443 400
690 482 832
272 815 815
149 206 815
18 548 832
248 345 832
761 396 60
809 200 815
52 664 832
657 76 657
99 371 506
620 425 657
506 169 832
364 506 454
501 91 815
395 972 815
121 200 657
965 468 506
454 315 657
454 321 657
761 815 815
832 567 832
608 371 657
226 809 815
395 723 657
103 998 815
831 454 454
249 149 815
532 183 832
712 619 832
532 664 657
337 608 832
703 76 657
565 723 649
395 619 832
183 766 832
664 536 832
226 183 832
723 506 506
76 548 832
321 620 657
619 377 832
596 886 146
432 482 815
389 548 832
149 183 832
432 121 815
886 337 146
820 270 506
443 454 400
146 548 146
389 400 400
815 449 815
832 501 832
565 315 657
680 506 657
317 536 832
395 396 60
315 248 60
396 886 832
18 389 506
831 345 832
943 177 657
103 978 832
998 395 657
177 972 815
468 263 657
317 377 978
99 525 815
315 726 832
794 815 815
832 599 832
712 371 91
619 482 832
177 532 177
965 67 506
149 200 815
123 315 657
972 565 815
91 620 657
660 746 815
416 712 400
443 565 400
999 794 815
345 99 832
315 829 832
400 536 832
317 660 832
709 169 832
565 482 657
482 377 832
315 250 657
723 60 657
565 146 832
567 809 815
820 60 657
712 206 815
723 99 506
815 432 815
885 432 815
599 52 832
121 432 815
206 599 815
815 567 815
153 315 832
482 565 657
619 177 832
998 366 400
472 501 501
449 596 832
270 567 657
337 317 978
315 472 815
321 425 657
443 123 400
829 599 832
251 345 832
536 389 832
525 650 815
60 177 657
432 183 832
608 943 657
103 567 815
567 67 657
153 999 832
149 321 815
366 608 657
565 608 657
972 395 815
60 885 60
226 76 649
395 746 60
371 972 815
27 149 832
121 206 815
694 820 832
886 567 832
506 999 815
885 432 815
121 377 832
337 371 832
251 650 657
454 599 657
567 396 60
395 660 815
251 832 832
52 608 832
389 815 815
315 52 832
183 999 832
599 454 657
371 943 657
80 885 832
366 123 400
123 809 815
712 886 832
536 886 832
694 649 832
943 103 815
596 794 832
27 449 832
121 886 832
885 321 657
501 416 815
377 454 832
206 396 815
249 91 400
317 712 832
153 400 832
52 886 832
146 501 832
649 248 657
809 766 815
831 389 389
726 200 832
315 248 60
965 815 815
366 885 657
649 214 506
746 67 657
345 694 345
943 177 657
99 272 91
694 364 832
999 27 832
532 250 91
454 317 832
619 649 832
649 936 832
364 121 657
567 200 657
525 536 832
809 829 832
321 400 657
443 416 400
248 690 832
123 937 815
619 263 832
270 885 657
99 321 657
766 99 506
664 250 657
177 416 400
746 596 832
