356 608 856
366 257 856
887 257 856
13 739 151
465 206 151
88 420 856
239 316 856
887 736 856
714 349 856
408 585 856
137 286 151
137 891 856
856 928 856
701 755 408
870 714 151
420 235 856
974 928 856
608 149 13
13 952 856
701 312 856
344 887 856
109 191 856
972 755 408
925 442 865
736 920 856
509 891 856
621 952 856
597 953 928
374 420 856
755 60 856
870 22 856
66 227 856
366 54 856
274 608 151
149 928 856
597 206 856
360 356 856
887 842 856
925 769 856
399 974 856
66 227 856
468 319 856
612 891 856
151 408 856
106 88 856
189 374 856
54 312 856
356 442 856
421 612 421
456 745 856
427 925 928
856 612 856
420 349 856
427 953 928
891 953 856
349 887 856
750 137 151
40 304 40
40 865 856
701 856 856
745 727 856
953 972 856
191 769 856
769 60 856
420 305 151
374 621 856
913 88 856
541 925 856
745 312 856
920 147 856
887 597 856
621 612 856
274 787 151
849 468 856
189 137 856
427 147 856
714 68 856
360 304 856
40 254 856
521 612 856
768 433 151
928 316 856
755 13 856
870 865 856
257 421 856
419 952 856
239 305 151
147 865 856
274 54 856
279 887 856
856 344 856
928 140 928
787 227 151
972 736 856
736 421 856
112 925 856
952 312 856
485 319 856
768 239 151
887 349 856
68 304 856
348 739 856
891 149 856
870 348 856
558 787 856
920 88 856
419 91 856
842 970 701
235 750 856
68 727 856
928 621 856
727 891 856
137 274 151
608 375 856
570 569 856
739 928 856
509 891 856
366 570 856
541 925 856
191 465 856
375 88 856
421 569 151
421 856 856
965 224 965
399 206 856
106 891 856
356 769 856
279 485 856
456 787 151
849 319 856
312 272 151
920 442 856
427 585 856
340 106 151
68 608 856
585 420 151
727 227 151
340 22 856
348 701 856
870 151 151
714 420 151
227 768 768
112 54 856
701 925 856
755 585 856
974 375 856
820 509 151
849 714 151
952 787 856
66 739 856
739 356 856
621 305 856
856 419 856
360 151 856
13 421 112
849 68 856
597 755 856
366 257 856
887 701 856
304 958 151
849 701 856
257 227 856
925 66 856
66 920 856
727 887 151
701 40 856
140 348 856
974 140 856
714 235 856
582 88 856
189 820 856
701 856 856
442 316 856
621 521 344
701 469 856
305 224 151
768 40 768
442 585 856
147 112 856
849 274 151
22 279 856
769 189 856
865 887 856
750 856 856
399 442 856
787 239 151
340 469 151
60 608 856
953 755 856
433 399 856
541 768 856
736 149 856
701 736 856
206 521 856
727 419 151
972 112 856
272 60 856
286 558 856
304 399 856
701 442 856
304 608 151
820 569 151
106 149 151
739 509 151
304 612 151
60 925 856
953 750 856
419 569 151
870 54 856
887 151 151
399 227 856
106 870 151
925 274 856
91 54 856
375 13 856
40 972 856
316 274 856
349 701 856
521 612 856
970 433 856
305 149 151
958 585 13
239 433 151
952 891 856
112 66 856
569 820 151
68 319 856
348 616 856
54 60 856
257 356 856
316 374 856
974 235 856
106 88 856
224 399 856
485 304 768
421 149 112
468 972 856
953 235 856
612 356 856
582 149 151
755 140 856
570 60 570
558 974 856
913 541 856
509 456 768
570 442 856
768 68 856
257 714 856
235 22 856
541 891 91
140 727 856
366 928 856
952 612 856
112 727 151
621 820 856
286 224 112
608 137 151
316 465 856
147 465 856
701 408 408
239 274 151
137 274 151
925 616 856
616 88 856
91 360 856
235 972 408
465 468 856
227 736 856
420 920 151
91 420 856
787 366 856
887 714 151
891 112 856
541 745 745
925 304 856
348 109 856
887 191 856
427 257 928
68 22 928
66 68 856
239 736 856
865 286 856
701 541 856
344 865 856
109 137 856
521 316 856
585 456 151
356 420 856
374 755 856
147 616 856
274 953 856
701 427 856
66 755 856
399 521 856
485 701 856
279 891 856
750 349 856
419 736 856
755 745 856
106 485 151
147 360 856
319 304 856
54 408 856
112 616 112
374 456 856
60 257 856
319 769 856
312 972 856
558 621 856
569 509 151
340 739 151
465 189 856
442 109 856
254 40 856
60 375 856
13 254 856
870 621 856
972 420 856
913 608 616
965 727 151
137 40 40
348 349 856
612 189 856
952 608 856
54 224 856
727 541 856
865 442 865
856 569 856
239 597 856
375 953 856
469 442 856
408 235 408
736 68 856
137 736 856
769 750 151
920 13 13
224 597 856
66 13 856
340 608 13
755 344 856
224 151 151
970 736 856
925 374 856
727 745 856
319 304 856
312 485 768
701 257 856
304 239 151
191 953 856
842 974 856
465 849 151
149 40 151
485 842 856
239 106 151
612 106 151
856 952 856
736 356 856
112 191 856
13 887 13
312 112 151
319 399 279
469 224 151
569 755 856
227 442 856
257 597 865
597 344 856
304 849 151
305 928 856
151 769 151
887 842 856
769 953 856
965 442 856
608 239 151
206 88 856
769 465 151
469 456 151
820 870 151
456 701 856
279 360 856
870 408 856
191 305 856
970 608 856
616 701 856
88 736 856
140 714 856
608 965 112
286 965 112
856 272 856
91 953 856
149 151 151
842 366 856
235 340 856
842 570 856
137 147 856
469 485 151
521 887 856
820 189 856
965 286 112
585 485 151
768 442 856
769 621 856
427 235 856
13 787 13
344 925 856
608 952 856
312 755 856
714 745 856
319 13 856
399 235 856
856 736 856
399 106 856
149 254 856
870 891 856
887 91 856
469 585 151
189 356 856
408 319 856
582 920 151
541 151 856
887 925 856
274 286 151
485 928 856
360 456 856
974 420 151
316 739 856
616 787 13
701 953 856
366 485 856
235 66 856
427 849 856
224 408 856
316 286 856
736 109 856
279 842 856
375 151 856
319 920 856
54 585 856
465 585 151
279 235 856
91 891 91
521 701 856
820 842 856
887 191 856
140 191 856
965 755 856
608 427 856
22 375 856
348 140 856
570 279 279
279 558 856
60 887 856
820 465 465
597 348 856
66 541 91
842 191 856
91 254 856
965 970 856
60 420 856
465 582 151
974 509 151
887 739 151
305 279 856
485 312 768
272 149 13
420 147 856
286 925 856
147 356 856
149 442 856
304 235 856
68 456 856
316 970 408
465 621 856
465 755 856
191 597 856
521 612 856
149 60 856
913 91 856
272 621 856
366 272 856
189 91 856
22 736 856
920 925 856
974 344 856
714 469 151
206 360 856
570 887 856
140 891 856
952 928 928
140 739 856
925 340 856
925 366 856
420 768 768
570 597 856
585 465 151
239 344 856
257 427 928
925 421 856
68 360 856
974 279 856
891 399 856
