774 779 848
536 25 848
771 449 848
308 602 848
791 954 848
286 277 848
784 131 848
770 784 848
121 597 848
987 979 848
375 509 848
936 592 848
935 143 848
820 416 848
931 155 848
722 354 342
284 237 848
133 229 848
226 855 848
199 177 848
184 449 848
434 177 848
151 514 848
315 11 848
803 151 848
910 851 848
55 874 848
874 466 848
741 155 848
276 79 848
81 722 848
609 993 848
3 771 848
513 694 848
728 970 531
121 634 848
300 756 848
852 910 848
681 791 848
254 2 848
141 548 773
821 403 848
862 22 848
132 413 848
299 234 848
9 615 848
329 912 848
413 347 848
692 927 848
980 284 848
92 268 848
84 173 173
278 171 848
862 854 848
449 20 848
238 928 848
818 21 848
31 542 848
349 196 848
288 424 848
128 984 848
624 930 848
41 254 848
927 56 583
308 697 848
460 484 848
590 2 471
332 176 848
865 90 848
405 536 848
473 246 848
893 989 186
449 720 848
134 573 848
504 670 848
548 536 848
342 370 342
282 897 848
582 898 848
753 740 848
78 403 848
96 728 848
390 164 848
433 851 848
969 322 848
215 221 848
624 231 848
83 535 848
824 383 848
835 915 848
697 583 848
55 900 342
552 886 848
757 223 848
504 730 848
535 566 848
229 280 848
20 371 848
279 51 848
472 845 848
990 538 471
609 859 848
417 732 848
316 169 79
774 737 848
771 851 848
484 226 848
882 642 79
371 771 848
41 369 848
199 373 848
156 738 848
353 222 848
559 900 848
441 822 848
701 819 848
229 998 848
902 90 848
807 696 848
754 134 848
845 848 848
102 433 848
972 753 773
930 165 848
141 467 848
701 238 848
202 215 848
196 84 848
325 627 848
246 416 848
963 223 848
603 984 848
830 224 848
973 431 848
474 363 471
194 454 848
923 155 848
386 406 848
777 463 848
168 41 848
121 151 848
874 695 695
521 196 848
266 756 848
809 824 848
890 368 79
544 438 848
592 463 848
91 756 848
968 615 848
624 10 848
471 36 848
35 678 848
985 301 186
531 36 848
134 737 848
29 58 848
868 790 848
340 221 848
694 324 848
385 538 471
402 253 471
635 287 848
524 294 848
388 231 186
368 287 848
389 689 350
521 31 848
370 548 848
785 689 848
312 155 848
7 984 848
753 331 848
362 786 848
732 739 385
31 143 848
930 871 848
747 971 848
643 269 848
573 601 848
968 397 848
343 560 848
327 424 848
325 848 848
83 935 848
327 406 848
428 831 848
266 1000 902
176 774 507
279 824 848
683 131 848
657 732 848
453 759 848
303 238 186
925 927 848
415 369 848
541 158 848
25 737 848
831 732 848
467 989 848
603 513 848
312 133 848
284 77 79
162 549 848
579 998 848
29 642 848
734 334 848
756 684 848
420 157 250
893 543 848
549 769 848
96 307 848
915 19 848
444 3 848
848 394 848
350 497 848
678 702 848
868 179 848
183 88 471
407 109 848
368 297 848
993 167 848
839 471 471
910 176 848
347 368 848
784 186 848
493 9 848
759 474 848
81 582 848
646 78 848
886 915 848
756 556 342
638 102 471
131 448 998
904 7 7
350 806 848
58 453 848
862 721 848
77 474 848
651 559 848
897 272 385
222 651 79
777 643 848
238 156 848
760 936 848
368 342 848
314 223 58
224 532 784
737 627 299
119 91 773
741 301 848
430 993 848
894 411 848
628 88 559
36 990 848
671 90 848
968 809 848
167 947 848
592 683 848
223 196 186
417 697 848
80 828 848
694 77 848
420 179 848
327 316 848
265 369 848
141 560 848
979 59 342
165 158 848
296 288 848
288 382 848
6 104 848
260 553 848
135 476 773
955 452 848
133 276 848
165 42 848
671 36 848
116 635 848
898 533 848
971 39 848
350 536 848
109 862 848
141 164 848
922 363 848
119 253 848
388 280 848
279 104 848
822 780 773
26 35 342
607 978 342
916 566 848
184 524 848
423 627 848
893 806 186
223 460 848
543 757 848
269 956 848
559 832 848
931 807 848
258 277 848
315 158 848
740 932 848
210 326 848
156 113 848
32 276 848
397 446 848
121 590 848
11 821 848
164 309 848
971 471 848
538 238 848
58 6 848
121 287 848
448 133 848
683 98 848
663 956 325
636 541 848
476 177 848
299 628 848
400 186 848
473 549 848
265 874 848
411 976 848
327 882 848
930 229 848
171 923 848
324 584 848
543 400 848
685 527 848
237 90 848
830 217 848
836 583 471
738 235 848
320 747 848
451 785 848
851 587 848
287 615 848
799 126 848
675 32 848
689 150 471
413 809 848
523 710 848
893 288 79
385 827 471
280 369 400
998 267 848
254 491 848
27 297 848
719 87 848
615 31 848
770 817 848
651 845 848
324 266 848
504 210 848
681 615 848
705 209 471
674 202 848
634 370 848
530 418 848
135 416 848
710 124 773
417 701 848
51 608 848
740 260 848
807 636 848
543 403 507
222 329 79
932 821 848
474 890 848
31 281 848
6 586 848
270 738 848
936 320 848
126 677 848
684 362 79
971 400 848
921 646 400
785 27 848
976 586 848
862 859 848
740 449 325
290 476 848
741 237 325
434 491 848
957 54 79
79 385 848
890 732 848
199 933 186
501 102 848
156 368 848
141 116 773
707 711 848
3 332 848
92 327 848
98 691 848
405 179 848
460 491 848
431 375 848
258 288 848
732 54 848
171 935 171
369 868 369
466 808 848
169 753 848
397 476 848
721 177 848
710 234 848
42 778 848
855 55 342
692 732 848
480 777 773
394 678 848
19 773 848
824 362 79
369 552 848
322 405 848
171 774 848
156 19 848
454 601 848
803 957 848
817 741 848
509 803 848
790 709 848
925 651 186
272 774 848
111 224 848
428 598 848
35 590 848
717 467 471
834 297 848
701 508 848
893 780 848
848 375 848
216 900 848
646 651 848
433 202 848
809 394 848
548 634 848
235 809 848
708 347 848
307 675 848
187 922 848
521 602 848
331 598 848
527 615 848
1000 328 848
531 19 848
910 862 848
709 376 848
904 25 848
473 598 848
692 164 848
530 91 848
267 423 531
548 586 848
956 430 848
819 730 848
69 50 848
418 553 848
406 484 848
173 969 848
828 303 848
413 523 848
350 95 848
531 57 531
705 460 848
946 437 946
803 893 848
453 332 773
294 320 848
929 332 848
540 818 848
497 216 848
592 923 79
868 911 848
134 82 848
324 513 848
985 128 79
923 732 848
835 173 784
288 998 79
935 704 848
297 444 848
806 363 848
598 340 848
912 972 848
984 722 848
269 597 848
692 655 848
186 646 848
754 820 848
930 803 848
408 135 848
229 573 848
636 169 848
854 88 848
280 770 400
809 362 848
628 167 848
