2578 1637 4127
4856 258 148
4688 9113 3574
6294 7454 6269
1084 6143 148
8296 940 3574
9910 3582 3574
1828 6749 3574
8159 1806 148
940 3050 4127
5936 9113 3574
964 3207 3574
1844 6826 3574
9825 236 148
4548 3429 3574
9994 9031 1828
4343 6276 4127
1232 4358 3574
4163 7286 3574
2378 148 3574
8900 4524 9176
3485 3574 3574
1806 5756 3574
2480 7470 3574
3691 2573 3574
5235 8309 3574
9257 8309 3574
516 8955 3574
9068 9052 3574
9082 7027 350
2280 4258 3574
7385 5235 3574
2748 7844 3574
7219 8796 3574
224 7542 4127
7761 4856 3574
4936 912 3574
1828 5790 3574
1256 7202 6786
5725 1730 3574
7738 3234 3574
2339 9257 3574
5374 8489 3574
3069 8253 3574
5725 1232 148
8443 1359 3574
5383 3207 9176
5899 8255 3574
3234 521 3574
1500 3599 3574
491 1084 3574
8307 4489 6786
3111 6491 6786
1581 8848 148
2378 3599 3574
1592 1353 3574
4129 4189 3574
5873 940 6269
4268 2297 1828
6971 8125 3574
7659 9423 6786
6988 7671 1828
7027 6276 4127
6269 2573 4127
2172 915 148
6129 8185 3574
940 1268 4127
4310 667 3574
6082 7180 3574
4936 5368 3574
7286 991 3574
1500 9925 3574
1592 8869 3574
6339 1084 3574
8514 2885 4127
2375 7602 3574
2952 7602 3574
5699 3568 3574
5936 2663 3574
6786 3943 3574
2578 8307 3574
5936 7584 3574
9015 9544 8866
6244 1962 9176
6971 566 3574
1429 7128 3574
8253 5646 4127
3909 1247 4127
9508 4950 3574
6491 8033 3574
5235 3909 3574
9113 9265 3574
9845 418 4127
3093 9052 3093
9272 5283 3574
6339 9477 3574
1581 1628 3574
2293 7154 148
2688 9544 6786
8119 1063 3234
4310 5988 3574
8788 1201 3574
4383 2754 3574
2480 5374 3574
3505 7128 3574
9335 5808 3574
5585 1883 3574
4358 4785 3574
4189 4950 3574
9858 2663 3574
6276 302 4127
608 3589 3574
2953 1439 3574
5073 9109 3574
2134 4377 912
4752 4580 3574
9564 2970 3574
7671 8033 3574
9994 4833 4127
9090 9015 3574
5639 8673 3574
4127 8424 3574
7761 9473 3574
5988 2043 3574
7309 4941 3574
9257 1537 3574
4363 9335 3574
1439 6971 6786
2294 3582 148
9858 9825 148
8151 1268 3574
6761 991 350
6022 351 3574
2294 8582 3574
1256 7945 3574
5209 6765 148
6613 1805 3574
2141 5451 3574
6207 543 1828
9732 4936 3574
9004 2524 3574
5779 964 3324
7048 4536 4127
2626 7748 3574
5817 2754 3485
4053 5376 148
4637 4941 5259
9564 9109 3574
5254 2694 350
3429 9707 3574
7260 31 3574
7013 8278 3574
4950 9109 6786
2087 1828 1828
4785 5383 3574
1485 964 3574
4359 413 6269
8834 3136 6269
8296 4918 3574
4548 3754 3574
2534 5258 3574
2877 8797 3574
3664 6786 3574
1102 8834 3574
3330 1005 3574
1627 1805 3574
4066 6276 3574
6505 9960 3093
9588 2378 3574
350 4637 3574
7529 170 6269
1891 3136 6269
1759 1410 6786
2271 4678 148
0 7090 912
8577 3717 1891
5235 4777 3574
3691 4163 3574
7584 302 3574
6244 8489 3574
1627 5991 3574
2333 2952 3574
9466 5266 350
2970 3852 3574
2553 4516 3574
6848 1370 4127
4833 7007 3574
7844 5991 3574
8255 5756 3574
7925 6143 3574
2970 3069 3574
9477 7034 3574
1044 8332 3574
4604 3429 4127
7374 491 6269
8630 9960 3574
8119 4690 3234
4359 4936 4127
4633 8135 4127
4580 880 3574
9808 5779 3574
3505 8151 3574
9423 2339 6786
7738 9000 3574
6795 1072 148
2297 3485 3574
7219 3234 3574
9000 31 3574
7925 6752 4127
5258 9707 148
2482 75 1828
3234 4268 1828
7844 6795 148
1247 7741 4127
5743 5725 3574
6726 6640 4127
8848 3852 6786
9256 5936 3574
5376 7202 148
9052 8589 3574
1110 7602 3574
1072 4001 148
1407 6761 3574
7614 7374 4127
3664 9154 4127
4678 4606 3574
605 4516 3574
3135 9031 3574
3700 9466 3700
9031 3234 1828
5585 8119 4127
6826 2339 6786
7048 1232 3574
2601 170 3574
193 1410 3574
9335 4258 3574
7907 8705 3574
9015 5374 3574
5266 8991 3574
4053 4941 148
3821 5258 6786
1099 4359 3574
7180 3135 3574
8138 8119 9176
9808 6129 3574
8217 8443 3574
7219 4891 3574
4661 1709 3574
5646 1656 1805
5258 8520 6786
1516 1219 4127
1027 2748 3574
9776 8797 912
6023 216 3574
5646 5368 3574
2885 4690 4127
5646 605 3574
9109 2920 3574
5166 7907 9176
2236 8119 3574
7945 605 3574
2757 4775 3574
8456 9766 3574
4678 4779 3574
1269 8900 4127
9082 9031 1828
8514 7013 3574
4001 1637 3574
5466 8236 3574
8159 7219 3574
3196 8159 148
4358 7135 3574
8456 2236 3574
2378 7027 4127
2749 9216 3574
3196 4661 3574
6988 1272 3574
7786 9154 4127
5705 4918 1828
6971 4950 6786
2318 9366 3574
3111 5699 3574
8822 3852 3574
2754 3135 3574
7907 8253 1828
6752 1353 6219
5027 6486 3574
1730 5873 4127
9655 8797 3574
1806 9161 3574
1353 6207 4127
1628 5576 3574
9588 4950 2294
9759 4700 3574
716 6632 3574
7907 3505 3574
8797 1104 3574
9176 9004 3574
3589 8135 1828
1219 5833 3574
6596 5376 3574
8884 566 3574
1581 8307 148
2087 5254 350
2318 3485 3574
7224 4211 3574
2375 9015 3574
6335 258 2294
2318 5988 9176
667 4752 3574
2042 7907 1828
4363 3909 3574
3700 8582 3700
7529 8582 4127
7454 4516 3574
7978 3207 3574
5258 8869 3574
3869 2624 3574
1709 2754 3574
1211 1637 1828
3114 9994 350
3207 4779 1828
4268 7013 3574
1487 6752 3574
5283 4700 3574
5374 9806 3574
6082 5451 3574
5512 940 4127
8138 1637 1828
6339 566 3574
5779 6244 3574
2553 3582 3574
5035 160 9176
1627 2899 3574
2749 5035 3574
7090 626 6786
3257 2333 3574
9759 8797 3574
6286 3980 3574
9806 3980 3574
4779 3852 3574
1353 9265 3574
1537 4740 3574
5466 3234 3574
7614 4883 3574
5191 7542 3574
9000 1005 3574
4129 3754 3574
4896 7741 3574
5073 5833 3574
1730 1044 3574
5873 9994 4127
6432 4833 4127
2754 3257 3485
4993 3196 6786
6335 1592 6786
2694 1232 3574
6752 4918 4127
3909 9960 3574
224 7034 3574
4950 4211 2294
626 6432 3574
521 8848 3574
8646 4633 3574
3599 7013 6786
216 1656 3574
7260 4001 148
7786 7154 3574
9161 2043 3574
4993 2663 3574
4211 2899 3574
8630 6486 3574
9034 1102 148
6286 612 3574
4129 6244 3574
418 0 3574
9176 6858 4127
9655 626 3574
8439 415 350
4918 2271 3574
3869 6207 3574
964 204 9508
6765 9601 148
5705 4950 3574
8673 7013 3574
8197 1108 3574
1063 2688 3574
1806 7786 3574
5639 6491 3574
2480 8135 3574
5615 4516 3574
3234 566 350
8866 7907 3574
9950 7738 6786
7048 6632 3574
3869 8138 3574
6795 8033 3574
7000 8955 9176
9759 2573 3700
4950 7529 3574
6640 7135 3574
5699 4003 3574
2480 5756 3574
4003 2271 6786
6276 2333 4127
6079 8217 3574
5779 2573 3574
4127 2920 4127
991 1439 3574
3050 9994 350
3234 7907 9176
369 8646 3574
0 2759 3574
3234 8119 3234
4891 4690 3574
605 7800 3574
9845 2748 3574
4490 7013 3574
9176 642 4127
7813 6023 9176
3691 9845 3574
2346 8834 4127
7034 8033 3574
2694 5576 3574
7128 9210 3574
3207 915 3574
9031 3852 3574
3869 3324 3574
6339 5699 3574
7693 4129 3574
6335 8514 3574
5665 9732 6786
8424 1628 3574
6752 7671 4127
4268 6156 1828
4775 4211 6786
1110 3330 2294
489 6763 4127
1805 2042 4127
5873 2885 4127
1407 9090 3574
7844 7761 3574
4803 1806 6786
9109 4785 7659
8309 4516 6786
2694 3568 3574
1439 8884 3574
521 9950 3574
3175 608 3175
9960 9031 3574
8456 7978 3574
7000 5665 3574
4359 4573 3574
1188 4268 3574
1386 9423 8866
5921 302 4127
5166 3582 3574
3664 1759 3574
8589 3401 3574
6786 8663 3574
9601 4490 3574
5585 8582 4127
8900 7887 3574
7027 8796 7385
1104 4690 6432
4661 170 3574
6482 5035 3574
160 3717 4127
2297 8796 350
5466 4661 3574
2280 9655 4127
1063 6156 3234
4775 7542 3574
6129 5629 3574
5819 3235 4127
4524 7813 9176
6244 6022 350
1359 8822 4127
3235 7072 3574
5991 1393 3574
9950 5615 3574
4690 1805 4127
1592 2885 3574
8822 915 3574
605 7034 3485
9272 4678 3574
2578 193 6269
6014 4777 148
2609 5258 6786
5186 9090 3574
1628 2346 350
1805 3135 3574
6749 1487 7659
4779 1201 3574
6749 4633 3574
1272 6763 3574
5817 9466 3574
2236 543 3574
5122 9766 3574
7659 4779 3574
