18992 57371 26636
29913 65500 65867
35990 98552 26636
83432 80907 26636
73090 89583 26636
7682 778 26636
10750 96669 26636
6932 37605 26636
46497 79991 26636
18992 89957 26636
56567 8754 26636
5275 56700 26636
16690 18992 26636
82527 69318 26636
76359 60116 26636
59857 26850 26636
29637 69751 26636
5433 87919 26636
62067 41937 26636
40599 94774 14880
24558 86588 26636
51277 91613 26636
20198 23963 26636
20177 13685 26636
38371 68287 65867
13664 47330 26636
57350 33145 26636
50788 92404 26636
23124 45623 26636
5446 34077 26636
60363 67850 58241
12325 68725 26636
40798 49360 35080
12779 57630 26636
25577 46524 26636
49005 43761 14880
95622 36709 26636
49109 38346 35080
84172 49005 26636
64525 67349 26636
71424 3312 26636
39911 33403 26636
39720 29637 26636
46431 90363 26636
40107 20094 35080
74030 89583 30963
20094 78149 35080
99815 95991 35080
89957 74030 26636
38975 73858 26636
40975 37856 26636
5014 97848 26636
7844 58765 26636
3983 13135 26636
60065 98590 26636
35748 26036 58241
37382 24523 35080
92410 51252 26636
27508 77673 14880
69751 36188 26636
28117 39977 26636
51693 37503 58755
79330 97638 26636
45947 84136 26636
58742 69053 26636
60116 4332 26636
54284 67200 26636
78970 16512 26636
98878 89216 40245
15371 95661 26636
83746 2228 26636
7700 85290 26636
57209 34874 26636
29559 97848 26636
97795 67609 35080
11314 42121 65867
41700 46803 26636
48491 80989 65867
31840 57283 26636
17127 86399 35080
89334 24545 26636
70886 12894 65867
39270 11599 68848
49208 51641 26636
54122 55580 35080
97739 69312 26636
58396 10906 26636
9133 89957 7523
66803 25289 65867
82596 60064 26636
56408 12659 26636
35748 1884 26636
61779 11599 26636
24545 8754 49952
14823 63291 35080
481 46497 26636
15112 92236 26636
29290 9642 63439
32155 47330 26636
91296 91436 35080
4649 7403 26636
73053 64187 26636
68848 17056 35080
57350 80701 26636
5446 43544 26636
20685 67082 26636
84130 65603 58241
56274 59704 26636
80814 56700 26636
54806 31891 26636
95657 98355 26636
79641 63528 26636
86764 81146 26636
13853 53737 26636
82415 50747 65867
63944 13363 26636
23058 35312 26636
35187 42691 26636
42121 22547 26636
78756 29329 65867
20094 8754 26636
92266 19729 26636
86064 61812 68848
66480 5553 26636
83973 97795 26636
64457 35312 26636
24558 43761 40798
60116 75317 26636
15809 20177 26636
52451 31941 26636
76359 14602 26636
2903 47620 26636
5317 72053 35080
63291 64156 14880
86315 68825 65867
25669 22547 26636
29627 85986 26636
67106 32322 26636
45941 22773 26636
64313 88342 26636
73311 68725 35080
26498 39960 26636
76050 46431 26636
46781 27283 35080
26743 43544 26636
54047 18956 26636
96720 68741 26636
8998 5118 26636
28433 97905 26636
68940 7700 65867
88626 35541 26636
94774 35664 26636
27283 29696 35080
670 78840 35080
63739 12859 26636
68725 5996 40798
49352 2175 26636
42668 1750 26636
55639 4952 49952
79991 7700 7700
2175 53268 26636
90363 39977 26636
35444 36188 26636
62797 12678 26636
75359 4660 26636
56580 92779 35080
16690 3524 26636
1677 99535 26636
6495 38308 35080
41723 88438 26636
27283 67328 65867
76037 2260 35080
73311 48637 35080
66556 18965 26636
57556 5677 26636
88626 9133 26636
47147 94774 26636
85199 64895 35080
69898 89609 35080
82415 69690 26636
19847 51183 26636
18992 17432 26636
10259 68646 26636
10219 44330 26636
68903 65662 26636
70019 69898 35080
45662 46781 26636
66891 64076 26636
14185 14832 40798
51921 78698 26636
90109 89552 26636
43154 19770 26636
24667 11599 40798
78251 21505 26636
3271 46610 26636
94906 85006 58241
2093 9536 26636
56470 20302 26636
26914 51693 26636
95962 75023 26636
3662 63978 26636
49364 20380 26636
83979 27283 35080
69004 86233 26636
77833 26636 26636
66856 79160 26636
90109 62321 40798
48637 67850 26636
95991 29902 35080
80701 18865 65867
62763 12659 26636
76037 51261 26636
10674 13363 35080
45896 27283 65867
33403 7403 35080
79991 65867 65867
74398 40034 26636
70474 49109 35080
715 47614 26636
60065 77017 35080
67013 91814 26636
84978 49364 58241
51921 11478 35080
57283 29696 35080
24744 5433 26636
60065 78566 35080
43761 98590 26636
91096 97638 35080
76728 47618 35080
80964 61812 35080
79160 66014 35080
68741 59300 26636
78566 49483 26636
92410 85199 26636
51940 46524 26636
4814 94261 26636
84003 70571 26636
40034 959 26636
10349 32556 26636
83432 15120 26636
12859 62303 26636
14998 76037 26636
64625 84172 58241
20230 27913 26636
8754 12741 26636
20685 20198 40798
86764 4070 40245
55639 70374 26636
68699 68825 65867
83165 63291 26636
62303 73621 26636
41789 87377 26636
50788 81684 26636
21809 76037 35080
47273 92810 26636
60064 48709 26636
63757 67850 26636
98611 91613 35080
24523 98869 26636
91731 45613 26636
1062 2093 58241
68593 93209 26636
42658 35490 26636
3524 46803 26636
5608 58554 26636
36073 87443 35080
54702 7923 65867
91436 77673 14880
33806 43544 26636
45946 22976 26636
15481 36965 26636
14998 88558 26636
63350 75288 26636
47618 65752 26636
82415 74087 26636
2175 32031 35080
45946 49545 26636
78929 72657 26636
17602 63944 26636
46497 78840 26636
52964 40239 26636
63739 66951 26636
66014 89552 26636
79498 89957 26636
1884 28728 26636
37503 2730 26636
76059 55642 26636
92266 1750 26636
71424 84078 26636
45941 99580 14880
20198 5677 35080
7836 79991 26636
82596 27159 26636
57556 54405 90363
32539 77071 26636
52216 8252 65867
6996 51252 26636
46123 71424 26636
6371 69495 26636
60216 9587 26636
68825 16157 65867
55350 12766 26636
58063 27802 26636
56084 69318 26636
37659 43154 26636
15112 23832 26636
63757 56375 26636
12254 5608 26636
53073 49364 26636
54218 1319 26636
4238 14602 90363
46781 38445 26636
12325 86588 58241
41937 51183 26636
30008 51508 26636
75484 10213 26636
19791 75028 65867
90316 36965 26636
79562 79136 26636
23029 31120 26636
17450 20380 26636
4952 86600 26636
63757 96011 26636
35490 72098 26636
10750 24744 26636
11599 70474 11599
91613 8614 65867
63482 11041 26636
72053 34650 65867
73053 17602 26636
45177 84003 26636
12779 89957 40798
53737 69312 26636
30738 43644 26636
79991 98404 26636
6406 94378 26636
88438 69650 35080
64313 20515 26636
23978 31637 26636
98104 26611 26636
85366 69225 26636
60363 91613 26636
45177 86922 26636
72625 42480 65867
2175 20094 35080
58931 5317 40798
91296 64805 26636
24209 13363 26636
2093 27201 26636
85199 52665 14880
53775 14279 26636
46147 59965 26636
86233 670 35080
90363 47552 26636
68903 66951 35080
53073 5553 26636
78698 26914 26636
27913 61812 26636
37231 91096 35080
48700 10259 26636
9536 44471 26636
13135 19770 26636
6932 29640 65867
85199 4070 47973
68699 22549 26636
64156 56580 14880
49005 64150 26636
41135 23029 26636
52488 30882 65867
68825 37354 26636
25237 84003 26636
69225 18992 26636
51745 39960 26636
67013 49899 58241
56309 60363 58241
92810 76059 26636
715 58742 26636
715 17127 26636
80814 49899 26636
22121 3225 26636
89159 49743 58241
68940 42691 26636
47973 70571 26636
13135 64156 26636
7567 41789 26636
48637 46147 26636
64625 18523 26636
47618 76135 65867
34147 58765 26636
53833 44885 26636
22808 72053 14880
89216 35659 35080
14880 29627 26636
35939 64457 26636
66891 25232 26636
42992 9046 65867
27802 59169 26636
83191 93575 26636
87443 5677 35080
4070 20275 65867
19770 41362 35080
68287 47368 26636
89552 12779 26636
14834 7836 38445
64625 73014 26636
79261 56470 26636
49005 92404 26636
31637 66556 10856
37134 75484 26636
14095 33332 26636
17432 8591 65867
58575 65752 26636
54304 12678 26636
49109 9536 65867
9457 54405 26636
66042 46524 26636
28433 17450 26636
14144 71956 26636
65152 29637 26636
54304 24744 26636
69421 10034 65867
80597 22547 26636
86600 84003 26636
83478 59857 26636
42025 7830 35080
19285 14834 26636
19847 46801 26636
75359 23281 26636
75543 71424 26636
65752 20380 26636
61693 5215 26636
43644 49028 26636
25207 15481 35080
45662 38445 26636
10521 66891 26636
80907 64076 35080
63757 65867 26636
15120 45368 26636
51745 30008 26636
7403 4660 26636
41362 88438 35080
5996 11041 26636
52893 26850 26850
73014 20685 40798
5167 47147 90363
24558 2573 35080
68593 79735 35080
82270 86857 26636
34077 70021 26636
52494 32556 26636
85779 22079 65867
79330 67349 26636
52964 60050 58241
45946 26139 26636
3628 59169 16512
89609 92515 26636
5956 6106 26636
6259 38371 65867
89211 10856 26636
79160 72625 35080
3983 97739 35080
31829 40092 26636
79160 5413 35080
33332 66632 26636
16690 70852 26636
70724 70646 65867
49545 10219 26636
47552 38716 26636
68287 3628 26636
13664 89804 26636
94906 58575 26636
29696 154 26636
63739 59542 26636
3662 88626 26636
55430 56470 26636
41031 24667 26636
19908 24177 35080
14823 79330 26636
45177 8359 26636
50090 83165 26636
51508 51264 26636
38308 32155 26636
22025 61946 26636
78566 8754 26636
64457 12741 26636
69312 56408 26636
64150 75288 14095
15120 74087 26636
16512 27278 26636
69421 21809 35080
55544 55642 90363
91436 49545 35080
51921 37186 65867
49545 40245 40245
27508 46803 26636
37354 97795 26636
38346 8359 65867
69810 23989 26636
2228 36061 65867
15697 52488 26636
66556 77673 14880
55642 20432 26636
24987 6495 35080
24545 74087 49952
49769 73621 65867
51252 26036 26636
15068 58575 26636
26930 90631 26636
54702 39720 35080
46459 4649 26636
25237 86926 26636
86926 76585 35080
8754 44330 26636
82611 20275 26636
84130 36073 26636
12254 96669 26636
92266 45947 65867
10856 45947 35080
33145 98878 35080
46174 43544 26636
42992 77531 35080
35891 80964 65867
84136 27411 26636
25448 65110 26636
91296 49545 35080
62303 73942 26636
95657 7523 40798
95657 66630 65867
96766 98590 26636
29640 79562 65867
26636 66951 26636
67850 75023 26636
66322 59965 26636
74030 52451 58241
60216 73311 35080
47263 9382 26636
9132 60065 65867
14523 12659 26636
27626 27332 58241
69898 49899 26636
92404 40113 26636
58554 27775 26636
57556 42664 26636
73332 14880 14880
85723 41031 26636
86399 6172 35080
88698 1062 26636
90631 45623 26636
70474 58063 26636
95991 70724 65867
38445 70724 26636
27626 31891 26636
54304 13685 26636
58554 8445 26636
96920 64625 90363
53073 20432 35080
22976 61101 65867
26498 80702 26636
53737 4070 14880
85199 94906 26636
27714 8998 35080
14602 77673 26636
12718 63482 26636
78942 26611 26636
69810 35243 26636
85366 84899 26636
38975 28697 26636
9133 39270 68848
96669 44698 26636
6418 11035 26636
7682 6564 26636
38371 24372 65867
61575 25454 26636
49899 78756 26636
98580 42668 26636
15589 91731 26636
44698 98869 26636
15738 99815 35080
27283 46803 26636
5016 79160 40245
74030 11482 26636
40975 20515 14880
63739 37629 58241
3747 35664 26636
6841 31941 26636
66042 89804 26636
75288 57381 26636
70019 30008 26636
13363 4238 26636
57630 33145 26636
79863 6486 26636
61220 89159 58241
34147 64895 26636
40239 46459 26636
53833 33059 35080
79374 43761 35080
68699 74398 26636
83569 12678 14880
77531 95271 65867
23096 36865 26636
68646 98611 26636
2228 15371 26636
19241 72098 40798
7567 41937 26636
40034 17544 26636
77531 51921 35080
16512 35312 16512
26930 88991 65867
63439 11478 63439
35119 41268 26636
95661 9536 65867
54047 84130 26636
52488 26859 35080
87377 18865 26636
83979 37856 26636
23459 63944 26636
64313 481 26636
22121 72657 26636
49109 27159 26636
67106 66322 35080
65152 80910 65867
56567 35664 58755
41103 63739 26636
46174 1677 65867
81509 46801 65867
78756 57751 26636
98104 35266 26636
23099 15120 26636
88342 77480 26636
85896 15112 26636
31996 49545 35080
58063 17544 26636
14834 44629 26636
5678 63482 56250
78970 51687 26636
23124 4649 26636
98878 25577 65867
56233 72170 26636
20198 95991 35080
79863 8754 79863
22953 3524 35080
38810 91229 35080
67082 10259 26636
60064 56084 26636
38299 24251 65867
66556 60216 35080
40798 69751 26636
2260 55873 35080
64076 59857 26636
29329 88558 26636
35659 1677 65867
27913 95661 26636
51196 12779 35080
61812 74030 26636
49953 51508 26636
24667 18696 26636
20685 78942 26636
25577 7523 65867
88439 25577 65867
95657 95622 35080
91814 35080 35080
15738 3575 35080
81646 32556 26636
4660 18523 26636
25577 19770 65867
57626 42664 26636
65752 54405 26636
30625 56580 35080
46947 6106 58241
13853 64156 26636
26139 55639 26636
25669 14834 26636
19729 26914 26636
28211 77343 28211
43761 26036 26636
23832 79641 35080
778 88883 49952
933 78216 26636
83314 43761 65867
87919 1677 65867
15697 13664 26636
83432 11314 26636
46801 45623 26636
28433 94714 26636
50747 62067 26636
52488 94210 26636
25448 4822 35080
26036 26636 26636
66322 17325 26636
42992 11039 26636
59680 37629 26636
70021 83432 90363
20432 64150 26636
4238 92236 26636
61946 11305 26636
72117 75317 26636
67850 850 58241
40990 14823 65867
80814 65766 26636
73073 42502 58241
17450 67106 26636
8359 61946 26636
19791 27283 27283
46524 55639 26636
96766 36512 26636
97848 69318 38445
70019 23459 26636
79160 56274 35080
86399 34874 35080
86926 78276 26636
36965 61038 26636
90109 78756 35080
5167 25232 26636
52964 65662 26636
55639 9536 26636
69053 3994 9132
76187 77071 14880
55753 35266 26636
76244 85891 26636
98404 47359 26636
53833 10521 35080
77468 65152 26636
65752 55104 26636
45941 38308 14880
15809 51641 58241
84172 17362 26636
23832 46147 26636
22808 88438 14880
86600 35312 26636
23968 88626 26636
86106 45946 26636
481 27629 26636
78566 15112 26636
40131 55544 26636
27332 13135 58241
56274 84367 26636
37242 70646 35080
73014 44490 40798
959 51641 26636
46459 5014 26636
92855 73942 35080
5956 48709 26636
81684 4332 26636
54122 59866 35080
68741 80814 26636
99046 15068 26636
88342 59169 26636
85199 80837 35080
51196 79735 35080
6418 933 26636
40131 57630 26636
59965 20685 26636
24456 41268 26636
42042 54806 26636
29136 76359 26636
5553 54122 26636
65662 94774 26636
31519 22773 26636
27159 39960 26636
45896 27362 65867
91296 19791 35080
5996 27875 65867
47273 31519 26636
51252 22410 73053
56119 69053 26636
7113 42691 26636
57371 89583 30963
17544 49952 26636
62067 54702 26636
80989 6564 26636
89159 79330 37503
94714 24437 26636
90631 15043 26636
63944 58197 26636
25864 41754 26636
23281 64076 35080
24251 25454 26636
36073 6486 35080
99535 45177 26636
75359 25578 26636
84367 32556 26636
32031 66347 35080
62960 37242 35080
64035 74087 26636
94714 79374 35080
14998 55753 26636
40990 24987 65867
75484 29361 65867
85290 57209 26636
50090 35080 26636
19729 84367 26636
81146 11039 26636
23413 12779 65867
23612 23459 26636
51196 1130 35080
14144 95262 26636
27508 42165 7523
83798 7682 26636
89804 1677 26636
55642 69053 26636
47359 35068 26636
35490 37354 26636
83569 70852 14880
55104 58765 26636
54284 19770 35080
8998 51508 35080
86106 69038 26636
98104 70694 65867
22773 70864 26636
14832 19729 26636
63555 69421 26636
83165 5413 26636
40034 24928 26636
41723 73332 26636
481 37310 26636
86998 55580 55580
22079 58063 26636
24987 12741 67349
89609 29640 65867
65500 46524 26636
97798 50326 35080
76476 56580 26636
11478 93575 40245
83945 3312 26636
80814 65766 26636
38299 80814 26636
89552 66576 49952
97638 34026 35080
26719 22547 26636
215 10906 26636
56309 23989 26636
33403 78216 26636
97798 54218 26636
64623 3747 65867
62303 42121 26636
49109 35541 26636
84003 27411 26636
79330 51261 26636
72117 32539 26636
80837 73014 35080
31996 3994 65867
87090 63482 26636
87443 77531 35080
77833 63739 26636
14144 84003 26636
86106 7403 26636
88439 42658 35080
84978 44184 26636
71956 3662 26636
22549 77531 26636
14144 29564 35080
41707 13955 26636
12718 22773 26636
20275 63291 65867
76037 35891 65867
76585 15481 35080
36965 4822 26636
92236 36865 35080
61318 57630 26636
7830 23099 26636
75670 55758 26636
67106 89583 26636
35080 42025 35080
53775 59542 65867
20685 13685 26636
2228 61038 26636
5996 56375 35080
55580 85986 35080
22166 27508 35080
25578 22079 26636
81146 89937 26636
97795 21809 40798
79562 27714 7523
84003 68741 26636
86857 43544 26636
25232 20685 7523
9722 99535 26636
5433 41723 26636
58575 2903 26636
6486 66951 35080
19847 13685 26636
18865 21505 26636
75543 64247 65867
38674 6240 26636
38377 10259 26636
6406 6371 26636
15719 29329 26636
55580 60393 35080
19791 26139 65867
31123 6106 4238
36073 24456 26636
13853 57620 26636
29564 56233 26636
62303 24545 26636
23099 62067 26636
5678 56274 26636
6371 35572 58241
60393 48491 35080
44885 51277 26636
24744 98104 65867
80910 65110 26636
34077 18696 26636
29564 55104 26636
94714 69225 26636
94210 27362 26636
69751 21728 26636
99512 85891 26636
5446 19908 26636
46174 715 26636
23099 850 26636
86913 79136 26636
25669 37134 26636
3524 61038 26636
94261 51264 26636
98404 68593 26636
68710 7700 65867
3312 1782 35080
23989 47614 35080
63439 73621 63439
3225 2260 65867
23058 3524 26636
97739 215 35080
13853 3747 26636
63889 53073 65867
29559 13664 26636
31996 58554 26636
26636 75288 26636
24667 42992 40798
45521 3994 65867
3271 86926 26636
9140 9885 58241
1782 26611 26636
95991 46947 26636
9457 86998 26636
50090 31941 26636
85290 5118 90363
68725 54122 35080
99815 14523 35080
5678 22079 26636
74087 91814 26636
83979 59300 35080
37242 64457 26636
13955 75484 26636
73053 66856 26636
89211 42480 26636
32010 70019 94919
89159 38308 26636
25289 31829 26636
94906 12659 26636
30008 37186 26636
15589 92779 26636
23989 89334 65867
41754 61364 35080
96720 49963 65867
84130 33145 26636
8614 91436 65867
37294 26036 26636
51745 64559 58755
49483 19729 58241
12261 29627 26636
83432 5553 90363
2573 71078 35080
32322 43154 26636
92810 65867 26636
43154 75484 26636
61220 2260 26636
85986 4649 26636
29361 72117 65867
3747 15043 26636
47330 56700 27332
43761 45947 35080
40990 42480 65867
87443 51940 40798
98355 27802 26636
68903 54959 26636
56119 6932 26636
90462 17362 10856
31637 81217 26636
55084 6172 26636
56119 6418 26636
40034 39320 26636
3662 84367 26636
23096 96011 26636
25669 19387 26636
47614 91613 10856
92236 8359 65867
49743 69312 58241
68825 25005 65867
80837 66556 35080
28211 9132 26636
8252 35490 26636
27159 24744 26636
92855 96011 40798
63889 88698 65867
24744 86764 40245
51130 32065 26636
41723 25005 26636
57209 8445 26636
68825 40034 65867
1062 26914 26636
