85602 60445 32915
97824 43930 32915
66000 88923 32915
60857 53081 32915
1098 48763 32915
16512 32045 32915
74969 32232 32915
15767 50724 32915
60460 50929 32915
61854 70315 48763
3389 67682 32915
61064 78710 48763
74969 36931 48763
68644 59800 32915
83463 49515 32915
57986 86345 47132
15129 87008 32915
49888 42676 48763
87234 14462 32915
58907 78797 32915
36966 55371 32915
74374 74218 47132
77499 20681 80315
30549 39089 69734
14115 58701 32915
54877 58927 32915
95685 32045 32915
66000 25317 26361
49888 49033 32915
60774 25317 32915
27882 70112 14462
78342 65560 32915
53081 18597 32915
48763 29349 48763
12934 94942 32915
95183 97444 69734
63 58017 32915
60281 16323 32915
59026 68595 32915
41951 65560 32915
38920 20130 32915
20433 55184 32915
87252 66587 32915
26200 16965 32915
77760 66363 32915
63190 31828 32915
93260 89565 32915
88073 8527 32915
21345 32341 48763
92113 84842 32915
61727 20419 32915
5248 35482 32915
58701 12375 32915
45344 94218 32915
91862 2257 32915
21967 93206 32915
45625 38115 32915
77297 64729 32915
35494 97676 47132
55184 22650 32915
65418 28570 32915
91542 67813 32915
92885 96914 48763
12272 64626 32915
46532 36833 32915
20201 12375 32915
64818 29748 92687
71322 57580 32915
76358 23316 32915
23754 12684 12684
47349 20614 48763
6052 13975 32915
19229 82938 32915
59732 26818 48763
86201 24182 32915
89160 22029 32915
32757 33577 32915
25457 75644 32915
29386 22082 32915
34627 68581 32915
31512 87697 32915
35494 86631 32915
37293 66227 32915
9367 52474 47132
4661 55371 48763
67740 48561 32915
11174 55946 32915
96117 64729 32915
69521 66840 32915
79318 5248 32915
18217 99362 32915
94942 55063 32915
2231 80860 32915
24953 97444 32915
35162 68724 48763
87252 95277 32915
88073 58270 32915
45043 73083 32915
46056 41078 32915
13765 59026 32915
14115 572 32915
94218 39167 32915
65623 14462 32915
30542 20419 32915
38221 1759 32915
51421 3707 47132
79009 78098 32915
67343 76358 32915
10602 40727 32915
20614 41718 32915
84645 40609 48763
26389 5158 48763
92250 87325 32915
7468 76364 32915
85602 48193 32915
76364 41725 32915
32964 13437 92687
95685 4680 32915
22840 75769 32915
26204 13957 32915
12897 87697 32915
96113 88759 32045
4123 83448 60857
46121 4097 32915
80392 65560 32915
21355 18192 32915
57580 85264 32915
50724 22650 32915
8054 21552 32915
88461 22650 32915
70239 28408 32915
38092 22650 1643
2476 30839 1630
13587 30812 32915
50711 86631 32915
19029 82947 47132
78710 86136 32915
65975 77538 32915
72142 98048 32045
58362 37995 32915
73774 17261 32915
94942 30412 32915
27785 22029 32915
9367 32319 32915
60774 4661 32915
28078 85647 32915
97064 54943 1098
23444 36394 32915
13895 59411 32915
29349 36783 32915
87095 13487 32915
42676 55745 32915
99822 75104 12684
49914 91907 32045
88461 52966 32915
3025 82967 32915
92463 10811 32915
89368 10147 32915
32892 89871 32915
22715 4151 48193
62179 84879 32915
23109 90384 32915
87686 27422 32915
69734 13716 69734
97711 96231 32915
36931 51164 50231
20554 5248 48763
69268 32533 32915
4059 82938 32915
76897 25072 47132
27422 12008 32915
92003 26200 32915
38078 62241 32915
55745 56050 32915
38092 53668 32915
67224 59732 48763
56696 69674 80315
9546 57986 32915
21855 27392 32915
47184 92978 32915
69654 94529 32915
18115 83448 32915
79084 44708 32915
56618 79318 32915
41596 23292 32915
39294 58035 32915
7009 32892 32915
84245 48193 69734
58834 59026 32915
51347 86658 32915
3056 80315 32915
14115 82004 32915
30839 43944 9897
16965 55000 32915
30945 95247 48763
76599 36943 48193
82474 71279 32915
71556 97603 48193
23210 11566 32915
98281 84245 32915
18115 93097 32915
47349 32915 32915
74289 91945 32915
48416 37140 32915
38303 30412 48763
36931 49515 32915
66587 13895 32915
33577 2551 32915
77337 45322 32915
14988 63505 32915
27776 86118 32915
50724 70911 32915
23765 41189 32915
10161 40609 32915
23132 56618 32915
43106 26721 32915
99362 5274 48763
20246 86631 32915
21552 69073 32915
90466 48784 32915
40609 58927 32915
75644 89253 32915
2500 12012 32915
15863 41465 32915
95724 55000 32915
42658 76980 43106
6052 86345 32915
12079 36783 32915
65793 62336 32915
87095 1373 32045
81865 9162 32915
63 92055 32915
67224 16512 32915
3932 27392 32915
82725 65623 32915
48120 59732 32915
53254 1630 32915
20130 68581 32915
78293 82474 32915
15129 58519 32915
72494 42060 48763
3214 38920 32915
36394 30120 32915
19406 70313 32915
8006 63800 32915
99822 84842 32915
23754 32892 96602
4623 32953 32915
92003 70313 32915
56322 84245 32915
87588 68865 32915
562 79009 80315
97862 80930 32915
37293 26708 32915
45317 28789 32915
82938 23886 32915
4513 30542 48763
69908 78856 32915
82984 74702 32915
96174 72272 32915
73818 81346 32915
94883 27668 32915
61269 13765 32915
30945 49888 6052
85647 2500 32915
59026 69156 32915
93129 84722 47132
73691 27334 32915
94665 91907 32045
78710 11174 32915
59334 43839 32915
32886 21074 32915
23132 64039 48763
39975 3198 48763
32319 88472 32915
46532 62693 32915
3389 86658 32915
41725 39860 56322
64818 4511 32915
43106 55315 43106
44954 51164 32915
4123 73966 32915
11174 55000 32915
19029 19449 32915
48784 28408 32915
40972 96231 96231
27078 67224 32915
72604 32341 48763
4059 78094 32915
76599 62874 47132
33136 98744 32915
47470 39089 32915
40972 93065 32915
92055 99715 62328
99362 78034 48763
7849 61902 32915
32915 87095 32915
85223 18217 32915
46949 41189 32915
32045 29445 32915
55184 25755 32915
32737 1092 32915
96117 69268 32915
81865 63190 32915
50929 63505 69734
19502 13484 32915
99738 91945 32915
53884 77008 32915
92833 52443 32915
18679 34627 32915
27785 68581 32915
5890 56618 32915
23866 3389 32915
8308 14462 32915
9162 41189 69734
27547 50724 32915
91907 71360 32915
71322 82967 32915
97926 84914 32915
83439 32319 48763
76852 68403 55241
38092 15404 47132
83942 17857 32915
19029 28040 47132
2023 64818 32915
32341 55893 32915
54199 4643 32915
13662 63478 32915
19029 56618 32915
99738 23866 32915
45706 50231 32915
98048 24119 48763
47470 19449 48763
20437 32737 32915
72230 7376 32915
59871 27668 32915
40727 3201 32915
64167 82938 32915
46636 41189 69734
84879 24792 48763
88982 14037 32915
78098 39294 32915
32886 56618 32915
12008 29603 32915
15404 78265 47132
50711 53081 32915
29967 22929 32915
2067 88461 32915
81931 70106 55241
58784 58270 32915
14547 21168 12684
26432 23586 32915
21967 47132 32915
70239 30120 32915
47954 61262 32915
81849 4643 32915
4511 27392 32915
87697 73774 69734
97711 10438 32915
20900 89253 66521
23109 42658 69734
22148 81423 32915
77068 65739 32915
26818 19022 32915
10460 38115 32915
45322 10787 32915
23292 45625 47132
4272 10268 32915
66133 29153 32915
38012 70115 70115
66521 56618 32915
4123 84722 32915
52474 43839 69734
94423 56638 32915
3707 82886 47132
51164 5158 48763
26556 69674 32915
69521 24792 32915
64039 65615 32045
14115 80866 32915
30412 85647 32915
70392 7779 14247
84550 68050 32915
78342 23410 32915
55018 63800 32045
13437 36376 32915
29603 56696 32915
73083 18018 69734
21338 18192 32915
70313 44954 32915
22160 96602 32915
79093 32953 32915
51164 14988 32915
63194 10460 32915
10602 91281 32915
36943 87686 32915
29603 58784 32915
90931 69521 32915
58122 93206 69734
10438 29349 32915
60902 4210 32915
65399 70911 69734
23210 81346 32915
40972 59566 97325
53884 65325 32915
49009 2614 32915
23754 8198 32915
92113 56688 32915
81900 53961 32915
81423 84129 32915
27547 23410 32915
40609 36376 48763
44958 70315 32915
49515 90289 32915
43930 31024 32915
86023 42060 32915
79093 52474 32915
47184 62328 32915
59026 98699 32915
50355 41951 32915
49233 59026 32915
43839 29920 32915
30839 48032 32915
87686 54877 32915
3932 86480 32915
45925 48120 32915
67926 17301 64039
60963 1098 32915
23410 66617 32915
80866 39167 45344
26268 19170 32915
3025 9618 32915
22840 73083 32915
28390 67385 69734
94665 91281 32915
14651 2614 32915
38641 63 32915
94529 96957 32915
65054 53254 1643
79009 1759 32915
10552 81083 32915
43965 99699 32915
27950 46121 12684
90931 80540 32915
39930 80866 48763
76897 62910 48193
87101 16302 18115
43944 6745 6745
84204 87588 32915
59871 92652 32915
69654 84204 80315
4680 4123 56618
10605 17261 32915
18214 65615 32915
16302 15939 32915
74977 84204 32915
35482 61854 32915
62328 43930 69734
15129 35393 32915
51373 10147 32915
39294 91198 32915
97444 26389 32915
7468 18984 32915
90817 60969 32915
30120 69073 32915
47362 30120 32915
23706 25317 32915
68518 33136 32915
55386 49914 32915
25457 89368 32915
78345 69654 32915
70112 69854 32915
86201 93260 47132
8308 91198 47132
67813 22148 32915
98136 19029 32915
18214 99822 32915
87246 62241 32915
26708 48416 32915
86631 98753 32915
70313 49024 80315
91128 25457 32915
84079 69774 32915
9618 38115 48763
60969 50711 32915
3614 48120 43106
34725 10811 48763
62241 77823 32915
22160 27475 32915
43106 96083 32915
27392 58907 32915
19022 10811 32915
11174 37849 32915
10142 69674 32915
1098 34627 47132
9367 58927 32915
26432 13765 32915
40933 69674 32915
52740 84079 32915
94942 24802 32915
22783 13662 32915
48416 82725 32915
41283 45322 32915
58907 60017 32915
70466 30549 32915
15358 13437 47132
79084 76852 32915
81781 91043 32045
32915 86023 32915
8161 68595 9897
21168 48975 48763
41465 11966 32915
59334 41594 32915
13918 74977 32915
86548 4097 80315
23876 27882 32915
21168 88355 32915
70315 41189 32915
80860 85223 47132
49033 84914 32915
3214 17261 32915
66033 87246 32915
47095 80540 32915
43523 97678 32915
93065 94942 32915
84879 52377 32915
39860 3326 32915
7849 65975 32915
86631 48975 32915
2305 73818 48763
38012 52451 32915
36656 14988 32915
49697 58907 32915
51127 39294 32915
46686 9697 32915
20246 91128 32915
64593 58035 32915
82172 11174 32915
43851 73774 32915
32915 70466 32915
55315 80630 55315
59348 12422 32915
53254 65975 32915
12096 96083 32915
98281 51373 48763
52771 20246 32915
77827 1759 32915
62328 99850 32915
10147 93206 32915
30412 73691 48763
58519 89871 62328
47362 21855 32915
23410 51385 32915
36943 20681 32915
5248 79093 32915
68555 18597 32915
58270 42676 32915
45505 37606 48763
33577 64729 32915
47362 18597 60857
49233 37606 32915
22029 70235 48763
52771 30549 32915
2257 32886 32915
11566 13587 32915
39930 51347 32915
2913 62463 77151
36376 77823 32915
56645 26721 32915
59733 88073 32915
12422 82637 32915
44613 53514 53514
34567 41594 32915
49914 52443 32915
9897 99307 32915
48753 87234 32915
98281 44392 32915
52377 18115 69734
34567 68555 47132
81865 37830 32915
4097 8161 80315
96914 9172 48763
27392 84620 32915
96083 85602 32045
14405 86136 32915
47954 92167 32915
78265 6143 32915
20246 7779 47132
22650 59136 32915
33577 92978 32915
23410 26851 32915
82172 78543 32915
54405 1928 32915
13975 49233 32915
82325 91907 32915
38960 13716 47132
3389 65418 3389
88393 5158 32915
47333 9367 32915
29697 1541 32915
96083 61064 48763
35230 66000 32915
55326 85234 32915
20437 35157 32915
52966 69491 32915
39860 65975 32915
1643 51347 32915
55315 76056 32915
94529 80039 69734
29274 87697 32915
21583 23706 32915
99699 89253 48763
90931 74969 48763
59426 59732 32915
47333 76980 32915
21552 84842 32915
51127 51349 32915
88073 99332 32915
12934 21059 32915
95526 43699 32915
85264 28408 32915
48348 1643 69734
594 65560 65560
27422 94529 32915
89565 57098 48763
36931 77008 32915
73691 4680 32915
98789 74374 47132
29497 65615 48763
48193 54877 69734
41283 45456 32915
71322 11984 32915
32886 32568 32915
94665 48193 32915
51385 47095 32915
38641 42658 32915
74414 1092 32915
35435 35230 53081
2511 5274 48763
52474 36376 32915
7468 92463 32915
61854 8198 32915
91017 82816 32915
96849 3932 32915
47954 98699 32915
19502 84245 47132
97711 99715 32915
83448 9367 32915
51127 68403 32915
20806 12206 48763
95685 53 32915
12934 79009 32915
15725 31023 47132
81423 30120 32915
63946 48032 32915
30626 30542 55241
12079 31047 32915
47333 87246 32915
73691 95724 32915
42565 4587 48193
98789 36833 62328
90931 37293 48763
21345 39294 32915
97926 7779 32915
7468 78561 48763
13437 10605 69734
33386 13716 1643
87686 56347 32915
31024 73966 48763
88081 36376 32915
51421 75644 32915
77827 77151 32915
1928 66033 32915
25780 22715 32915
74264 37112 32915
30549 32812 69734
35157 13487 32915
59334 11984 32915
13437 91017 92687
32953 37830 32915
84494 17413 32915
59334 12088 32915
9162 31323 43106
81083 89368 32915
12079 50724 32915
23642 59026 47132
18984 24182 32915
72312 12206 32915
84245 91198 69734
7009 58017 32915
82004 68352 48763
19460 83942 32915
33114 47333 80315
65056 68644 32915
3201 11378 32915
49630 58701 47132
73705 19229 32915
86136 99565 32915
93097 9254 9897
94529 77151 32915
6143 94665 32915
2305 51164 48763
69156 39930 32915
94459 7467 32915
11802 82128 1643
61727 3326 32915
12096 3025 32915
15129 34988 32915
3510 2913 32915
13437 61262 32915
34567 89253 32915
96083 2067 32915
572 20201 32915
67385 34477 32915
10161 99256 32915
52187 51373 32915
2476 79318 32915
26204 30542 32915
81900 7468 48763
96914 13668 32915
96083 78342 32915
86345 27882 32915
26556 41951 32915
42998 33386 32915
62179 69521 32915
19502 30542 32915
19029 51164 32915
83439 46636 32915
67224 87669 48763
78640 58927 32915
67740 3673 32915
8527 34093 32915
19449 8574 32915
55386 90090 32915
10787 43851 32915
34627 12109 32915
41718 32568 32915
22029 82474 32915
2614 14651 32915
22012 36459 32915
82947 80835 32915
21074 13487 32915
572 24182 32915
84494 16965 32915
10438 45659 32915
66000 41283 32915
58834 81083 80315
55326 52377 32915
3673 48416 47132
52740 28408 32915
23109 20900 32915
60155 55745 32915
12096 34240 32915
78034 36394 32915
32892 87697 32915
53081 93097 32915
72272 84620 32915
75644 10811 32915
6911 92885 32915
85602 59733 32915
81197 92833 32915
92978 96117 32915
97064 3932 32915
30666 1541 32915
26721 40609 32915
91945 72449 32915
77499 28532 32915
30839 15457 15457
8574 99850 32915
39759 78342 47132
73691 27882 32915
53961 13918 32915
38115 62179 32915
22160 22012 32915
9546 3198 48763
47009 78856 32915
16965 32568 16965
80930 87325 48763
53668 61854 55241
7468 66366 32915
64593 5274 32915
12109 54943 32915
23132 32757 32915
1098 94423 69734
98699 78206 32915
22783 26432 32915
24792 86348 32915
52443 32232 69734
58035 86348 47132
15138 26361 26361
28322 21059 32915
32232 87008 32915
56618 82984 32915
4789 56696 32915
1165 47184 32915
13895 39089 32915
78640 50699 70115
92151 10605 43106
83448 30542 32915
45043 36364 32915
32964 86377 32915
50724 72604 32915
26204 37556 32915
7849 93097 32915
92055 45043 32915
57098 7849 6052
70235 67595 67595
20437 31323 32915
18192 97444 47132
62144 50929 32915
41465 14509 75644
1541 19406 32915
91862 90623 92687
10831 77823 32915
82637 22012 32915
46056 58701 32915
74702 59426 32915
51127 35393 32915
3025 58701 32915
24119 65623 32915
97824 21355 32915
89565 2511 48763
86348 11378 69734
29445 9807 32915
36686 14651 32915
67224 20806 48763
87234 63949 48763
76599 18597 32915
4789 1643 1643
97824 4272 32915
76037 70466 32915
50355 26556 32915
66840 2067 32915
94459 29386 32915
72272 48753 32915
90623 80860 48193
63505 32232 69734
23292 48561 32915
55946 58546 32915
84914 4151 32915
64039 52760 48763
88472 99822 32915
69854 68581 48763
36783 40069 32915
96849 70112 32915
93270 19449 48763
92885 83439 48763
73654 26556 32915
71279 21059 48763
65054 36833 69734
51421 10147 32915
12206 80039 32915
13895 1098 32915
3614 55886 32915
95277 65623 32915
92687 18217 32915
39331 42830 32915
61854 11802 32915
9625 96174 32915
31323 50711 32915
36783 91043 32915
64593 4511 32915
63194 1928 32915
34240 87686 1759
53254 49515 1643
56145 38641 32915
35157 402 32915
54943 66521 32915
39167 62463 32915
90931 65615 32045
22160 13957 32915
26851 37293 32915
65418 57595 70115
94050 99565 32915
15725 77151 32915
31024 58035 32915
70315 89259 32915
14037 73048 32915
73966 98744 32915
33088 81423 32915
61727 51173 32915
81197 33577 32915
37606 56322 32915
24792 7468 32045
27334 64673 32915
47117 99565 32915
32341 95183 32915
41725 77008 80315
19406 76364 47132
91542 20900 48763
68644 39759 62328
93129 16323 32915
96849 99256 69734
38078 49033 69734
92833 95564 32915
7849 66617 32915
90931 26268 32915
20437 73629 32915
68724 20437 32915
91281 59241 32915
562 67022 80315
47117 93065 32915
84494 75827 32915
95685 74218 32915
23886 93260 47132
68352 75827 32915
20900 28813 66521
16302 63505 48193
61269 29386 32915
67813 73691 32915
60155 41718 32915
40397 18217 32915
3707 62144 32915
20806 9162 32915
30666 56618 32915
90817 22840 32915
43699 7376 32915
23586 87669 32915
95564 62328 32915
14758 4097 32915
89811 97711 32915
36364 32179 69734
49630 66363 32915
65418 84842 32915
25580 43944 32915
90817 49888 55241
15399 77151 80315
66000 35700 32915
40069 3510 32915
21338 32524 32915
10142 85647 32915
78345 72604 32915
21168 58519 32915
31323 3614 43106
54199 97678 25167
61902 80039 32915
27668 96174 32915
17082 4568 32915
62910 87008 32915
66133 67725 32915
88269 1098 32915
74977 36364 69734
46949 43699 32915
3214 50963 69734
73774 37830 32915
13668 71556 32915
69674 52187 32915
5274 65399 32915
66366 50453 32915
88759 69908 32915
43930 28040 69734
56688 92250 32915
76056 21855 32915
13716 83439 32915
27078 1092 32915
18115 62328 62328
53 32964 32915
39860 35162 32915
98136 32179 32915
76358 28627 32915
5274 75827 32915
95241 80315 32915
58017 96083 32915
80083 43965 32915
60969 21967 32915
82967 88923 47132
86348 27950 32915
86480 10552 32045
54877 12422 32915
93206 34477 32915
26432 18447 32915
62144 57098 32915
5248 7779 32915
28627 41102 32915
92833 38401 32915
89253 92055 32915
29967 86023 32915
65399 69073 1643
8574 84842 32915
69734 26303 32915
49024 5713 32915
32533 88269 32915
72604 17413 48763
95685 19502 32915
95241 70315 32915
51373 41718 32915
12897 66209 32915
68050 62179 32915
20038 87686 32915
77068 53668 32915
67224 7467 32915
3614 18597 32915
4123 31512 32915
48763 43944 32915
81900 44708 32915
18217 74977 32915
88982 6745 32915
24164 56638 32915
36376 54076 32915
20636 46686 32915
