40291 29939 76316
49733 43096 76316
78975 11521 76316
6016 97690 95370
67402 16445 76316
80137 73331 76316
39171 56520 83474
78049 53572 95370
88858 64515 76316
66014 22032 90087
77131 85485 84526
1900 77165 95370
93445 84058 90087
44092 23774 76316
63541 22920 95370
56176 78270 76316
71954 57711 83474
61472 53199 76316
40510 85388 76316
89292 57841 76316
2078 59502 95370
80759 34131 76316
66121 78975 76316
47717 61531 76316
34947 42989 63093
65667 9535 95370
84024 46684 90087
6594 33560 76316
53922 49121 76316
61800 40506 90087
99420 87697 95370
33170 67955 63093
99327 99475 76316
23915 13681 76316
34947 99416 76316
5549 59498 83474
17537 59498 76316
49798 18400 76316
92880 56166 76316
62208 73974 76316
26188 20644 90087
96857 73049 95370
57221 36349 95370
47910 56648 95370
20422 2396 95370
63698 66380 84526
57711 12701 76316
36309 96790 95370
68823 43398 76316
95488 55171 71987
23774 22920 95370
36829 60493 76316
11844 7466 76316
2965 83976 76316
51120 37787 76316
54436 20734 76316
99500 89167 76316
20541 13897 95370
77135 90635 95370
5513 69560 76316
17226 94318 76316
90635 92265 90087
77165 40506 95370
61531 84361 76316
52665 3632 76316
86095 11527 76316
27810 51876 95370
85252 23405 76316
34224 56821 63093
25770 66965 95370
12488 99 76316
48943 82488 95370
76933 44954 95370
74201 3854 76316
80188 52100 76316
50618 7085 95370
60342 8162 76316
11435 57794 76316
60557 21718 95370
77463 79922 95370
49696 45205 76316
90271 6986 76316
47599 10083 95370
84772 44947 76316
16472 21961 95370
33089 43514 58189
54499 2755 95370
75171 27176 76316
92310 12701 76316
7627 70889 76316
95148 7085 76316
10015 60744 76316
20534 79496 76316
51120 18766 95370
68533 12701 76316
22787 87767 95370
81299 97896 76316
4797 43514 76316
55072 24909 90087
39171 89465 76316
84058 37043 76316
41585 74000 76316
32861 87045 95370
82070 40029 76316
78274 71893 76316
23405 36349 95370
26791 5513 90087
14965 10665 76316
66121 89167 58189
6245 28421 76316
10665 85252 6986
68533 59066 76316
68616 52905 52905
54158 817 76316
41674 23915 76316
29337 28917 90087
68533 41674 76316
48454 43514 95370
76850 88173 95370
64689 45292 76316
56648 8325 95370
90321 59614 76316
94122 8975 76316
27226 57712 95370
8325 74138 76316
5513 7946 76316
77415 60493 95370
11272 36806 90087
52040 8162 76316
4853 47304 76316
98750 66814 95370
59614 79729 90087
10665 2836 76316
91867 57841 76316
99541 91667 76316
11724 60557 76316
79093 11229 95370
90558 55413 76316
9140 46140 76316
96466 66121 76316
11691 67174 76316
66014 86667 95370
9476 17226 76316
55413 6245 76316
46140 99983 90087
18766 89252 95370
52797 28077 76316
817 30729 90087
12793 59502 76316
75205 60342 76316
42991 96466 90087
8978 59786 62208
67317 30720 76316
37408 45205 83474
68664 74138 90087
25400 64183 95370
11229 55717 95370
35100 36050 76316
31695 84526 84526
11646 80342 90087
65391 40426 95370
432 22455 95370
12285 9952 95370
10015 7124 76316
43281 337 76316
42989 87615 90087
90321 86631 76316
79922 9268 95370
6594 91579 76316
58295 43803 95370
66380 12793 76316
57745 90217 95370
89504 56176 76316
58189 27403 76316
69133 55961 76316
91906 78892 95370
923 5981 10316
5549 92265 76316
58283 71692 76316
96466 66417 95370
57745 97824 95370
65391 57559 76316
52729 37787 76316
21282 78892 95370
65391 40679 76316
22722 75111 76316
70889 10960 90087
32861 52062 84526
55171 14254 95370
84576 61566 76316
90087 12432 76316
88173 54855 95370
2396 10631 76316
91667 43600 76316
79235 86095 76316
9268 52040 76316
23552 37787 76316
63023 88490 90087
42986 67980 76316
95163 20727 58189
54158 24979 76316
21328 8625 76316
16059 52834 90087
47823 89167 76316
95018 19884 90087
73515 80662 76316
75341 42106 76316
18400 32756 90087
79448 71758 76316
16262 55620 2078
71954 6820 85857
46069 58189 95370
89638 49696 90087
76995 50967 95370
39812 85857 83474
11844 78049 62116
92880 82008 76316
4853 57758 76316
96466 395 76316
51765 73899 95370
38807 11566 12285
87577 15367 47915
97617 7085 95370
16025 18406 95370
27496 70966 76316
6245 82729 76316
91667 89504 76316
95855 99475 76316
28018 13703 76316
64583 5401 95370
77860 18912 76316
26020 5513 76316
89465 85146 90087
69830 11460 95370
76761 29595 95370
89846 44947 76316
74514 40784 76316
13897 74201 90087
59614 96115 90087
54706 62116 76316
98750 11229 90087
6301 73755 76316
14085 27158 95370
49588 31291 95370
92820 56192 76316
16262 3854 95370
28917 21282 95370
9140 92116 76316
12727 90621 76316
80342 79922 95370
21461 12277 76316
74406 99120 76316
71954 46069 95370
73135 72760 76316
12285 43514 76316
44084 52547 76316
88858 82837 37408
12701 8625 76316
52356 79729 99541
92820 20174 76316
71758 25711 76316
82279 48395 76316
31695 67576 90087
97533 46762 90087
40291 96466 90087
58189 4060 76316
93534 75167 76316
33080 28421 84526
48541 26020 76316
3854 38215 95370
45292 94122 90087
60915 71298 76316
97839 10631 76316
68400 43281 76316
54706 5504 90087
77549 45957 76316
47690 88376 76316
85252 62370 76316
9669 60744 76316
56176 11819 95370
94605 97033 76316
77860 36829 76316
53683 78789 76316
69281 18363 76316
22839 90932 76316
42000 36806 90087
65055 73755 90087
46482 54158 76316
62222 8090 76316
20734 26264 95370
40175 34983 76316
24638 99 76316
13047 11435 63093
34887 80603 95370
4060 61162 76316
28052 80603 95370
7124 46323 76316
58295 76995 95370
42894 58368 95370
57745 25393 10316
99475 90558 76316
31312 31487 76316
33089 6476 76316
80632 11745 95370
4836 5981 95370
5789 40833 76316
38215 52729 95370
39615 77165 95370
52807 68400 76316
64583 26188 76316
80716 46341 76316
54855 28601 90087
56166 78975 76316
78892 44084 95370
17063 60043 76316
53199 83704 76316
37474 88295 76316
94418 395 76316
75171 63826 76316
76698 2978 76316
59498 15617 76316
57782 52729 95370
11691 96539 95370
64515 47961 64515
71014 22420 76316
31487 80662 76316
30592 32185 95370
32994 32840 90087
57357 59066 73605
13703 71799 76316
50928 17488 95370
8890 10631 76316
63023 28174 76316
85485 99120 76316
52568 47599 95370
30799 79221 68593
5981 91075 95370
82724 71692 76316
96857 13827 10316
73800 22787 76316
10665 19119 76316
20940 12701 76316
68638 33089 58189
40510 10665 61840
84024 28421 90087
3632 55717 95370
87697 41585 95370
43398 57559 48513
10056 96466 76316
7627 97533 76316
95955 60915 76316
3854 37228 76316
9535 43067 76316
7695 76229 83474
5637 40291 90087
35515 8 95370
30592 74201 76316
46684 11229 90087
92880 40784 76316
44015 5789 95370
395 28077 76316
99 73192 76316
42000 17717 99541
87577 79496 76316
34131 57587 76316
95584 69837 76316
33170 96177 76316
28490 63698 76316
35100 59543 76316
31291 58179 95370
3854 66056 76316
8602 52040 76316
98027 46254 76316
79221 61597 76316
2965 76316 76316
96557 68627 76316
80348 99362 76316
31312 78270 76316
16464 63799 95370
55752 73049 76316
71550 61566 76316
51872 66817 90087
76160 60455 95370
45815 68267 95370
75920 86631 95370
56520 32185 95370
60493 92061 76316
78773 64689 76316
39480 22953 99541
76761 46341 76316
21461 90040 63093
57587 9476 76316
13596 11844 76316
93032 76229 76316
21821 57745 95370
1229 11844 76316
25661 56192 76316
66380 89846 76316
32445 93445 76316
57587 59340 68593
76229 80716 76316
28174 22787 76316
40461 65254 76316
2978 70636 76316
28917 86852 76316
395 81852 76316
76160 65667 44729
46764 38452 76316
57587 46323 76316
64583 13047 76316
77768 69281 76316
35100 88702 76316
28490 24125 24125
55072 48541 90087
41072 65286 76316
51238 47229 76316
12793 26425 83474
6245 87697 95370
62370 12793 76316
20940 31312 76316
41043 97533 90087
97736 99214 76316
58681 15646 95370
75717 66014 95370
80406 52738 76316
35564 47823 76316
43067 71954 76316
54910 47316 76316
18832 89773 76316
47823 2497 90087
5549 337 76316
55413 66417 95370
52852 93032 90087
95955 92265 76316
43096 57817 76316
87136 76933 76316
77144 52852 76316
11745 20644 95370
99929 67632 62116
51872 35252 90087
62116 69133 76316
44463 71758 76316
55717 59066 95370
39812 7335 76316
13047 42997 63093
97086 17063 76316
77135 18434 95370
31695 96348 76316
43514 47561 58189
80603 55752 95370
74959 40275 76316
62370 98533 76316
28490 89890 76316
52100 50618 95370
11934 8890 76316
8890 35700 95370
23774 35564 76316
32861 68821 90087
79448 32216 76316
48253 76850 76316
27830 59786 76316
94025 36478 76316
96065 55900 76316
73331 97736 76316
16464 96790 76316
72171 12284 76316
37953 72466 95370
69830 92265 76316
55043 34887 90087
88295 88275 76316
59543 84058 76316
14254 48541 95370
99120 29595 95370
91606 35298 76316
67980 46341 76316
43592 89638 90087
59990 91375 95370
5504 70663 63093
33936 7085 76316
58681 51664 76316
73974 96109 76316
12285 37408 76316
3769 56650 90087
28910 54196 99541
94210 89846 76316
5504 63698 90087
84058 32840 90087
38215 96115 95370
27036 76933 76316
11229 19884 90087
47823 89465 63093
52356 68267 95370
40510 96557 76316
47915 33170 76316
32216 55072 76316
52840 62370 76316
30286 12727 76316
85252 14085 76316
8625 97213 63093
23442 52356 90087
76761 27176 76316
95488 11527 76316
48541 52807 90087
60744 1874 76316
27093 56176 76316
4060 52852 76316
97617 21328 95370
54855 73899 95370
61103 91906 95370
51238 52010 76316
89465 39557 63093
27830 61597 76316
14254 13596 95370
91906 91606 90087
9535 26777 76316
88490 55983 95370
6476 42991 12285
52010 57016 76316
18832 84361 76316
82172 53683 76316
25770 19456 95370
13703 57745 95370
35298 1503 76316
62222 40294 12285
94318 53922 76316
69769 82656 90087
7695 61531 76316
87507 76160 95370
49733 63826 90087
64583 59258 76316
96177 8890 6986
30720 9952 95370
52797 43592 76316
94879 24638 76316
95488 12539 90087
33560 40654 90087
95018 48513 57454
22839 17537 76316
67402 55620 95370
52797 79448 76316
59066 57694 90087
78392 62208 76316
82656 54910 99541
3632 4836 76316
63093 69298 76316
2078 34224 95370
2078 95955 95370
27176 69260 84526
58179 20727 76316
2497 8 90087
96583 99486 76316
90040 73879 63093
53340 15723 95370
66915 27093 76316
21461 46254 76316
58486 73879 90087
37228 73974 76316
27810 67174 95370
52797 43281 76316
18946 46323 76316
27093 87524 76316
90621 75974 76316
62370 95018 76316
89046 8534 76316
15367 6594 76316
57454 66817 90087
91516 69840 76316
85252 42000 76316
80662 15937 95370
39480 52538 99541
97824 18955 52905
6245 23915 76316
57497 60043 76316
46069 57454 95370
1572 32861 76316
3406 37228 76316
52538 39714 90087
24269 51148 63093
6986 95733 76316
47561 37807 76316
45957 1572 76316
64689 8978 76316
5513 20436 12285
84024 21328 76316
68533 88702 76316
94397 57587 76316
29337 68445 76316
56183 37787 76316
20825 74406 95370
50180 28077 90087
52738 61159 95370
24909 76160 95370
48472 1572 76316
20256 12384 76316
54196 91399 90087
5789 12284 76316
83639 4770 95370
69281 86631 76316
94879 52729 58189
14254 49798 95370
32665 57694 76316
52834 28174 76316
51148 87136 76316
51793 96065 95370
52040 18406 76316
9140 64548 76316
99929 74406 76316
79448 15646 95370
53104 95370 95370
60455 75205 76316
49588 1739 76316
33089 37228 76316
84215 40291 76316
65667 30592 95370
11646 88858 76316
78270 34224 76316
4770 37807 76316
78892 57497 95370
52840 49440 38798
82656 52665 90087
29939 18233 76316
99486 77165 95370
71954 58234 95370
50967 57971 6986
66965 27740 83474
76698 29227 76316
59119 82061 95370
57454 13157 95370
1874 90558 76316
65254 23184 76316
30592 30287 95370
92820 71692 76316
41674 11691 62116
64319 63698 76316
33170 24363 76316
78274 51664 76316
14965 17717 76316
77144 644 76316
52538 88858 76316
37474 99929 76316
53733 99926 95370
24269 81804 76316
40510 38215 95370
94956 47316 76316
40294 60550 90087
51261 57758 76316
32861 19884 84526
75171 80431 76316
75341 43286 76316
35221 75526 95370
88490 66380 90087
40784 12285 12285
68537 54158 76316
93445 95955 76316
80431 81746 76316
93534 79448 76316
64583 95163 76316
45815 66673 76316
27036 5447 76316
23774 59258 59258
5401 90763 95370
61472 89292 76316
51148 62208 90087
5789 3854 76316
26791 93520 95370
64670 49588 76316
24269 6986 76316
88387 49121 76316
80342 99416 76316
61819 11355 95370
5504 58168 95370
18946 63728 76316
96583 86055 76316
62370 80406 76316
13047 91667 76316
57632 64183 95370
95733 62208 76316
74514 41585 76316
22455 39714 76316
89846 77356 76316
3632 23537 95370
91507 17749 52905
96539 95273 95370
13047 95855 76316
87524 47599 95370
89252 91507 76316
32798 25400 95370
91375 98476 95370
93520 66817 95370
1899 30592 76316
62116 71014 76316
53683 31507 76316
68445 92880 76316
92880 6594 76316
15617 69604 76316
2078 34131 95370
91597 13596 76316
66121 74514 76316
3769 1739 90087
6016 87577 95370
43286 55900 63093
84058 84771 90087
11435 76850 76316
28490 89638 76316
62761 16858 76316
67402 50967 50967
38601 47910 76316
55752 52738 76316
13681 27176 76316
42000 82008 90087
13596 94418 76316
64183 47961 95370
82172 89846 76316
71014 98750 76316
11934 66814 95370
52905 94418 76316
92265 18406 84526
56995 47561 76316
57694 43286 90087
89846 18400 76316
20940 44092 76316
6986 94418 76316
81299 85797 76316
81132 36829 76316
9124 35100 76316
46254 55752 76316
24125 58270 76316
80122 35252 76316
11566 82837 76316
62388 84024 90087
75111 19884 76316
28376 68664 95370
58189 2406 76316
73629 53733 76316
64689 52016 76316
29939 98647 76316
74332 6594 76316
37158 9124 76316
33936 26425 76316
23196 91075 76316
25770 39615 95370
62875 14769 95370
84576 5637 76316
68267 67980 95370
73974 26777 76316
55833 63728 76316
46341 55796 76316
54706 41674 76316
5637 81852 90087
60455 35866 76316
6975 4853 95370
25653 89846 68593
26020 22032 76316
27740 81852 76316
3632 36478 59258
19119 96539 95370
15723 52905 95370
9849 10083 90087
39171 82837 83474
24370 56861 76316
87615 26264 95370
30729 77768 76316
61162 29694 90087
11978 53104 76316
13827 90763 95370
35252 94318 76316
52568 11844 76316
68026 82606 76316
17488 47304 95370
13596 57794 76316
79093 63728 95370
88275 11355 76316
73126 7335 76316
99561 13613 95370
38798 84771 99541
86095 56861 76316
13596 61800 76316
59119 74138 76316
67482 30286 76316
48395 76698 76316
47002 41674 76316
71014 90087 76316
25653 66014 76316
99541 8890 76316
71893 61531 76316
55171 80188 12285
73899 62370 95370
62116 46323 76316
9669 91375 95370
48619 94504 76316
62875 90217 95370
71987 91375 95370
48541 38215 95370
30011 86824 76316
22420 54196 12285
97736 8390 76316
28421 7466 12285
66915 77415 95370
76698 95855 76316
28917 97033 90087
78789 10056 76316
72171 57497 76316
77144 10933 76316
90040 94504 76316
52040 43398 76316
69281 91075 76316
66417 77131 95370
66915 60260 90087
12793 10056 83474
11460 4196 95370
74201 77406 76316
28601 5789 76316
23915 22455 76316
51066 96583 12384
38798 74138 38798
11435 41585 76316
46762 57782 95370
5789 43398 76316
95273 32798 76316
95488 59122 76316
79235 12277 76316
92049 37474 76316
40426 73331 95370
26188 27176 90087
32216 73049 76316
92025 3769 95370
36349 45205 95370
82488 81075 95370
59786 66817 84526
66915 14965 76316
22794 58681 76316
75920 73605 95370
74138 38807 12285
52852 7466 90087
34224 51793 95370
82349 20534 76316
49121 56861 76316
53547 71954 85857
24269 42989 63093
70199 59502 76316
90932 20256 90087
14085 83639 95370
94210 84024 90087
35564 90134 95370
67317 27226 95370
53819 5549 76316
58189 49403 95370
75526 62116 95370
85146 88472 76316
71550 88300 76316
97033 2078 95370
37363 829 38798
92880 64670 76316
11460 73974 95370
61597 5401 95370
49696 17226 90087
1132 53572 95370
7085 34983 76316
24130 78270 76316
14965 1503 76316
13897 31507 41270
5789 21461 76316
75171 62388 76316
1739 11460 95370
59122 18590 76316
85252 26188 76316
79448 35866 84526
18596 34983 76316
87697 50967 95370
99327 66380 38798
63799 90262 95370
95733 5549 76316
92025 58168 95370
84771 6594 76316
72171 18912 76316
57817 94418 80342
86667 72760 95370
17537 16262 95370
20734 92310 76316
14254 23915 95370
91407 5513 90087
96452 82279 90087
62208 81804 76316
47316 43514 76316
52062 63978 76316
5504 74514 76316
45503 37408 76316
45205 84526 76316
66965 81132 76316
40294 70966 76316
11378 67576 63093
59502 71315 95370
20534 35700 95370
55043 77415 95370
16472 85252 6986
65286 74406 65286
4836 88858 76316
52547 75526 95370
644 71758 76316
88702 20734 76316
27190 2836 95370
30251 68823 76316
57782 67811 95370
51066 34648 76316
33089 44463 76316
59258 92843 95370
57587 75111 76316
48912 44954 10316
12411 55961 76316
25303 34983 76316
1959 89890 76316
34947 64689 76316
30729 68312 76316
92049 97896 76316
58368 95273 95370
8975 17226 76316
23915 11355 76316
31312 79843 90087
28018 88173 95370
40426 77406 95370
644 35700 95370
40291 51112 95370
48472 15723 95370
6301 91516 76316
91407 67811 76316
72171 33936 76316
10173 20422 95370
90239 10083 90087
62045 67632 76316
20534 87136 76316
11819 37474 95370
9849 2406 57454
45292 68616 76316
33170 79922 95370
4853 21282 95370
1229 36829 76316
63500 28174 76316
88300 25653 76316
78892 3632 95370
49588 68616 76316
73755 63978 76316
81274 98647 95370
15937 59122 95370
27036 74000 76316
16472 16262 95370
99420 68638 58189
47599 25303 95370
40461 59786 76316
95955 8534 76316
45957 11943 76316
70966 32216 76316
50616 34131 76316
67811 71903 76316
49440 95979 95370
68593 42989 76316
20734 42817 76316
55072 15937 95370
22953 47915 76316
89465 829 90087
92025 98315 95370
13596 33089 76316
39684 47717 95370
90635 78892 95370
26791 72466 90087
41234 8390 76316
8325 86242 76316
49403 14769 95370
12701 77415 95370
18832 88173 95370
11229 64515 80342
57745 18912 95370
10083 64670 90087
3925 85797 95370
8390 33080 90087
34224 23915 90087
1609 28421 90087
45292 34224 90087
43592 63729 63093
32150 16445 95370
1739 30023 76316
71021 94418 76316
95043 7085 76316
88376 96115 76316
81452 35221 76316
5549 40175 76316
56821 38601 76316
85306 27093 76316
37043 88874 95370
11460 99 95370
40833 17537 76316
88300 96539 95370
11521 90262 76316
42989 18946 76316
22787 46764 76316
62007 22722 76316
38215 62370 95370
57794 63023 76316
34887 17226 84526
95979 1572 95370
79041 10665 76316
14085 82061 95370
85306 59122 76316
20727 99214 76316
90262 78270 76316
55043 61162 90087
87507 417 76316
62388 92116 76316
56650 89252 74332
99362 39171 18434
50573 71987 84526
54910 94956 90087
15545 96557 99541
31695 96115 62208
57497 2406 76316
53819 4196 76316
89504 88472 76316
34224 83704 90087
342 40175 90087
19456 66814 95370
95148 25711 76316
6476 12432 76316
85146 92084 95370
38807 82656 99541
79922 40426 11819
31112 95018 90087
91667 41674 76316
11943 3632 76316
53683 3769 76316
32197 95955 95370
44061 74138 76316
78773 47690 76316
91516 64183 95370
59502 47690 76316
33080 79843 90087
41270 90635 90087
15545 89773 76316
98315 33560 76316
10083 82349 90087
49121 21961 95370
90321 25711 76316
61819 47823 95370
40979 75111 76316
81274 35700 95370
80431 22794 62116
20422 70483 95370
9669 20940 76316
27076 34224 76316
27830 12277 76316
92820 32208 76316
99420 96348 76316
77406 80431 76316
12701 33170 76316
52840 73192 76316
80632 80406 76316
5789 52010 68593
54706 45503 84526
59258 87524 76316
84109 73515 76316
17226 85541 84526
30023 49733 76316
43281 35252 90087
63500 98750 99541
58283 41234 76316
61566 12701 76316
80759 75341 76316
54196 13157 95370
1503 56821 76316
57794 43281 76316
47002 33089 76316
56995 49440 76316
69769 20436 90087
62116 90558 76316
76414 91684 76316
44947 87028 76316
99527 13157 95370
15367 56995 61840
99983 91597 63093
46482 54607 76316
3077 43398 76316
56980 23774 95370
61840 68638 76316
12701 37953 95370
20541 817 95370
42991 12284 76316
63799 95855 95370
97736 37158 76316
89465 89773 76316
40029 56183 76316
94504 68267 95370
83633 58295 95370
91507 84024 76316
37228 33936 76316
97824 55413 76316
8978 87697 95370
81462 11521 95370
6016 39557 95370
1959 62208 76316
94418 75171 76316
52010 63729 76316
58179 71954 76316
3769 97617 95370
68537 20734 76316
28421 49588 76316
36478 19456 76316
61531 28421 76316
22044 40979 76316
48395 92265 76316
68445 86242 76316
17063 92820 76316
51821 37535 76316
8162 29939 76316
5504 78270 76316
17226 97086 90087
42817 80348 76316
35298 1572 76316
34947 85306 63093
1132 57681 76316
35354 73126 76316
51876 24125 76316
44463 9140 76316
77549 50263 76316
24130 74406 76316
8890 77549 76316
57712 87136 76316
32308 77415 95370
61597 9476 76316
66136 66814 95370
1229 3077 83474
73331 10316 95370
60915 10933 76316
33089 57971 76316
51112 79235 95370
6245 77463 76316
54607 49798 76316
35564 417 76316
87507 337 76316
95043 33080 76316
43803 42678 76316
97690 21821 76316
20734 337 76316
71000 9733 95370
50967 33089 76316
5401 22044 95370
8 82837 76316
7085 95148 76316
42894 63093 76316
95584 19119 12285
55752 86473 76316
47316 69840 76316
53457 342 76316
4996 31825 76316
54894 99416 76316
9476 12539 76316
91606 80603 95370
63729 20727 76316
84576 24269 76316
8325 45815 76316
54436 33936 76316
28077 52905 76316
55796 18363 76316
71692 57745 95370
40448 90321 76316
32861 33560 90087
97213 56648 95370
86631 77356 76316
97690 56648 95370
78892 90087 95370
41234 63799 95370
39557 74959 76316
89773 82724 76316
89638 40716 76316
7124 44463 63093
20541 37535 95370
2965 4196 76316
18590 75187 76316
87524 82008 90087
35252 26425 76316
12411 90558 76316
81462 88300 95370
73515 53572 95370
73126 51112 95370
47561 69830 76316
85857 21282 95370
89890 3854 76316
81883 58179 76316
77415 53683 95370
57712 57971 76316
44103 18353 76316
90271 91516 76316
42106 20734 76316
37474 52568 80342
9669 15937 95370
13827 52040 95370
79496 71987 76316
35298 48395 76316
14965 13703 76316
5504 52016 76316
7627 1900 95370
27810 25770 95370
79221 43096 76316
39557 34887 90087
59614 73605 63093
10665 24269 76316
87524 39557 90087
89773 2406 76316
63093 64689 76316
52100 57794 76316
75187 24909 90087
47690 13047 90087
71987 86095 76316
44084 56995 76316
37031 95955 76316
3752 84024 76316
84570 18353 95370
36349 45503 95370
77768 5447 76316
15937 14085 95370
50180 78773 76316
65254 99500 90087
44061 12793 85857
87577 42894 76316
40506 99120 76316
46323 30011 76316
68593 84772 76316
82061 74332 95370
71298 923 95370
92265 17537 76316
12508 35564 76316
40426 58179 95370
18596 97839 76316
27176 46254 76316
4770 27176 76316
94210 34648 76316
34947 13827 95370
74135 99416 76316
28376 54910 95370
89504 41072 76316
47561 34648 76316
32861 57841 76316
97086 89846 76316
88490 61597 76316
68312 83639 95370
30287 40784 95370
25109 16445 76316
93520 96857 10316
58234 63500 95370
44015 85541 95370
11272 69281 76316
91579 24638 76316
5637 56176 76316
32150 13681 95370
40784 57817 90087
54173 37228 76316
22044 52010 76316
12375 37807 76316
65055 26417 90087
40716 82488 95370
44954 24363 95370
32308 15414 62116
81617 69830 76316
26425 50263 59258
63023 43152 90087
11943 53457 52905
18353 2497 38798
52356 74332 90087
91516 42986 76316
5003 49588 76316
33560 32445 76316
89292 73172 76316
11819 87507 95370
13047 39171 76316
85541 80406 76316
98476 76350 76316
47910 73974 76316
55620 43281 95370
52729 8 76316
15646 6245 95370
99475 22420 76316
18832 35866 84526
27403 55413 76316
44729 72466 95370
56183 48472 76316
25661 47717 76316
22787 95163 76316
3382 62045 82729
66915 13897 57454
14769 99420 76316
11435 62045 90087
53199 71021 76316
26417 52852 90087
84024 88387 76316
46069 34648 95370
12384 94949 95370
37787 67174 76316
98533 98750 99541
70199 16858 76316
26791 417 76316
91075 63421 76316
57971 56648 95370
81299 83639 95370
41752 16445 76316
5549 2396 83474
37228 52807 76316
13827 90262 95370
56980 17749 95370
99362 43600 76316
77356 2078 95370
81403 45503 76316
27403 67576 63093
40461 74942 76316
52852 54855 41270
86824 77131 76316
52062 3925 95370
7466 55043 90087
25109 96348 76316
27226 8325 95370
85388 77415 95370
11460 34887 95370
26425 95163 76316
50573 38452 76316
24130 77406 76316
77463 9669 76316
28018 34947 90087
86242 69604 76316
11521 73800 76316
71692 5637 76316
66136 9476 95370
6986 6594 76316
99 10933 76316
99327 14769 90087
71758 53043 83474
61819 84526 95370
47961 99926 95370
42106 4196 76316
78892 94397 95370
59498 18363 76316
33089 6476 76316
50618 77190 95370
99362 32798 76316
44084 52905 76316
26189 95148 76316
57841 52100 76316
84898 28362 76316
69769 83976 90087
50967 74942 76316
10631 60260 90087
65391 34887 76316
53457 21821 76316
20644 3544 76316
5981 70636 95370
90558 43514 76316
95279 89638 95370
87577 85857 76316
61597 46323 97690
20422 54910 95370
91684 1572 76316
97690 4996 83474
95370 47599 95370
52538 73135 76316
81804 25653 68593
73755 89252 90087
73135 28910 76316
82070 53922 99541
53340 47304 99541
87524 95148 84526
3632 77190 76316
12284 43803 76316
6245 18590 76316
77415 76316 95370
3769 52100 76316
90271 66814 95370
74138 24269 90087
96177 37158 76316
59502 68267 95370
42986 85797 76316
95855 82172 76316
5913 27190 95370
11844 17063 76316
47690 35332 84526
43281 9733 90087
1229 90262 76316
39615 99926 95370
89046 57711 83474
40679 36806 76316
28917 80137 90087
51876 81883 90087
1874 40506 90087
16472 49440 76316
48541 40275 12285
91667 71758 76316
71974 75920 95370
2836 52016 76316
14085 13613 95370
89890 18955 76316
33170 54910 90087
61159 3752 95370
94318 47304 76316
29595 54910 95370
18406 11943 76316
27687 44092 76316
61819 89638 95370
57841 71758 76316
24638 84576 76316
73172 32197 95370
64548 87577 76316
78892 2396 95370
76414 40506 76316
95488 82656 99541
37043 10960 76316
94418 80603 95370
432 74942 95370
35354 75187 90087
26417 89465 90087
36349 13613 95370
42094 91399 90087
75167 80431 76316
6245 99929 76316
14965 47316 76316
80291 5003 90087
61800 78789 99541
60043 11844 76316
57712 42094 76316
2978 24979 76316
11844 27076 76316
88702 44463 76316
51120 91597 76316
83212 80759 76316
89046 74959 83474
64670 32798 90087
63826 80122 76316
54855 91579 76316
48472 48541 38798
43803 54436 57454
67980 94504 76316
9124 70636 90087
8602 71954 76316
62370 18363 76316
63729 22455 76316
58739 20256 76316
85797 32665 76316
51066 10173 76316
1899 10665 76316
27076 23442 76316
39557 94605 76316
89846 76698 76316
79922 81274 95370
20727 64583 76316
20422 52040 95370
35866 96539 95370
17063 35221 83474
96790 84058 63093
68445 62208 76316
46140 44431 76316
1900 47910 95370
71000 45292 95370
44954 32756 95370
10215 69281 76316
31695 82172 84526
12488 45957 76316
85252 98027 76316
30729 80431 76316
29227 83639 95370
59066 29227 76316
65391 87524 76316
12429 43514 76316
39812 43600 76316
47304 25711 76316
17749 96583 76316
27740 99500 76316
10960 5401 95370
48513 31825 76316
53922 82349 90087
76160 40175 95370
81852 61162 90087
61840 84570 95370
17749 32445 76316
51872 79496 76316
68312 10960 76316
90932 97824 76316
46482 18832 99541
53819 99475 76316
73879 97617 95370
76414 55171 76316
55900 31291 95370
50618 16464 95370
11355 32123 76316
71987 51120 76316
18434 51793 95370
8602 94397 76316
91606 76995 95370
47002 8975 76316
47961 25393 95370
66014 64548 76316
9733 32208 90087
71000 71954 95370
74959 40175 76316
80406 20940 83474
26020 23537 95370
37474 11460 95370
22336 11378 76316
53733 71893 76316
46069 11943 95370
71550 89292 76316
10215 53683 76316
11229 40029 76316
57745 20534 95370
13596 87045 95370
37363 5789 76316
38597 51664 95370
9476 44954 95370
13703 91516 76316
28174 24909 76316
84898 27226 95370
10960 1899 90087
27830 34648 76316
88295 57497 76316
74000 44729 95370
37031 52062 90087
13613 26791 95370
97690 3769 76316
3769 76316 76316
2406 75187 90087
99500 1132 90087
1874 85146 90087
47823 32197 95370
27496 30799 76316
7466 1503 76316
30251 12284 76316
90271 31312 76316
88702 20644 76316
11646 51148 90087
32445 64689 76316
21961 8162 95370
15367 8325 76316
94318 90134 95370
18766 7335 95370
51821 84215 76316
63729 91606 57454
51112 7124 95370
32798 54607 76316
30286 79729 76316
52665 79922 95370
44084 85388 76316
67402 99527 76316
5513 39480 99541
77463 89595 95370
68400 77356 76316
25303 21718 95370
78392 68537 76316
51664 34887 76316
11566 20727 76316
45292 61531 76316
85146 52016 76316
32979 33080 76316
20541 88858 95370
57971 40029 6986
10015 84898 76316
76160 56995 95370
88173 11272 95370
68533 88387 76316
45503 37807 90087
29694 88295 76316
91399 42894 76316
86667 3077 95370
4060 62761 76316
63799 66056 95370
53572 90271 95370
91407 4196 76316
12411 42167 95370
1874 13681 76316
63093 97896 76316
4060 75111 76316
38807 8534 76316
80662 38452 76316
54436 77415 95370
99120 11566 76316
96109 84058 90087
40294 9733 90087
8162 1229 76316
90217 60557 76316
21461 26020 76316
47961 63729 57454
18406 43152 90087
95279 35866 95370
85306 31695 90087
37363 52738 12285
82729 52807 90087
21461 80348 76316
91399 80759 76316
8090 7466 76316
19456 52840 12285
4836 48395 76316
28018 58270 76316
36309 2078 2078
78270 13681 76316
36478 30729 76316
36050 11745 95370
84024 12727 90087
89453 32979 76316
51112 37807 95370
20256 34648 76316
88387 47316 76316
32197 9535 95370
44103 87524 76316
77135 52016 95370
3925 83639 53572
20256 69298 76316
5401 84024 95370
40175 87507 76316
87577 37043 76316
46684 46254 76316
57357 76850 76316
98476 42094 76316
35221 94418 76316
87507 89167 76316
61819 85797 95370
18596 417 76316
81617 51876 76316
65391 68312 76316
20174 79729 76316
5549 36806 76316
8975 97033 76316
68267 74514 95370
6820 44954 95370
57632 77463 95370
56861 29227 76316
28910 20422 95370
32840 99926 95370
57221 11435 76316
13613 44729 44729
30011 95370 95370
22839 48707 76316
39615 31507 90087
54499 23442 76316
43096 70636 76316
91906 64689 76316
99486 43152 76316
76850 57357 76316
38807 70199 84526
11943 17537 76316
9952 97165 95370
19119 92880 76316
84109 49733 76316
28490 78789 76316
30729 72466 90087
13827 3925 95370
34887 55752 76316
36829 82488 95370
50928 57632 95370
11378 74135 76316
52040 25400 95370
94709 12285 76316
42997 67980 90087
81462 76160 44729
12384 1572 76316
81804 87524 76316
91906 64583 76316
28174 77190 76316
90308 88702 76316
59786 69281 76316
85541 52738 72466
32840 6016 95370
71000 4770 95370
56176 85252 76316
32756 96583 76316
28362 20422 95370
57782 38452 95370
21961 88300 95370
54436 89595 95370
43803 46482 90087
3406 40175 90087
6301 42094 76316
27830 60260 76316
42678 92310 76316
18832 44061 76316
37643 53199 76316
60043 61162 90087
20371 51120 76316
36349 1572 95370
79235 76350 12285
12429 44015 95370
90321 81075 76316
31825 87507 76316
54855 34131 76316
18363 337 76316
95018 53547 76316
52834 85252 76316
35252 95273 76316
41270 32979 76316
86384 36829 95370
80662 41585 76316
35564 12429 61840
27496 96466 76316
60550 8625 90087
58189 65055 76316
40716 19884 76316
95584 4060 76316
76160 72171 95370
61800 53922 84526
5513 94318 76316
11943 43514 76316
82008 27093 76316
81746 46140 82729
40784 91075 76316
11978 81617 76316
82070 71021 76316
7335 30251 76316
90558 56995 61840
18946 66715 76316
43398 64548 76316
96539 77165 44729
77165 94879 95370
20734 82061 95370
95370 18434 95370
11745 94397 95370
29694 51765 63093
85797 59543 76316
6820 9268 76316
5504 94709 76316
32665 6594 76316
98476 33170 76316
63421 82724 76316
44431 4836 76316
58486 60342 76316
95584 75187 95712
81274 51876 95370
32994 64548 76316
18596 82837 76316
52100 11934 76316
58283 66380 90087
8978 65391 76316
58486 56980 95370
64515 29595 95370
11819 94418 95370
61159 3382 95370
19119 37228 76316
20541 26020 95370
10056 87697 95370
57758 90040 76316
60915 52840 76316
66121 20541 95370
78392 82008 76316
15617 71014 76316
95043 15617 76316
66965 23442 76316
13047 10960 63093
94605 51112 95370
60915 88295 76316
5789 17537 60342
13613 17226 95370
16445 86095 76316
89292 83976 76316
39714 43152 90087
55171 79496 76316
84361 24370 76316
6016 51120 95370
84361 45503 76316
77165 28910 95370
44103 89252 76316
11943 52538 76316
53043 61597 97690
69840 96177 76316
42000 19456 84526
55816 28601 95370
67317 99420 76316
51664 20541 95370
68026 2396 76316
26417 1572 76316
36309 47690 95370
8534 91667 52905
55900 87028 76316
51112 90271 95370
91906 89638 90087
82008 25393 95370
41270 57817 41270
35332 29595 95370
68664 6301 76316
5637 48541 38798
9952 86852 95370
41234 25109 76316
57497 13613 95370
74332 9733 90087
4060 82488 95370
28362 50616 76316
3406 48472 40654
36050 90321 6986
20734 55752 83474
6245 57971 57971
66814 57632 44729
21461 43286 63093
32208 68823 76316
8162 80188 90087
9140 96857 95370
10015 6016 95370
24130 22722 76316
59502 1874 76316
77768 52797 52905
60639 77434 76316
94122 83639 95370
22839 5913 95370
38601 57711 76316
8162 93032 90087
34947 32216 76316
57971 24125 76316
12429 64319 76316
30011 76850 76316
63978 82488 95370
32216 89846 76316
24130 36806 76316
21961 84772 95370
53683 70663 76316
32216 19456 76316
59498 49696 76316
55796 20174 76316
1572 3632 76316
65254 44015 95370
67680 62370 76316
77135 24979 95370
30799 27093 76316
91867 47690 82729
88472 30023 76316
90040 77144 76316
55833 32308 76316
47915 46323 76316
21392 27190 95370
63729 41979 90087
51112 82729 95370
98533 71298 76316
77190 91867 71987
81452 68400 76316
8975 95584 76316
51876 52905 76316
67980 5789 76316
40510 60557 76316
27403 64583 76316
75920 33936 95370
52852 52062 90087
98533 87615 84526
61159 25653 95370
69281 65055 76316
62045 46684 99541
79235 38215 95370
76414 74942 76316
99527 2965 76316
55900 829 90087
29595 49403 44729
73605 77165 95370
95043 28376 95370
82349 44954 95370
39615 42817 76316
61819 47961 95370
70636 55796 76316
9849 99214 41270
2978 99983 76316
91399 55816 95370
51120 8890 76316
92880 32123 76316
96177 24909 76316
53922 74332 90087
51664 17749 76316
87697 15646 10316
89167 54894 76316
97896 8162 76316
55833 4853 76316
57758 27158 95370
98647 57681 76316
75920 68267 95370
74332 51876 90087
76316 41585 76316
30720 95273 76316
99120 22920 95370
61159 8602 95370
73192 76316 76316
92025 30023 95370
65667 68533 95370
28018 86631 38798
37474 25109 76316
96065 24363 76316
63500 70199 84526
22787 63541 95370
32185 91684 95370
94122 68664 63093
42167 69769 95370
33080 36806 90087
11355 57971 76316
57587 97165 76316
57758 82172 76316
32979 52568 76316
38597 22722 95370
67402 20727 76316
27687 27830 76316
1899 41270 90087
68400 37474 76316
99561 59990 76316
18406 52807 90087
32840 50180 90087
14965 40510 76316
47823 9849 80342
58681 97839 76316
99926 86055 95370
66121 37535 76316
13047 27158 95370
18946 68445 76316
63698 42094 99541
342 55816 95370
77768 37807 76316
57793 13157 95370
85485 24125 76316
48454 66673 95370
64583 61159 95370
42894 18406 76316
90134 43096 95370
77406 32665 76316
34648 74138 76316
36478 58295 95370
24638 65055 76316
87764 97213 76316
55752 37953 95370
71692 87767 95370
64583 84215 76316
22794 89046 76316
68445 53733 76316
35700 63500 95370
64670 89252 63093
97086 84576 76316
23442 40426 95370
5549 57221 76316
18353 78270 76316
44947 69840 76316
79448 68823 76316
68821 99541 90087
73974 95955 76316
29595 40510 95370
10083 91375 95370
64583 40426 95370
18363 85857 76316
45292 30286 76316
62208 45503 84526
30799 12375 76316
84570 74000 95370
52356 67680 99541
18363 73331 76316
10960 70483 90087
69298 83976 76316
41043 90932 12285
94397 53104 76316
32445 40506 76316
57497 84361 76316
19456 9268 76316
79448 86055 84526
16464 24125 76316
1739 97033 90087
80662 64670 80342
12539 73605 63093
5789 25770 95370
80188 59498 76316
13897 80188 90087
74000 66056 89890
71954 56183 76316
69830 28376 95370
90321 37043 76316
3632 29939 83474
79496 65391 76316
85388 79922 95370
89846 21392 76316
1229 68445 83474
73331 90932 76316
16464 63729 76316
17063 54173 76316
82070 85797 76316
58681 26020 76316
26188 8890 76316
95733 53572 95370
57994 53683 76316
51261 89595 95370
99327 82729 38798
69298 22839 76316
59340 56183 76316
48541 53819 76316
69298 25303 76316
6476 71974 76316
23537 21392 95370
81617 38452 76316
35100 32979 76316
27830 52807 76316
43600 89046 76316
96466 22044 76316
92880 18363 76316
76933 43152 76316
88295 28052 76316
27093 40175 76316
98750 62208 99541
89046 20256 76316
81883 84024 90087
95018 56980 95370
82061 23442 95370
61566 66417 95370
43152 10015 76316
85485 74000 76316
54645 36806 36806
83704 99541 99541
89465 71799 76316
20256 50180 63093
18590 73605 76316
94418 342 90087
69830 49455 76316
25400 49455 95370
55752 55833 76316
77190 39557 90087
81462 26417 95370
26425 10215 76316
71799 79041 76316
89846 27036 76316
1503 11527 11527
21718 82837 95370
60744 59258 76316
25303 49440 90087
83639 50928 95370
35100 32994 76316
9952 73629 95370
80759 35354 76316
90040 74942 76316
63729 24363 76316
96857 24130 95370
41752 73135 76316
3752 32861 76316
25770 75974 95370
20734 62761 76316
6975 74135 95370
86095 20940 76316
36349 55796 95370
31507 20534 76316
52807 42817 76316
67680 63729 90087
30799 86384 95370
77463 99214 90087
90932 20371 76316
35221 56749 76316
6986 68664 76316
33089 13157 95370
54158 88173 95370
52016 32308 62116
57221 37953 95370
6975 70636 95370
91579 51664 76316
80759 49696 76316
15367 90239 76316
18353 40175 90087
68638 40175 76316
82279 88472 76316
80431 52905 76316
68823 40426 95370
77131 9535 84526
57632 38597 44729
92116 923 95370
73800 75920 95370
64807 6594 76316
23915 2396 76316
47910 90321 76316
79093 64548 95370
70199 5789 76316
39714 67317 90087
23915 59258 76316
64515 923 95370
92310 94210 90087
97617 99929 95370
30023 69133 78392
75920 10631 95370
5513 14254 95370
52840 73974 76316
11355 68445 76316
20534 88702 52905
69260 90635 90087
87697 33080 95370
25109 51664 76316
12285 75526 95370
81132 46254 76316
28077 15414 76316
87615 48943 76316
89504 49733 38798
95855 35298 76316
11566 27830 76316
20534 13613 95370
9669 53572 95370
76995 84576 95370
92265 23537 95370
89252 74332 74332
40461 75717 95370
42894 63799 95370
4836 90239 76316
9952 20727 95370
13681 76761 76316
2406 28910 90087
11745 53457 95370
81746 98027 90087
11646 22920 95370
89453 59614 76316
70636 4770 76316
28910 56520 76316
28362 42991 76316
9124 58368 95370
49121 36349 95370
9476 16262 95370
98027 54706 90087
6245 94879 76316
34947 14769 63093
8090 42986 8090
11943 17537 76316
22455 58739 76316
6594 57758 76316
30287 80716 95370
98647 95955 76316
73800 10056 76316
47316 92880 76316
31291 11691 95370
52100 43096 76316
73515 87479 76316
94605 60550 76316
41043 77406 76316
96857 21392 95370
26020 85541 76316
56650 91375 95370
74138 54158 76316
31112 77549 90087
27093 86852 76316
90271 90635 76316
86477 91906 95370
57782 79093 95370
8325 49121 76316
54158 22722 76316
43600 31487 76316
84058 33089 76316
42986 18832 76316
65254 27076 76316
61597 56192 76316
44092 67402 76316
49440 35252 62388
94025 76350 72466
98027 27036 90087
99420 21282 95370
8890 81852 76316
95855 12576 95370
58486 61103 95370
94879 25400 95370
90621 76761 76316
52062 52547 76316
8978 90308 76316
26425 58234 95370
52738 71315 95370
52062 24370 90087
52062 73800 76316
91906 56648 95370
61159 16464 95370
33560 46762 90087
53922 78975 90087
73629 7946 76316
53683 61800 76316
74201 80122 76316
74959 95712 76316
50180 24979 90087
24370 28052 90087
18406 27226 95370
68638 6975 95370
90239 40979 76316
19884 40506 90087
5913 56176 95370
88275 62916 76316
90321 48619 76316
60455 67576 76316
68593 52062 76316
9952 10933 95370
90932 92265 84526
28052 82656 99541
3077 9733 76316
52738 57694 71987
73800 96452 76316
97690 55961 76316
55620 12701 95370
30720 88472 76316
84215 84576 76316
54158 42894 76316
70889 22953 99541
85306 46323 76316
12284 7695 12284
42986 90635 76316
86824 2406 76316
77434 75167 76316
57454 37535 76316
91375 42817 95370
96115 18406 84526
74406 60557 90087
70483 82488 95370
94210 23552 76316
30729 55816 95370
43600 96115 90087
57758 2978 76316
32197 22420 95370
59543 80342 76316
94397 37363 76316
66814 84772 95370
81075 11934 76316
46254 69830 76316
67632 99983 76316
56192 59122 76316
88874 40833 95370
57994 68533 76316
43398 52062 90087
45503 71021 76316
49696 47599 95370
99362 62208 76316
40979 92880 76316
71987 54196 12285
18596 35221 76316
27190 9268 95370
923 7695 95370
14085 71987 90087
58283 36050 76316
26264 57221 95370
44015 90321 95370
7466 78975 90087
95855 76160 95370
923 2755 10316
78049 53457 76316
38597 32308 95370
60915 88275 76316
70636 59786 84526
37953 33560 95370
93534 58295 95370
34983 52547 76316
64548 68616 76316
1959 63023 76316
97736 45205 76316
60557 61159 95370
4853 82837 76316
61103 12576 44729
10933 5637 38798
26791 15617 76316
98647 12285 76316
57971 94709 76316
27036 78975 90087
88275 68537 76316
52665 13703 76316
89252 55752 76316
9268 35221 76316
19884 63978 76316
23774 65055 76316
38597 12284 95370
69281 86477 95370
68627 82729 76316
98750 57221 76316
82724 56648 95370
82606 91667 76316
48943 9140 48943
22787 52738 90087
95163 59786 76316
11819 395 95370
47316 38452 76316
89846 55043 76316
66014 95584 90087
17063 83639 95370
66817 92084 95370
44015 18353 95370
395 77135 95370
60639 90040 76316
35298 20422 95370
60744 78773 76316
57745 27496 95370
49798 67955 76316
83976 90040 90087
80188 34648 76316
74135 27076 76316
92820 55752 76316
80716 42989 76316
48513 27158 95370
86242 97617 95370
32216 44015 95370
80431 42986 76316
74959 16858 76316
78892 20174 95370
90217 22953 76316
87507 54499 76316
52738 64183 95370
90763 62045 76316
18596 57587 76316
77144 78274 76316
50263 51112 95370
68267 46254 95370
64183 20825 95370
88376 67402 76316
817 95955 76316
92820 21282 95370
80122 44463 76316
11724 57782 95370
54607 91597 76316
67811 18596 76316
69837 84058 76316
62388 46254 76316
18946 54499 76316
68312 77144 76316
2497 50928 76316
46764 71692 76316
39812 15937 95370
68400 88275 76316
72466 43096 76316
96857 40294 95370
82837 60639 83474
97690 92116 76316
47961 88858 76316
71000 53572 95370
26189 50180 76316
31695 68026 90087
15646 84570 44729
78789 6986 76316
16858 45205 76316
62007 5637 90087
51112 51261 95370
75187 82172 95712
23774 77860 76316
21461 38601 76316
50928 40275 76316
89292 6975 95370
9849 1229 76316
68627 87479 76316
52729 34983 76316
57016 23442 41270
71974 3769 76316
62761 64515 90087
20727 38798 76316
88858 76350 76316
61159 70889 95370
77463 47823 90087
78773 11978 76316
12576 96557 95370
89638 8978 90087
1229 91399 76316
46482 8975 76316
92843 2836 95370
15937 18363 95370
80406 8090 83474
94025 53340 38798
97896 57632 95370
68664 27740 76316
27496 22032 76316
52840 97617 95370
61159 27176 95370
8625 21718 95370
61566 63023 76316
47229 7627 76316
73605 98476 76316
15723 33170 95370
644 3406 99541
73879 68400 76316
88874 82488 95370
73879 95018 63093
75187 79922 95370
23552 94605 24125
32798 3752 76316
27158 27496 95370
22455 80662 76316
18363 80291 76316
47690 55752 76316
42167 67632 95370
9600 48912 10316
7695 68445 59258
66915 44463 63093
68400 98533 76316
76995 11272 95370
58270 7124 76316
39684 13681 95370
51876 89595 95370
48541 32994 90087
27093 54158 76316
342 99929 76316
96790 58283 90087
39714 31112 90087
95279 92084 44729
84570 36806 95370
55171 53922 12285
20534 87615 76316
45205 84771 76316
66715 53733 76316
52356 46254 76316
17749 8 76316
57994 62875 95370
5401 90763 95370
28421 27740 76316
3854 18955 76316
93445 3925 95370
12508 80122 76316
10665 84898 61840
77165 8975 95370
70636 29939 76316
19884 80406 76316
84772 87767 95370
87764 35100 76316
15545 92061 90087
73899 31695 95370
53340 54607 76316
79235 94879 76316
45815 44947 76316
42986 342 76316
59122 25661 83474
96452 61159 95370
98315 62208 76316
47229 75341 76316
2965 28421 76316
90932 644 99541
38215 4060 95370
817 37408 76316
16858 50616 76316
91507 62388 76316
16445 35515 95370
32979 95148 76316
86055 99214 90087
50967 88472 76316
68312 60455 76316
94397 48943 76316
70483 74201 12285
90040 33936 76316
81746 89292 76316
37787 66121 76316
43803 32197 95370
12284 53733 76316
6820 55900 76316
9124 57782 95370
48619 99475 76316
81075 66814 95370
62222 91667 76316
12432 23915 76316
77135 36806 95370
90932 26425 76316
58295 60493 95370
49121 92049 49121
4770 56648 95370
84898 34983 76316
53457 28362 76316
94210 58283 90087
65286 82172 38798
10083 42986 76316
87697 80603 10316
18406 99416 76316
48541 20256 90087
19119 48912 95370
27176 62761 84526
21461 94210 90087
43514 55961 76316
66965 80662 76316
91407 49440 90087
68533 44061 83474
20256 52840 90087
76761 90271 76316
92820 94709 76316
47717 25393 95370
42991 27176 84526
55072 37474 90087
60493 17063 83474
56176 84215 76316
63093 32861 90087
15414 57817 76316
59066 55043 63093
89292 68445 83474
76933 42167 95370
18400 25400 95370
64583 9669 89890
59614 28052 90087
95370 51148 95370
97213 37474 80342
43152 40448 10631
59122 60493 97690
11691 62388 76316
66380 41585 76316
53733 6016 95370
95855 83976 76316
90932 26777 76316
9952 24130 95370
43803 11460 95370
69260 22044 76316
97617 44103 95370
60455 30011 76316
51066 68533 76316
41072 62370 76316
54158 40716 76316
88376 47002 76316
75111 324 76316
46069 70636 95370
36309 97896 95370
22920 98315 95370
34983 10933 76316
28362 22722 76316
66915 75205 76316
41585 67402 76316
21821 57712 76316
39684 52834 95370
61103 48454 95370
82488 88275 95370
97690 89167 76316
54196 83212 76316
76414 25895 76316
42894 74135 76316
11745 10316 10316
68616 41585 91507
22794 24130 76316
4996 21961 95370
82349 9600 95370
53572 55796 95370
3925 28052 95370
50967 76160 95370
19119 66965 76316
64515 55752 76316
2497 62761 38798
27158 8390 95370
57632 75341 95370
47717 20825 95370
44954 62916 95370
99527 35252 76316
54158 15414 76316
61103 52797 95370
65286 2836 38798
90217 28362 76316
48472 33936 76316
22794 11566 76316
84771 30286 76316
75526 69260 95370
76316 46140 76316
98750 93534 76316
38807 41043 12285
78773 11460 95370
52852 6245 76316
79041 52568 76316
80662 81075 76316
98476 3544 76316
57694 17537 76316
20644 50263 76316
55072 84215 76316
14254 80348 95370
35100 76850 76316
37535 98750 76316
56648 77165 44729
57559 78892 95370
30011 42106 76316
88472 50263 76316
88275 56749 76316
6476 82837 76316
73126 34983 76316
84109 95148 76316
84772 18832 90087
34887 51793 95370
12727 28601 84526
89465 54173 76316
42894 52834 76316
76698 96557 99541
17488 44103 95370
8625 10173 76316
12576 60744 95370
14085 51793 95370
95163 43286 76316
41234 6016 95370
5401 88387 95370
21328 25109 76316
73629 90239 76316
57712 74959 76316
97033 63093 90087
17488 91684 95370
55043 7946 76316
45815 22920 95370
63500 31507 90087
26264 67317 95370
9476 71799 76316
29337 43398 63093
14965 52100 76316
17226 38215 95370
5789 93445 76316
34983 22787 76316
51148 99362 76316
32308 48541 76316
24363 52040 50263
75171 54607 76316
56821 97086 63093
95979 86477 95370
32308 31487 58189
92061 64689 76316
84109 82606 76316
57454 19456 90087
27158 54173 95370
62761 76761 76316
40294 94605 76316
35515 13827 95370
68664 72466 90087
87479 68627 76316
27176 88490 90087
94879 22839 76316
62875 3382 95370
99486 37408 76316
90621 46764 76316
74959 74201 76316
90763 46764 76316
11378 2396 76316
67174 22953 76316
12793 89504 76316
50180 56648 95370
44954 22920 95370
41674 36618 76316
28601 64515 90087
60342 89167 76316
44431 58189 76316
65286 30251 76316
41270 56980 95370
39812 71987 76316
28174 35298 76316
99929 57587 76316
23196 48472 76316
28421 95855 76316
80342 88472 76316
12277 5513 76316
13827 35100 95370
20825 32979 95370
63500 28917 90087
74201 30011 76316
27190 55620 95370
94418 417 76316
27687 52834 99541
68823 87615 76316
77131 51664 76316
92843 21392 95370
57454 22953 90087
27036 35332 90087
75341 35252 76316
77190 40654 38798
80431 99 58189
51876 89846 76316
48253 56520 76316
58681 85857 76316
17063 38807 76316
54894 37228 76316
7124 46323 76316
51261 35515 95370
89292 87615 76316
21961 40506 95370
14769 60557 63093
66965 30729 76316
9124 2755 95370
28174 7946 76316
15414 31112 76316
83633 22722 76316
90621 52797 76316
56183 15937 95370
14254 64515 95370
30799 82724 76316
61597 62761 76316
67576 11229 63093
96466 49588 76316
9849 20541 95370
44947 98315 76316
76160 52665 95370
8090 17717 76316
90217 82279 76316
96466 94956 90087
40654 39557 90087
97839 60744 76316
11378 97839 76316
55752 22032 76316
53819 77144 76316
67980 32150 95370
70889 56648 95370
86667 80137 95370
71315 84361 95370
39557 99475 76316
73899 58368 11819
44431 71692 76316
87577 24909 76316
12277 55717 95370
24909 923 95370
68267 73192 95370
77190 23537 95370
25711 38807 76316
25653 96557 76316
55961 24370 76316
18766 20174 95370
11460 57711 95370
42991 95584 12285
77768 59786 76316
37228 9535 76316
60915 53340 76316
43514 61103 95370
52852 86384 95370
42094 61162 99541
87507 17537 76316
35332 96177 76316
86824 50967 76316
52538 20534 76316
76933 38597 95370
90087 22787 90087
76414 82724 76316
84772 82172 90087
78975 13681 76316
78975 71758 76316
92049 73879 76316
48707 62007 90087
25895 27810 95370
40979 25770 95370
68267 51238 95370
3769 86384 95370
80603 88874 95370
60260 37535 76316
74514 11527 76316
56995 54645 76316
53572 99 95370
94504 63093 76316
4836 26020 76316
47915 99527 76316
99486 15646 95370
66915 75171 76316
87764 1503 76316
58681 6820 76316
11378 34131 76316
82656 15414 76316
18363 98315 76316
80291 51821 90087
8090 5981 95370
99527 10631 76316
73755 20436 73755
7124 18596 76316
76414 42997 76316
88387 44954 95370
93032 52356 99541
47599 54173 95370
14769 79496 76316
30023 80406 76316
96109 16858 76316
75920 22032 95370
94956 84024 63093
48541 7466 12285
53572 14769 95370
53199 40448 76316
72760 63541 95370
95488 23552 76316
18406 85252 76316
40510 4853 76316
22787 7627 76316
73605 51261 63093
95712 23184 76316
59119 21718 95370
23196 39812 59258
74000 99929 76316
16059 42989 63093
324 92049 76316
1132 13613 95370
79041 43281 76316
23552 71903 83474
85146 17717 90087
97824 25895 76316
32197 99416 95370
42106 66814 95370
56183 18363 86242
95979 73049 95370
23196 81274 95370
79221 35332 76316
61531 11646 76316
88490 66915 64515
7124 96177 76316
8 28601 90087
45503 52797 76316
99120 417 76316
15617 99362 76316
13827 17063 95370
73135 7627 83474
7627 87767 95370
62916 56861 76316
99420 12701 76316
41234 817 76316
52665 77463 90087
99362 46341 76316
80348 39171 76316
89453 16445 76316
1503 52807 76316
78049 92265 76316
75187 80342 90087
84109 74406 76316
82172 99541 99541
85541 76933 76316
9849 9124 41270
99926 58270 95370
84215 44729 95370
1572 6476 76316
23552 89638 76316
90271 47690 76316
9268 62388 76316
60043 52905 76316
23196 59258 59258
9535 95370 95370
19456 56166 76316
52568 81452 90087
48943 65667 95370
89846 47304 76316
34947 56166 76316
80759 36349 95370
57559 34131 76316
6594 21961 95370
63799 8975 95370
12411 77406 76316
32185 28174 95370
35100 51066 76316
7124 15545 90087
25770 44061 95370
30287 56176 95370
38601 17717 76316
26425 30287 95370
50263 91507 76316
81403 40716 76316
25661 41270 76316
53104 82724 76316
57559 79448 90087
86384 87764 95370
66121 54607 62116
66715 68400 76316
52807 432 95370
7085 72760 76316
84570 5637 95370
39557 31825 76316
55620 47304 95370
97533 96466 90087
55072 97213 90087
52538 76350 84526
53922 58283 90087
97165 68533 76316
88858 6975 95370
54607 12701 76316
3769 58283 90087
60639 55833 76316
94210 11978 76316
58168 70663 95370
43286 47717 76316
56166 2396 83474
6975 73629 95370
87767 2965 95370
18353 71954 76316
58681 75920 95370
97165 21266 76316
90134 18946 95370
71298 65391 76316
60342 95488 76316
6594 31291 95370
55900 57681 76316
54706 29337 90087
61840 5447 76316
77406 81852 76316
44431 1899 76316
68026 89292 76316
27190 27226 95370
7335 4196 76316
69769 98027 90087
7695 35332 76316
50573 68593 76316
45205 71000 95370
38215 59066 95370
75717 52040 95370
39171 24638 83474
32861 57971 76316
69830 89504 76316
2755 18766 2755
75205 96115 76316
34983 10631 76316
34947 22455 76316
94879 99420 58189
56650 43286 63093
69133 28174 76316
84526 59258 76316
89292 25661 83474
78270 76316 76316
76160 53922 95370
52538 90271 76316
55043 66814 95370
80632 33560 90087
13827 63729 95370
18766 53733 95370
73605 58295 95370
57632 57712 95370
10056 34224 76316
49440 3077 76316
32665 14769 76316
68533 9140 76316
92116 24130 76316
27496 42817 76316
1503 1900 95370
10056 18363 76316
96857 5504 95370
3632 36309 95370
25661 59498 83474
83212 1229 83474
82724 64689 76316
12384 80632 76316
2497 24269 90087
56176 97839 76316
91407 97824 76316
1899 52852 90087
60550 54607 76316
11934 7946 76316
74138 35252 38798
68026 47561 76316
55833 57681 76316
87767 44061 95370
37408 40291 76316
35100 83474 76316
84576 10056 76316
84024 6016 95370
12277 7466 76316
66056 3406 76316
61819 28917 95370
23442 7085 76316
54158 99416 76316
91579 36050 76316
59990 92265 76316
95163 1874 76316
56648 71550 95370
8 92061 90087
68533 31291 95370
99541 49440 99541
41674 56192 76316
67632 48707 76316
28077 32308 76316
10215 40175 76316
28490 43398 76316
26777 7335 76316
15414 71298 76316
27036 54607 76316
89252 14254 95370
42894 40426 95370
77135 41979 95370
80291 34224 63093
21461 54910 90087
74332 51261 63093
37953 28910 95370
83474 37408 83474
80342 51765 63093
92061 4836 76316
51148 59119 76316
61597 10316 95370
9952 94418 95370
21961 30720 95370
88300 82061 95370
37363 99541 99541
42678 82724 76316
32994 9535 90087
9669 88376 76316
16059 12429 76316
69604 27810 95370
68533 63500 76316
42167 21266 95370
40461 48619 76316
46684 22794 76316
12375 10083 76316
12384 7627 76316
39171 31825 76316
71315 95273 95370
28910 84576 76316
60915 95712 76316
57817 82606 76316
8162 55413 76316
53572 69604 95370
56995 44084 76316
92061 57497 76316
81617 80122 76316
65391 337 76316
9476 73974 76316
88874 89638 95370
2406 49455 90087
47823 10083 90087
80759 63023 76316
48912 27496 95370
27158 50180 95370
8 89773 76316
40461 37363 76316
5513 96115 84526
16059 76995 95370
30251 11943 76316
42106 55900 76316
91375 65667 44729
28174 11521 76316
46764 47717 76316
37158 99561 76316
87764 10083 76316
99327 82061 95370
56520 97839 76316
2497 91597 90087
90621 99983 76316
57454 30011 76316
45503 79922 95370
11844 92310 76316
37787 89890 76316
52797 25711 76316
20174 27093 76316
44061 26777 83474
58189 64319 76316
32798 17749 76316
54706 57559 90087
71000 98533 95370
71014 81075 76316
97839 6594 76316
32445 94397 76316
84361 81299 76316
33170 16445 41270
66121 62388 76316
95273 41270 76316
9140 48472 76316
65055 68026 90087
6016 28421 95370
44463 66965 76316
76160 32123 95370
72760 38215 95370
89167 95279 95370
97086 98027 63093
90040 22794 76316
12429 87045 95370
6594 12277 76316
40979 44431 52905
71692 61566 76316
76160 57782 57782
94122 46254 76316
12411 62007 90087
32798 73974 76316
31112 6975 95370
11844 2836 76316
41979 53922 12285
63421 7124 63093
12539 77135 95370
87028 10056 83474
50967 51148 76316
95043 18406 76316
90635 82279 90087
85857 89846 76316
84570 817 95370
3769 49403 95370
95733 76160 95370
59990 32665 76316
73515 19119 76316
84576 77131 76316
8390 1132 63093
34983 60493 83474
41234 29694 76316
20644 91407 90087
99500 53922 99541
96790 12727 90087
51261 49696 90087
76933 54706 76316
92820 31507 76316
26020 44103 76316
96177 10015 76316
48395 3382 76316
99120 96790 76316
40029 79843 76316
59786 88173 95370
53457 4996 76316
23405 91667 76316
84771 36806 90087
82008 43398 41270
86242 95979 95370
53733 25393 95370
77406 12375 76316
74000 66014 76316
25109 18766 95370
27176 26417 84526
83639 97213 95370
90308 74332 76316
62875 77144 95370
94210 81452 12285
83633 55833 76316
80431 91667 76316
90621 87697 95370
75717 10933 95370
2078 49733 95370
79729 58486 84526
1572 23196 76316
24979 53547 76316
29595 11460 95370
47002 45957 76316
39480 44092 76316
1609 42894 76316
56176 97533 76316
80759 41979 76316
11460 56192 95370
96177 88874 95370
22336 87028 76316
14085 49440 90087
66814 69830 95370
923 48943 95370
43600 76229 76316
9733 9669 76316
53199 64319 76316
50928 27093 83474
44103 27740 83474
36309 74135 95370
15723 56166 95370
71000 52538 95370
64183 16445 95370
30251 20256 76316
82349 97033 90087
8390 60744 76316
87615 60915 76316
75920 22336 95370
18353 49455 12285
32185 60550 95370
97033 55816 95370
42106 52538 76316
61800 87764 76316
35221 12793 83474
57016 80291 57454
87577 50263 76316
96065 54706 76316
78274 64515 76316
77860 92049 76316
99120 88275 61840
11745 64583 95370
86631 20644 99541
8090 26264 95370
46140 12539 90087
57794 81132 62116
63421 32798 90087
43096 75205 76316
21266 32197 95370
51238 54645 76316
44103 44061 83474
28376 86055 95370
77860 8978 90087
44103 10933 76316
12284 18406 76316
90621 75974 76316
64515 26264 95370
55900 99327 90087
98315 11745 95370
57454 64583 76316
61840 71692 76316
40716 71000 95370
51238 47910 76316
70199 86631 84526
28362 40979 76316
59340 86473 76316
72171 21328 76316
14769 16464 76316
74138 57745 95370
91606 35866 90087
37043 80348 76316
63826 52797 76316
13897 30729 90087
63023 80342 90087
55620 19456 95370
94956 60787 63093
92880 99475 76316
59122 72171 76316
20436 14254 95370
57817 88490 57454
59614 60639 76316
96583 9849 76316
21961 40448 95370
40784 97824 76316
61162 48943 76316
9952 41270 95370
33936 57221 76316
27740 92820 76316
93520 8890 95370
66014 97617 95370
90271 28917 76316
43600 71987 90087
73800 73629 76316
40294 42094 99541
30287 6986 95370
32308 75341 76316
47599 5401 95370
8162 20256 8162
13157 46140 95370
1609 25653 76316
71550 6986 76316
44463 83639 95370
21392 71014 76316
49455 46341 76316
90087 56861 76316
92084 14254 92843
89167 10015 76316
59122 54436 76316
49455 89453 76316
89167 6476 76316
2078 3769 95370
1874 72171 90087
37158 32994 76316
10015 35252 76316
92116 69298 76316
73629 20940 83474
90271 10015 76316
90040 25770 95370
77860 47823 66014
82656 68664 90087
44431 68821 76316
18912 13157 95370
61597 80137 76316
1899 84898 76316
59786 9669 76316
61162 41674 76316
18406 37953 95370
75205 62761 76316
28917 95279 95370
41043 48943 76316
92116 77768 76316
48395 57793 76316
17717 45815 76316
57745 52100 95370
1132 7335 76316
56183 35298 76316
61840 11460 95370
55900 97086 29337
66136 16262 95370
81075 88874 95370
25661 45292 76316
95163 817 76316
94949 53922 95370
38452 20174 76316
39684 99420 95370
12384 76229 76316
11978 829 76316
17749 22420 76316
11272 44954 95370
21461 43096 76316
99486 76316 76316
53683 23184 61840
45205 75167 76316
41270 85146 90087
48541 19119 12285
49798 90262 76316
62761 1959 76316
44015 21328 95370
54173 30251 76316
83639 9140 95370
52100 74138 76316
68026 28362 76316
49588 40461 76316
73049 84109 76316
25770 89465 95370
8975 95279 95370
67402 61840 61840
57016 86667 95370
58486 55900 90087
40784 20825 95370
89167 37953 95370
26777 53733 76316
87507 39615 76316
21821 52738 82729
77415 37031 95370
5513 88858 76316
98027 32216 76316
28376 93032 95370
78789 57632 95370
61159 68537 95370
13703 62388 76316
10056 10316 95370
82008 36829 76316
57841 2396 76316
35515 16445 95370
41674 85485 76316
1900 28077 95370
80122 40294 76316
1229 69298 76316
18946 66121 76316
70636 28376 95370
75167 86824 76316
51112 59990 95370
37807 92025 95370
47690 70199 84526
10215 44092 76316
83704 71550 76316
50263 67680 76316
68445 58368 95370
52834 1229 76316
12429 83639 95370
52538 51148 90087
41234 24370 76316
86852 45292 76316
22044 27036 76316
63799 54607 95370
74201 37363 12285
66673 97736 76316
40275 35221 76316
33080 14965 76316
84058 59119 76316
11943 27036 76316
63826 36478 76316
32840 64670 90087
50180 43600 63093
6594 5913 95370
10316 18434 95370
13157 18434 95370
99486 63541 95370
85541 26417 12285
3769 50616 84526
32861 18363 76316
31487 85252 76316
56183 43152 76316
70199 12793 76316
67980 11844 76316
89595 48541 95370
39812 37043 76316
59543 8 76316
3406 8534 76316
62388 11646 99541
53572 63698 95370
84771 40029 76316
37228 22794 76316
98476 99475 76316
81452 89453 76316
40679 86095 76316
64548 76850 76316
81299 95148 90087
84576 91906 76316
22032 71893 90087
62222 22839 76316
92116 56821 76316
57817 4996 76316
49455 22953 99541
1132 85541 90087
1739 73192 76316
87615 99214 90087
78274 49121 76316
43600 71903 76316
57711 98027 76316
56749 18596 76316
57712 30720 76316
18912 37474 76316
54158 73331 76316
97824 66136 95370
19884 9669 76316
41043 46762 12285
63978 49696 76316
4797 19884 76316
53043 52100 53043
27036 30023 76316
42000 89292 76316
30011 95584 76316
75526 44103 95370
10215 91399 76316
5504 90134 95370
15937 395 95370
96557 59066 90087
85485 41234 76316
81403 70483 76316
2965 40679 76316
28917 72466 90087
57793 22455 76316
38452 13006 76316
52040 82724 76316
57221 57694 76316
97165 42894 76316
73899 11229 95370
77165 96065 95370
26417 3406 38798
59543 40426 95370
22787 64670 90087
13157 71000 44729
817 42817 76316
35100 63978 76316
51872 84058 63093
94709 66814 95370
38807 21961 95370
16858 3544 76316
68664 81132 76316
9476 86055 76316
92820 17226 76316
77165 28077 95370
69260 38215 95370
13703 87045 95370
63421 43281 41270
91906 50573 84526
48619 77434 74332
89890 98533 76316
21266 82061 95370
24269 49440 90087
54706 70663 90087
15646 57016 95370
6820 40784 76316
23552 37807 76316
66056 87615 76316
58168 55752 95370
8325 12277 76316
37158 7946 76316
29227 63799 95370
24370 54894 63093
92820 14085 76316
18946 36806 76316
11844 69133 76316
21266 31825 76316
48395 97033 76316
49455 48707 90087
37787 16472 6986
30592 44947 58189
88472 56749 62116
80406 9124 76316
25303 32150 95370
21282 35564 95370
99475 32445 76316
84526 77406 76316
21392 18363 76316
66014 74959 76316
52807 55620 95370
61531 95979 95370
88874 22032 95370
42678 18353 76316
24909 90308 76316
57711 75974 76316
27810 62875 53572
77549 64807 76316
50967 99500 76316
62045 7335 76316
6975 46254 95370
46684 48912 95370
57817 18766 95370
20541 97896 95370
97165 82656 76316
18766 62222 95370
29939 82729 76316
76316 88874 95370
82279 35564 76316
62208 70636 84526
40426 62388 95370
96539 8162 95370
78274 95273 76316
39171 57994 76316
41072 59340 76316
15723 57793 95370
25109 61472 76316
45292 46254 76316
17488 27176 95370
11819 42986 95370
45957 99541 76316
25711 8090 76316
76160 60493 95370
12539 37363 90087
85252 71298 76316
94956 417 76316
20174 59498 76316
5981 89595 44729
16059 70483 90087
22794 47304 76316
97213 80603 95370
1609 85252 76316
52016 63541 95370
11844 51120 76316
27176 92820 76316
40294 95148 12285
56995 66817 76316
64183 79093 95370
3406 59498 76316
53819 24269 76316
86242 76933 76316
58179 61800 76316
40294 17717 99541
48912 52010 95370
22032 8325 76316
55620 28490 95370
28601 81746 84526
47316 61840 76316
12539 74959 76316
18353 35221 76316
11691 21461 76316
24269 79843 90087
92084 38798 95370
92061 33089 76316
13596 46254 76316
20940 47304 76316
41585 53340 76316
43067 80632 76316
14085 94418 80342
20534 9952 95370
95488 21328 76316
73172 74514 76316
84109 6476 76316
94122 52738 90087
89046 27403 76316
81883 57454 90087
93520 51872 95370
44092 60455 76316
94397 88858 85857
68312 36829 76316
66673 93520 95370
74000 48395 76316
58168 58189 95370
56821 20371 76316
12277 66121 76316
337 76316 76316
90087 53043 76316
44084 34224 76316
54894 70483 90087
51148 14254 95370
96065 73755 76316
4836 49798 76316
20256 32308 76316
8602 34947 63093
88275 32994 76316
97617 16858 95370
57758 35100 76316
829 64807 76316
51148 45957 76316
44431 49588 76316
94318 5401 95370
58283 78274 76316
40275 71014 76316
36806 67174 76316
69298 74201 76316
37953 54894 95370
34947 8890 76316
69604 395 76316
23552 58681 76316
79922 45503 95370
81883 90621 76316
99983 84576 76316
83633 86852 76316
32216 32445 76316
99929 77190 76316
91867 67576 90087
22455 25303 76316
70199 56183 76316
39714 11435 90087
66814 9140 95370
83976 71954 76316
417 36829 76316
77406 29337 76316
58295 37228 95370
99475 73126 76316
47002 37043 76316
55717 82172 95370
36829 83474 76316
82008 12411 90087
55816 96348 95370
71893 8 8
23537 62875 95370
9124 86242 76316
87767 57454 95370
2078 35354 95370
28490 11435 76316
82061 54894 95370
92049 48395 76316
21821 90262 90087
44061 13006 76316
5637 48943 76316
62370 96115 76316
89773 18434 76316
5789 5549 76316
63729 92049 76316
9952 7466 95370
38597 26791 95370
57632 63541 44729
66715 5447 76316
60639 81452 76316
37474 7466 90087
65254 64807 76316
81883 47599 95370
96348 90040 76316
65254 83639 95370
24130 62370 76316
45815 63421 76316
36309 43398 95370
31825 31487 76316
19884 57559 90087
43514 11272 76316
24130 80342 76316
60493 83474 83474
40275 1739 90087
70663 77190 90087
48707 55961 76316
66121 61472 76316
32197 32665 95370
67174 42678 76316
47002 5401 95370
68616 43152 76316
24370 49798 76316
47599 94397 95370
88472 1132 76316
7946 99420 76316
99983 10015 76316
13827 67402 95370
46323 36829 76316
83704 26791 90087
54910 80759 76316
62208 71550 76316
18233 11745 95370
25303 11844 76316
64670 32979 76316
47229 82008 76316
65254 94956 63093
55961 90558 76316
77356 16445 76316
60455 56176 76316
24979 97213 90087
55717 33936 95370
27176 79843 90087
7335 96583 6986
22953 23442 90087
12375 67402 76316
53104 81617 76316
23915 73879 90087
52568 20436 90087
89465 4836 76316
85797 26020 61840
37643 2497 76316
69769 50928 76316
10631 97896 76316
94879 4060 76316
3382 32308 76316
70636 16472 76316
68616 62761 76316
22032 27687 90087
40979 53547 76316
77356 13047 76316
66673 88874 95370
98027 70889 90087
8534 89453 76316
28052 78892 95370
58368 1229 95370
62875 68267 95370
79843 70636 90087
64515 3382 90087
15545 90087 90087
5549 20534 76316
40175 63093 63093
62007 7946 76316
69133 55072 76316
33170 66417 95370
61162 59258 76316
96539 61597 95370
3544 57587 76316
27496 67632 76316
48943 52547 76316
40275 29595 95370
56650 99 76316
22455 82724 76316
24909 4853 76316
58234 57817 95370
58270 23442 76316
57454 51261 41270
71550 13613 95370
2978 92843 95370
95584 89638 90087
63799 88173 44729
88300 62116 76316
98647 62388 76316
94122 47961 41270
52356 73605 90087
28362 7946 76316
73605 66380 90087
22794 57971 76316
95488 71799 76316
4853 37953 95370
76350 97033 99541
32150 92116 95370
98027 56520 76316
58681 95043 76316
45205 3854 59258
2497 5549 76316
15545 51148 90087
44729 68616 95370
5003 39480 5003
27810 9535 95370
40275 61162 71987
12727 88275 76316
85797 69133 61840
60550 10215 76316
80122 96539 95370
9600 69560 95370
46323 51112 95370
20727 97617 95370
99983 59614 80342
94397 32994 76316
89846 28174 76316
49455 30251 76316
48472 20727 76316
68821 92310 90087
1899 88173 95370
52665 829 90087
22794 54645 76316
13827 76414 95370
47717 20727 47717
84898 32216 76316
62222 91516 76316
97033 57694 99541
40510 96466 76316
25770 57587 95370
8890 47229 76316
79729 20644 99541
39171 38597 95370
97165 46254 76316
10960 4996 76316
29694 20422 95370
1132 87136 76316
20644 432 95370
48707 48454 95370
85485 91516 76316
21392 49798 76316
82070 95979 95370
68533 68445 83474
84898 68627 78392
16464 79235 76316
22032 71799 76316
80431 32208 76316
32197 96466 95370
97617 1132 95370
96466 28376 95370
54173 21282 95370
31507 92310 90087
8 7946 76316
12411 90635 90087
82061 58739 95370
97736 22420 76316
24269 88387 76316
26777 9600 95370
11646 64689 76316
30011 52356 76316
96557 74959 76316
91507 54499 76316
66965 91597 76316
20174 8890 76316
18363 95163 76316
53683 40716 61840
92820 44463 76316
324 68616 76316
95712 77860 90087
52010 35252 76316
41234 67980 76316
19119 92843 95370
84570 6594 95370
98533 95148 84526
43592 4060 76316
60787 26188 63093
46323 88300 76316
644 50967 76316
41979 92310 90087
2965 2078 95370
59122 2078 95370
20534 82172 76316
99929 11943 76316
63728 25770 95370
76995 86631 95370
12284 96790 76316
8390 53683 76316
88490 24363 76316
76933 32798 76316
51876 11527 76316
30287 89465 95370
49440 66715 90087
7695 11745 95370
19119 35700 95370
96115 18434 76316
49121 26425 76316
62222 71974 76316
59340 45205 76316
46254 8625 76316
49440 57632 95370
35298 61819 95370
53819 7085 76316
15617 76698 76316
52905 58486 76316
79843 40654 90087
33089 86095 76316
53733 81299 76316
42989 21961 95370
26264 88472 95370
96557 51821 99541
90239 69840 76316
95979 30287 48454
32798 94418 90087
50967 23442 76316
28917 417 76316
52738 99486 76316
92061 52852 90087
56520 61159 95370
2978 12411 76316
48395 96115 76316
41752 2965 76316
57711 40029 76316
30011 67576 76316
41072 87577 76316
16262 18596 95370
28174 78392 76316
60493 76995 95370
58283 6245 76316
60043 99926 95370
81804 54706 76316
58295 37408 95370
18233 95043 76316
78392 64548 76316
54607 64548 62116
58486 9849 90087
62007 51261 41270
25661 67482 83474
37158 73331 76316
61840 9268 76316
35100 57497 76316
49696 52738 90087
82008 6986 76316
56861 12701 76316
51872 95163 76316
31507 58486 90087
20825 40291 95370
55171 81299 90087
25661 54436 76316
36349 21821 95370
12432 5913 95370
7085 40461 76316
90621 91375 95370
24370 35564 76316
96557 78274 76316
34947 39812 76316
81883 97533 90087
82729 32861 84526
324 97736 76316
35100 52010 76316
40679 432 95370
22920 16858 95370
42997 12727 90087
68400 32208 76316
21328 90621 76316
86095 61840 76316
67680 65286 38798
3752 3854 76316
81299 1874 90087
57712 77356 76316
56650 56648 95370
57559 20256 57454
32185 71903 95370
44015 37031 95370
85306 96348 76316
91684 20174 76316
79041 86473 76316
32756 27830 76316
74138 43592 90087
68664 73192 76316
62007 15937 95370
10173 55900 76316
32798 75974 76316
21392 39557 76316
75974 89252 76316
38798 88295 76316
14085 88490 41270
57587 26777 76316
53104 66965 76316
80406 94709 76316
39714 97839 76316
55900 432 95370
73629 31825 76316
45292 40510 76316
36478 63826 76316
41752 34224 76316
79235 35100 76316
3544 15937 95370
21961 97033 95370
44061 63500 76316
5513 81075 76316
84772 99416 76316
67482 58739 76316
44729 97213 95370
35100 78392 76316
5981 5789 95370
56192 46762 76316
32185 56648 44729
20422 70483 95370
11527 81075 79041
44103 57971 76316
11272 7695 76316
84526 87028 76316
47229 23184 76316
68638 26189 58189
3544 77860 76316
27036 89595 95370
54173 34131 76316
66380 47961 90087
74942 72760 76316
55752 52010 76316
47823 68821 90087
47823 92025 95370
8975 27176 76316
3769 68537 76316
81462 65391 95370
73755 81403 76316
91579 66136 95370
40175 60493 76316
30799 94397 76316
51112 68267 95370
58283 86477 95370
61162 10631 90087
80632 46764 76316
98647 47561 76316
71000 77135 10316
57221 31507 76316
35332 7466 84526
73899 3544 95370
78789 95955 76316
7946 78975 76316
25661 8 76316
61566 95018 76316
9124 44103 76316
44431 86384 95370
60787 89453 76316
43281 76761 76316
51238 81403 49121
35298 78274 76316
55752 82070 76316
91375 74942 95370
51793 66136 95370
18400 8602 90087
9849 7124 63093
49440 60744 76316
52797 43803 76316
24125 28917 76316
89465 27190 95370
67680 51120 76316
89453 32665 76316
32665 5003 76316
75341 80188 76316
40461 97033 76316
29337 71298 76316
90932 97736 76316
18353 28421 18353
70663 19119 90087
11521 28421 76316
29337 77406 76316
27687 40461 76316
54499 4853 76316
54173 85306 76316
52834 48395 76316
52568 59122 76316
64515 67632 76316
51238 15937 95370
96177 85146 76316
50616 57454 90087
15617 36618 76316
88376 32665 76316
26425 25895 76316
92265 87697 95370
53547 92116 76316
6975 43803 95370
81462 40510 95370
32445 89595 95370
18832 90635 90087
72760 74959 76316
43067 74514 76316
40275 71000 95370
52062 76995 95370
94605 46069 95370
82061 89504 95370
16262 18434 95370
58368 83976 95370
38798 83474 76316
53043 97033 76316
47915 33170 76316
4060 6975 95370
57016 68664 63093
60455 6301 76316
11646 63421 90087
27810 27076 95370
80291 3544 76316
69840 73172 76316
99214 41043 90087
11355 52100 76316
94318 69830 76316
12375 55752 76316
20727 39615 76316
13613 69604 95370
28174 23442 76316
92084 96115 95370
57758 30799 76316
7085 43096 76316
10083 48513 90087
18596 94709 76316
14769 40448 63093
84526 17063 76316
97736 88275 76316
17488 17537 95370
20436 61159 95370
52665 89167 76316
47561 42000 76316
32208 37474 80342
9733 82008 90087
66056 34947 76316
43067 91375 95370
64807 8975 58189
79221 6986 76316
54855 91407 63093
27190 53457 95370
9733 19456 90087
73172 91579 76316
9535 58234 95370
61531 98027 76316
37807 31507 63093
74201 61819 95370
43286 5401 95370
73800 37043 76316
4996 77768 76316
3854 71758 59258
60639 68400 76316
89292 84772 76316
59122 90932 76316
46764 69260 76316
57497 63500 76316
31695 71550 76316
96583 35332 76316
74406 48253 84526
87577 30729 76316
6245 89453 61840
37228 82070 76316
97533 10083 90087
64670 83633 83633
27226 79729 95370
87697 94709 95370
73515 9952 95370
72171 16445 90087
97533 40291 41270
85857 61840 76316
61566 63421 76316
66417 21961 95370
23442 37535 76316
74514 57681 76316
44729 40291 95370
50573 44092 76316
90271 89773 76316
5913 94956 95370
39171 12508 97690
68312 12384 76316
73126 92049 62116
14254 66056 95370
53922 58168 95370
25895 78274 76316
5549 41585 76316
77190 94397 76316
11978 73515 76316
12508 66715 76316
18363 51793 95370
74201 50180 90087
37953 31507 95370
23196 9535 76316
99541 73049 76316
48541 73192 76316
69837 26020 76316
55983 24130 95370
64689 40461 76316
80122 51066 76316
37158 10215 76316
55171 77144 76316
5789 62388 76316
18434 21461 76316
40679 51261 76316
63826 62761 90087
87524 13047 90087
417 22420 76316
52840 79729 84526
54894 79235 90087
50618 67174 95370
3382 95279 95370
11934 57817 90087
28174 54499 76316
77434 30287 95370
50180 97033 90087
52356 39812 76316
78274 44061 76316
60639 20371 76316
23196 50616 76316
49121 98476 49121
16059 84024 29337
79448 57711 76316
86477 45815 95370
15723 60787 95370
18590 92061 76316
13596 67174 76316
30729 97213 90087
11934 69281 76316
84526 97165 76316
94504 76414 76316
27190 40506 95370
21392 62222 76316
59119 28910 76316
83212 24363 83474
73974 88295 18590
27740 69837 83474
97736 65286 76316
90134 94879 95370
13157 30799 95370
25661 31507 76316
63093 19456 90087
81403 22920 95370
86824 12375 76316
81452 30720 76316
66915 14769 63093
84772 89465 90087
66014 48513 66014
25661 70966 76316
86055 3544 76316
40291 64319 76316
95584 2965 76316
12277 36050 61840
97213 47002 57454
4770 50180 76316
35298 46684 76316
57745 21282 44729
55171 89638 90087
34131 66817 76316
20734 24979 76316
40461 78274 76316
20371 89846 76316
9849 3406 90087
85857 80122 76316
1572 56821 76316
32840 62045 12285
11378 73974 76316
66965 51120 76316
82349 91507 76316
97824 86631 76316
32197 10215 95370
50618 50967 95370
19119 55620 95370
2396 80122 76316
51821 15937 95370
47717 50263 76316
2396 16262 95370
79041 29337 76316
51821 39812 76316
12432 81274 95370
91407 95273 76316
87524 86824 76316
28376 54645 95370
46140 20644 99541
87524 33089 76316
1132 43803 63093
83633 94956 66014
47910 81746 76316
52538 64807 76316
11691 25770 95370
27810 40784 95370
98027 7335 76316
3406 15723 95370
47823 60557 63093
39812 49696 76316
2965 86055 76316
57497 7124 76316
62045 90558 76316
67576 17537 76316
1739 49403 95370
24363 51238 76316
89773 32840 76316
3077 56980 95370
15723 98533 95370
12576 70966 95370
9124 38452 76316
47304 27226 95370
71903 84109 76316
80759 59498 76316
85252 86852 6986
57587 88275 76316
71692 32840 76316
57221 88387 76316
8325 63541 95370
5981 62370 95370
61800 66817 84526
27810 2078 95370
35564 46341 76316
33170 75171 76316
76995 79041 95370
52834 78049 76316
92310 87767 95370
92880 56166 76316
48619 77549 74332
28018 46341 76316
63729 28077 90087
68638 5789 76316
99416 69298 76316
7085 47961 76316
68593 84215 76316
29227 24130 76316
52547 67317 76316
11521 71987 76316
33560 71298 76316
98533 76414 76316
95163 85306 76316
48472 69837 76316
28421 10015 76316
58234 46764 95370
99983 77144 76316
46684 35564 76316
39171 61159 95370
52100 3632 83474
59498 17488 95370
37228 3925 95370
45815 30592 76316
57454 20644 90087
27093 79093 95370
84771 62208 99541
5637 13827 95370
20940 57994 76316
18353 32861 84526
21328 42986 76316
12375 83633 76316
11978 77165 95370
83474 77768 76316
27036 94397 76316
61159 18766 10316
4836 77190 76316
57681 59258 59258
55072 46762 90087
60043 24370 63093
91407 15414 76316
10631 67174 76316
52665 13613 95370
68533 47823 76316
49588 13703 76316
12508 64319 83474
27190 432 95370
43592 25109 76316
61800 1229 76316
22794 7946 76316
45815 5447 76316
66673 78773 76316
55833 12432 76316
18955 25303 76316
59498 48454 95370
96452 83633 90087
36478 38798 76316
37228 30011 76316
81852 85306 41270
25770 34947 95370
68593 3925 95370
66673 39480 99541
27687 16262 95370
28077 29939 76316
63093 85252 76316
92061 23184 76316
59122 22420 76316
48513 43286 80342
82008 64583 76316
35515 66136 66136
644 41270 90087
79221 94418 76316
9952 65667 65667
15723 10316 10316
95273 95370 95370
44092 90217 76316
92310 79093 95370
70199 10173 76316
19456 55752 76316
89890 77434 76316
1572 23552 76316
40654 15646 95370
54910 41674 76316
43281 53199 76316
68533 17063 83474
89890 55833 76316
2978 15646 95370
33936 51872 76316
45292 59340 76316
68400 52062 76316
83639 57497 95370
90040 36618 90087
7335 77135 95370
86384 84361 95370
37953 99416 95370
56192 90932 76316
69260 53819 76316
44947 50180 76316
1132 817 74332
75111 12384 76316
11435 49121 76316
35866 29227 76316
66136 59119 95370
94709 94397 76316
18434 417 24125
11934 92265 99541
86477 17488 44729
53683 22420 76316
9669 39714 76316
56861 81299 76316
6820 5549 83474
26777 51066 76316
39812 38452 76316
21282 5504 95370
99214 42991 90087
22794 11229 76316
81462 52665 95370
41043 55072 90087
69840 40275 76316
12384 42678 76316
91579 69769 76316
41043 59066 90087
90763 80188 76316
10056 68664 76316
17063 77768 76316
72171 86095 76316
46069 92049 95370
95148 41674 76316
94709 13897 76316
38601 55833 76316
42678 68616 76316
3077 53547 83474
644 55983 95370
91507 29337 76316
46684 49455 99541
26189 43152 76316
14085 24363 76316
96466 13006 76316
66673 923 95370
37363 11819 95370
97086 66136 95370
41234 57694 76316
32840 13827 95370
33080 77131 84526
11691 12432 76316
59543 8534 76316
97896 92880 68593
1503 71987 76316
11844 55413 76316
67402 84058 76316
67632 7627 76316
23196 89292 83474
58168 72760 95370
62370 41674 58189
65055 11978 76316
27830 84526 76316
51112 2836 95370
73974 97617 95370
12701 34983 76316
6476 89638 90087
74959 62370 76316
16464 69604 76316
9733 79093 95370
37474 39714 90087
22953 94605 76316
63023 38601 76316
42991 81852 90087
36806 82488 95370
89595 35100 95370
6301 40510 76316
20541 73800 95370
96539 60493 95370
22787 23915 90087
96466 78975 90087
23774 64807 76316
87767 16464 95370
97033 3382 99541
69840 77549 76316
58739 96109 76316
95712 36309 95370
97213 55043 41270
79843 61162 90087
87577 37363 76316
47961 60550 90087
99500 60639 76316
38798 61103 95370
81746 10631 90087
40679 57782 95370
72171 36478 76316
21328 71014 76316
21266 57497 76316
78975 12432 76316
85541 68533 76316
18766 59498 95370
56520 98647 76316
40448 3382 90087
44947 36478 76316
78274 56520 76316
90308 42106 76316
80188 63541 95370
99486 29337 76316
96065 67482 76316
95018 56821 80342
75341 48454 95370
71987 18912 76316
69281 64583 76316
49440 96539 95370
88702 17488 95370
71315 75167 95370
57782 15646 77135
8625 52834 90087
31507 80603 95370
17537 73899 95370
36618 35221 76316
95733 98315 76316
13006 49588 76316
48943 2978 76316
52852 92025 95370
82061 66121 95370
86631 81274 95370
3925 25711 95370
16059 86631 90087
56650 87764 76316
6476 98315 76316
48912 13613 77135
85306 62761 90087
67955 30251 76316
15723 36806 95370
77434 21718 95370
22794 87764 76316
49403 78773 95370
77190 53683 76316
75526 9535 95370
94318 63826 76316
78392 32123 76316
18912 99 76316
95712 12539 90087
82488 80632 95370
94418 20422 95370
28077 10083 20436
19884 20644 99541
12277 99541 76316
99362 84771 76316
88295 99327 76316
99416 89465 76316
22722 19456 76316
31291 32197 44729
69298 38807 76316
73049 12539 76316
1874 33170 80342
41674 40175 76316
52568 81852 41270
73974 87136 76316
1229 44092 76316
31312 92820 76316
432 51664 95370
53733 45503 76316
81132 6986 76316
43281 51664 76316
9535 88702 76316
95733 3382 76316
90262 37787 76316
89504 47717 76316
74201 52538 84526
93520 23915 95370
64548 40833 76316
84024 12432 76316
62045 58681 84526
44954 53457 95370
90262 64807 76316
3382 26425 76316
18233 63978 76316
5447 40784 76316
58189 85306 76316
49440 57971 76316
58739 40275 76316
12488 90558 76316
57711 89890 76316
16858 10631 76316
38452 432 95370
11978 48253 76316
11745 34131 95370
23442 40679 76316
8975 59502 76316
74135 29337 76316
78789 8325 76316
55752 52852 76316
57694 56166 76316
27687 60550 90087
88300 20734 76316
35866 41234 76316
21961 84109 95370
19456 31291 95370
38597 90558 95370
28601 88702 76316
46323 32197 95370
78975 44431 76316
21821 33560 90087
18406 99561 90087
78392 44431 76316
90262 81462 95370
20174 81883 76316
20436 40506 90087
11460 73974 95370
17717 2497 99541
92084 83212 95370
78392 98750 76316
32216 91597 76316
86824 99214 76316
60915 99416 62116
55171 6016 95370
57221 43152 76316
21392 24370 76316
65254 89846 76316
68537 31291 95370
99929 67576 76316
33936 53733 76316
95273 44103 83474
88387 25109 76316
99420 89595 95370
99983 75717 95370
56192 49798 76316
47823 41043 90087
31825 99327 76316
45503 92820 76316
16059 85306 63093
97033 5513 99541
46069 28362 95370
63093 82008 63093
52356 68533 76316
51112 91684 95370
67317 87028 76316
10665 27687 76316
22953 91399 90087
43600 31825 76316
73879 55796 76316
27403 68638 76316
91684 12375 76316
70966 44084 76316
81274 45503 95370
38452 26020 61840
90134 29227 95370
90217 75205 76316
18233 3077 76316
6301 2078 95370
41752 52905 76316
62370 87507 76316
15545 71315 95370
337 55900 76316
58234 22920 95370
44061 35564 76316
95370 68400 95370
42997 16858 76316
84898 39615 76316
69837 54706 76316
19884 59066 90087
9733 46254 76316
50618 5549 95370
60550 90271 76316
41043 56995 76316
20644 59066 90087
15545 5981 95370
30023 68533 76316
66814 22455 95370
57971 11435 76316
79235 38601 76316
36618 66380 99541
42167 89046 95370
19456 54706 84526
9124 18832 90087
52547 82172 76316
20534 87697 95370
11521 39714 76316
95733 36349 95370
17226 33080 84526
45292 26777 76316
66673 92843 95370
99 90217 76316
95043 94956 76316
28052 84109 76316
99420 67576 76316
30729 82724 76316
94605 99561 76316
78789 3752 76316
26777 28917 76316
89504 92310 90087
25661 51765 76316
10083 79448 38798
71903 54910 76316
67632 71987 76316
92116 82837 76316
82488 8090 95370
35298 94318 76316
432 55900 95370
56520 74332 76316
67402 74406 76316
3752 30023 76316
2965 80291 76316
70966 56749 76316
96790 40784 90087
13613 45815 95370
46323 73879 76316
92265 69281 76316
85797 71014 76316
68267 25109 95370
27093 88858 85857
17226 70483 84526
1229 22455 83474
90040 58234 95370
12701 23442 76316
46254 7335 76316
23774 36829 76316
69281 43152 76316
89890 89638 76316
9952 23442 95370
79093 77144 95370
26791 2396 76316
56183 54855 76316
39714 71799 76316
5504 58179 76316
8090 28362 76316
95855 33080 76316
52538 11844 76316
2978 24638 83474
59340 87767 95370
13613 71692 95370
69837 11272 76316
57817 32840 90087
26188 1503 76316
13006 94504 76316
53922 54196 12285
49455 59122 76316
87615 58168 95370
11745 1959 95370
34887 43600 90087
28018 21328 76316
88490 46762 90087
11521 79221 76316
32798 62045 90087
76316 58270 76316
84058 95148 90087
58283 41043 90087
32979 29694 76316
89773 56980 95370
89890 13703 76316
67980 28376 95370
21821 95584 12285
1609 37474 90087
47002 1739 63093
99527 42894 76316
65254 52538 90087
16464 47561 76316
37363 33089 76316
6476 16472 76316
18946 50616 76316
92116 32979 76316
57016 91597 63093
44084 27076 76316
94210 59786 84526
92084 31507 95370
93534 644 76316
54910 10056 76316
94605 30287 95370
68312 52062 76316
61162 73974 76316
95163 28174 76316
8390 52356 90087
46254 3406 76316
98533 94397 76316
83633 77190 90087
52729 99120 76316
76414 417 76316
43600 49733 90087
3406 5504 90087
91684 31825 76316
60550 42894 76316
45205 35252 76316
38807 5504 90087
82008 8890 76316
55961 61566 76316
56520 62045 76316
41979 40979 76316
13681 88490 76316
57497 20825 95370
91516 22032 76316
73192 97086 76316
29227 91606 76316
35515 54158 95370
24125 46323 24125
96115 29227 76316
52729 77131 76316
74514 96539 95370
92880 75717 95370
76316 27740 76316
48472 99327 40654
53572 30011 95370
34648 40426 95370
11724 30720 76316
12576 59340 95370
70636 95979 95370
44954 7466 95370
18434 81852 76316
47690 57994 90087
62916 69604 76316
82606 14769 76316
76316 16445 76316
51120 96109 76316
24909 42106 76316
79496 52905 76316
42000 24638 76316
59258 17488 95370
81075 85797 76316
8975 57221 76316
99 5981 95370
11978 15414 76316
32861 95979 95370
18363 56192 18955
22420 80662 90087
32861 76698 84526
92843 94504 95370
85485 1229 76316
64548 5981 95370
52356 12411 99541
39557 22336 76316
68537 40029 76316
86473 74332 76316
31312 8890 76316
81883 98750 90087
26188 33080 90087
67576 87136 76316
64583 39684 95370
26020 22794 76316
18363 97213 76316
50967 67980 76316
28421 94122 90087
76698 88472 76316
3854 80291 76316
23442 46762 90087
1739 51664 76316
58739 90621 76316
94605 97690 24125
39480 37807 90087
94504 91597 76316
55796 23184 76316
93032 64689 76316
41979 28362 76316
82349 42094 90087
43152 99120 76316
58270 1959 76316
5549 73879 76316
31507 30799 76316
60787 64807 76316
17749 53104 76316
17537 81299 76316
91597 32445 76316
20940 4996 83474
68664 41979 90087
71758 66965 83474
24125 30720 76316
53572 59122 95370
82656 74000 76316
33089 32840 76316
55072 67680 90087
72466 68537 76316
70966 24909 76316
80122 9535 76316
35564 83633 76316
20541 31507 95370
3752 97824 76316
31695 44431 76316
32123 27093 76316
92820 9535 76316
77165 11355 95370
69560 52100 76316
55072 95043 76316
56821 77463 90087
7946 64583 76316
5401 60744 95370
27810 58486 95370
58681 75526 95370
1899 83976 99541
51120 18353 76316
59498 86477 95370
47910 71021 76316
79235 12429 76316
71758 12411 76316
50263 21821 76316
22336 94709 76316
77768 34648 76316
80431 78274 76316
40426 52010 95370
14965 50928 76316
30720 41979 76316
395 16445 76316
78789 11819 95370
91867 44729 95370
71298 31312 76316
95955 58368 95370
817 3854 76316
13157 28376 44729
56192 93534 76316
75526 9669 95370
90763 46341 76316
59498 644 76316
14965 28601 76316
81462 62916 95370
22420 8625 90087
63728 94956 90087
81452 95163 76316
41979 13006 76316
5513 21461 90087
94318 49588 76316
26189 95584 76316
9268 74201 76316
80348 76229 76316
49440 87507 76316
99983 73515 76316
90321 40294 76316
84109 10173 76316
88702 32665 76316
43398 56861 76316
20940 21961 95370
30729 16464 76316
20825 70663 95370
923 14254 11819
55043 8162 41270
53572 12277 95370
94025 26188 90087
79235 59066 90087
829 27176 84526
90134 29337 95370
60744 22336 76316
96857 77549 95370
20940 11435 76316
24130 4853 76316
20422 74332 95370
26189 13613 95370
31291 23184 95370
98533 76229 76316
22722 75341 76316
74138 36349 95370
11272 92880 76316
99541 40506 90087
12375 9535 76316
12285 12277 76316
84576 19884 76316
51112 56749 95370
56183 77463 76316
54499 52729 76316
27190 6820 95370
57994 75167 76316
95733 10960 76316
82656 55072 90087
32840 55717 95370
77190 84570 95370
53733 75111 76316
73515 53547 76316
35700 89638 95370
5504 52356 90087
18912 39480 76316
48472 6986 76316
95855 5637 76316
83474 91667 76316
90239 73974 76316
11229 98533 90087
11527 76761 83474
66136 71298 95370
48541 12384 76316
79221 4196 76316
8602 47915 76316
45957 8602 76316
12432 95370 95370
86852 91606 76316
88472 57694 76316
53547 16445 76316
52016 70199 76316
78274 30251 76316
46254 90932 76316
57357 6986 76316
26188 88472 76316
54158 95163 76316
58189 35515 95370
77860 47717 76316
39812 50967 76316
53572 31507 95370
99983 54894 57454
395 52547 52905
57681 74942 76316
22953 26264 95370
39557 644 90087
39812 35515 95370
12432 33936 76316
11460 56821 95370
34131 923 95370
2497 12411 99541
20422 22044 95370
48541 35298 76316
63728 46764 76316
67576 24979 90087
83704 70889 99541
85485 40784 84526
70483 70663 90087
33170 56648 95370
52807 39812 76316
73192 16472 6986
10665 90321 6986
4853 64807 62116
52905 66056 76316
96557 71987 99541
58189 54173 76316
97033 54645 90087
70483 65391 76316
86631 47561 76316
32197 5504 95370
46069 96466 95370
65286 47961 90087
39480 9124 90087
66817 7627 76316
91906 32216 76316
99929 52840 76316
93032 15367 76316
77144 39714 76316
80137 9124 90087
10316 31312 95370
21266 67174 76316
59066 49798 76316
84898 47823 76316
18400 38798 84526
49798 84772 76316
78975 28376 95370
20436 57587 76316
46762 48943 76316
71974 36806 76316
96466 58168 95370
42678 44015 95370
7124 71799 76316
79496 53199 76316
51872 57794 76316
38597 57745 44729
25303 40426 95370
16059 73879 63093
85252 94318 76316
47961 28174 76316
85857 55961 76316
44463 85797 76316
35700 4996 95370
87479 20371 76316
8090 92310 76316
55816 47316 95370
91906 22794 76316
89638 84898 76316
94605 48513 76316
43600 24269 63093
44061 2978 83474
4770 69837 76316
98647 1874 76316
75171 73800 76316
55833 9124 76316
43514 75187 76316
59990 80431 25711
82606 63799 95370
37787 57794 76316
23184 25393 95370
18363 26188 76316
23196 17488 95370
88490 57681 76316
40175 99541 90087
5981 45205 95370
68267 38798 95370
35298 1132 76316
84772 52738 90087
87136 68638 76316
41072 48513 76316
20940 71758 83474
68821 87767 95370
41234 66380 76316
51821 5513 12285
55796 57711 97690
1874 15646 95370
94122 43152 9124
21282 36050 95370
11435 99420 76316
69298 21821 76316
55900 25895 76316
82070 42678 76316
35564 21821 76316
54436 20727 76316
66417 84024 95370
32150 24909 95370
1900 1609 95370
81274 32308 95370
80716 59340 76316
69840 89465 76316
32197 41270 95370
68400 24638 76316
57712 85541 76316
96065 32185 95370
30023 324 76316
93032 62388 99541
94418 61840 76316
22794 25711 62116
72466 87045 95370
11272 82606 76316
32861 14254 95370
36806 67482 76316
14085 29939 76316
86667 24269 95370
73800 15723 95370
54855 56749 76316
56520 26020 76316
97896 54173 76316
5003 94605 76316
33089 4797 76316
78892 88490 95370
24638 25770 95370
48395 18406 76316
97033 39615 99541
57793 75111 76316
44015 11435 95370
35252 74959 76316
58739 20644 76316
66380 65667 95370
44954 73049 95370
38215 21266 95370
28917 73605 90087
35100 18946 76316
79235 28421 12285
56749 68445 76316
50967 16059 76316
94122 79922 95370
4060 82279 76316
75920 13897 95370
49403 80759 95370
54196 66121 76316
59614 42991 90087
4770 68823 76316
4996 26417 76316
70889 73515 76316
11272 94418 90087
