63111 588 51446
35673 77053 33733
83928 38296 85006
50559 67258 33733
47953 97804 33733
15253 96391 51446
13013 59040 27145
31509 98799 33733
15253 98628 33733
81543 5528 85006
4939 27487 51446
96458 5760 51446
34325 47287 33733
44601 12421 27145
95293 34818 33733
70855 47236 33733
67522 99321 33733
28496 47540 33733
42465 80812 87010
98238 12042 87010
58557 91790 51446
73900 66223 33733
57919 10596 51446
79730 35429 8818
17666 39205 68435
42642 66747 33733
3014 80705 87010
91415 56717 51446
78130 92737 8818
50803 91415 33733
97333 39503 33733
30760 34900 33733
17028 32959 33733
73724 42271 33733
72134 3014 87010
13874 55203 51446
2561 46223 27145
12949 88905 87010
10976 63239 33069
19018 58508 33733
67854 78324 51446
54769 27204 27145
55697 89296 33733
30885 9225 51446
67258 92080 27145
65220 25385 51446
52331 92711 33733
62948 71820 87010
6982 49679 85006
29904 44601 85006
8202 57263 50878
15251 74342 33733
87619 37103 51446
10513 2676 33733
32456 77053 33733
56263 27204 51446
98142 63911 85006
57578 92707 33733
73336 6715 27145
63197 39597 8818
9965 57305 67258
47576 91543 85006
66184 11539 71202
4939 49152 8818
33069 1850 33733
9965 18642 27145
60546 43281 87010
9213 10481 33733
49218 2086 51446
98769 53701 51446
74901 57919 51446
48090 49726 43478
22274 94745 33733
74342 66338 33733
39597 33009 8818
39660 25024 33733
32037 67258 27145
6715 20110 87010
57956 45026 51446
99434 37821 51446
63340 19528 85006
33516 33783 33733
42243 70062 87010
60294 99565 51446
79040 11748 73176
39660 12501 51446
62497 98718 51446
12825 63276 33733
93147 8876 51446
87790 59159 71202
78779 86290 85006
25 55454 85006
21736 26215 51446
69314 25552 27145
50770 75892 27145
34663 46293 51446
13422 66798 27145
67920 54429 8818
43070 20772 8818
75218 36123 33733
42642 98081 33733
92139 19289 33733
36415 31565 85006
54769 73133 27145
41630 66282 33733
42904 87986 51446
98001 91150 51446
76815 51051 33733
85858 92711 33733
86464 4091 33733
12128 39419 51446
69037 64150 33733
47287 30760 85006
13084 34444 33733
3235 19018 85006
27487 98142 85006
64281 10324 33733
99434 49563 51446
69799 41368 85006
2874 80875 33733
19528 94406 85006
35993 90570 78993
5030 47540 33733
1969 52956 33733
79024 1048 27145
22740 15481 33733
75515 92469 33733
79934 49572 85006
1969 75684 33733
89222 54429 26215
89224 73367 85006
21969 25024 33733
89014 75515 33733
94699 73176 33733
25 50234 33733
83185 80841 40394
83202 46507 33733
30760 49088 51446
78779 63340 51446
83560 51419 33733
85663 89316 33733
47576 25024 33733
37239 29424 33733
80137 47064 85006
37287 6715 87010
82029 41368 85006
26524 5099 33733
52139 47540 33733
89757 63134 33733
51255 42642 33733
81543 36737 85006
49679 48356 8818
50880 3014 87010
32959 30509 33733
17993 32037 87010
48150 6982 85006
50878 30885 51446
71820 56548 51446
92139 70803 33733
90777 95237 51446
55598 71196 33733
89224 37960 85006
18823 54845 33733
5825 27487 27145
50246 19222 33733
65180 62948 51446
89222 4091 33733
17666 86176 33733
6259 73467 87010
90161 13076 51446
62542 78312 33733
69194 22758 87010
66308 57263 87010
70057 85981 51446
27988 82816 8818
17891 90818 51446
62497 12697 33733
17061 17796 51446
32959 34883 33733
60148 73367 87010
36357 69771 33733
67319 39132 5099
87133 65126 27145
20912 92469 85006
81304 92707 51446
73694 17852 33733
42904 64973 33733
74342 52231 33733
776 66338 33733
92469 30760 85006
52830 18153 85006
97804 11689 33733
88905 80812 87010
38244 81405 51446
55363 36123 33733
24616 72134 85006
24996 47958 33733
19447 59175 68435
21736 19500 87010
53970 86176 33733
8960 94357 8818
42480 98446 8818
49030 6081 27145
93399 85054 51446
74853 84017 33733
10633 61707 52139
34818 95237 85006
17891 59002 27145
75081 52011 33733
63134 32825 51446
2714 85651 51446
62735 15612 27145
53873 12290 33733
61534 57919 85006
30509 4928 33733
86464 6370 85006
88919 8876 27145
66798 71202 33733
20252 20286 85006
12697 82409 33733
20637 57246 87010
69896 48749 85006
56291 11747 33733
54136 39132 33733
51753 21958 95744
74853 63911 33733
83652 99474 33733
394 11748 5099
46694 75166 33733
56599 1901 87010
66747 45142 85006
56599 45352 33733
18790 71196 33733
78717 17957 51446
56717 46694 8818
55153 70685 33733
73469 26126 27145
50559 72811 33733
19021 68559 87010
99565 46121 27145
81464 29778 68435
39660 31565 85006
4091 73476 33733
34714 94113 33733
73389 82610 51446
44445 14746 33733
41832 68559 51446
94745 53873 33733
88919 27437 51446
50895 64973 33733
1623 30566 33733
12421 62758 27145
70057 41594 39366
44601 75890 85006
74853 62758 33733
32621 84017 33733
81413 17666 27145
37287 37188 51446
24974 25024 33733
99588 34818 85006
33725 9262 51446
87768 8818 51446
29423 58557 8818
24419 84213 33733
89324 78993 27145
51425 39597 8818
66338 33009 8818
38878 71827 33733
17659 40318 33733
50803 95293 95293
22350 34930 51446
50559 66171 33733
87768 87198 51446
27547 90326 33733
78336 21156 8818
75572 79602 51446
66747 88414 33733
41530 20252 33733
70800 39567 51446
91130 19037 51446
71196 24121 33733
95790 98446 51446
18427 55363 33733
37103 82563 51446
51753 49726 85006
24616 49030 85006
11539 75572 33733
75572 91906 51446
80071 20286 85006
48917 59159 33733
30885 34900 33733
31138 50234 71202
13600 65220 51446
78324 41199 51446
78324 3431 51446
11369 51387 33733
15833 1525 33733
47733 24974 33733
80705 90818 51446
40685 42370 51446
40394 57263 87010
94225 8545 68435
95191 96391 33733
70206 35993 87010
34325 83158 71202
68435 91360 51446
34160 57275 85006
76722 10481 87010
60183 43907 87010
29423 36357 33733
93775 61454 33733
38931 47025 85006
98238 47064 87010
85596 18153 33733
75218 75239 33733
80841 69251 27145
69582 62542 33733
43907 5528 51446
91790 56263 51446
86464 67319 33733
61408 71195 33733
99588 3235 85006
81722 40685 27145
61454 87978 51446
80900 38598 33733
82816 80773 8818
71820 35178 33733
83968 94621 33733
36737 68435 68435
12501 59864 26524
13084 97559 51446
96472 78410 33733
27931 21079 68435
39366 16397 51446
38598 47236 33733
39398 19487 85006
57621 6084 51446
94518 4091 5099
81304 48090 85006
63134 11539 33733
71463 58372 33733
10639 60183 87010
15006 8197 87010
58168 34982 87010
39132 9965 33733
25024 32959 33733
30994 83185 27145
48917 37103 51446
43907 5760 27145
21031 89757 5099
73900 51815 33733
81304 57621 27145
74853 37103 33733
81405 38598 33733
22740 92139 33733
22274 54645 33733
73389 52011 87010
43249 47151 33733
78717 49812 51446
78130 55203 51446
89316 39535 33733
35673 48614 33733
66838 19500 85006
6124 94842 33733
56717 33009 8818
29653 75348 94782
48558 88905 68435
20637 10839 50138
81221 85054 51446
10596 79024 51446
96158 18642 33733
39999 804 87010
17852 14746 51446
78410 73900 33733
6177 52011 33733
21958 67562 87010
53271 54845 51446
71827 71887 85006
30885 84969 8818
41832 69388 51446
34444 81264 5099
22682 57263 33733
5003 30994 68435
79040 27437 33733
17468 24321 33733
66171 80900 33733
49812 89222 51446
33733 50878 33733
56291 47994 33733
13411 83188 5099
44445 73862 33733
42480 62542 33733
90828 67854 87010
80900 56194 33733
34287 39999 87010
6982 94782 85006
22016 44707 27145
39635 776 33733
5807 16740 33733
12290 20772 33733
51446 28388 33733
89757 25472 33733
84969 51257 8818
80137 17852 85006
96391 53127 33733
60183 52011 87010
95744 24419 51446
78692 62948 69896
8929 87790 33733
2757 44707 27145
4939 57263 51446
93435 32037 27145
32541 74901 33733
80071 90777 8818
63911 41178 27145
25175 45026 33733
16397 80228 51446
98001 1048 51446
19021 32037 87010
48558 94699 51446
94518 58373 33733
588 29309 27145
36032 34818 85006
62353 74780 33733
66838 47953 85006
30028 15612 33733
36098 39421 95293
51387 16233 39503
44301 66308 87010
3014 87198 51446
88659 70800 33733
58091 68908 85006
8818 46478 51446
70803 53127 33733
18757 71723 85006
17028 59864 33733
62892 48395 51446
72811 56127 8818
21747 49218 27145
39280 51423 85006
22350 90765 33733
21958 8197 87010
71202 8545 33733
51423 69037 33733
5760 92621 33733
92737 93399 8818
22682 56717 33733
47994 53357 85006
82749 10633 87010
51332 75239 33733
49812 5807 33733
21958 21392 87010
9135 57578 33733
3943 49028 87010
11369 66171 85006
47576 67258 51446
24121 82409 33733
24996 33538 33733
3522 98342 85006
18105 30509 33733
47953 16740 33733
3226 64538 33733
26126 78410 32037
48683 64538 5579
19021 94406 87010
11689 6390 33733
52011 32344 33733
22277 81464 51446
23225 50895 51446
6982 8839 85006
78956 18775 51446
6390 72134 87010
47953 2714 8818
60889 43070 33733
4967 8839 33733
2561 79733 85006
10614 86975 51446
3943 13997 87010
78956 59175 27145
71820 30646 27145
37239 66184 71202
6273 61637 33733
49679 27487 51446
33735 28496 33733
480 12128 51446
18642 94621 33733
93057 32621 33733
49563 16631 33733
99474 22274 33733
95237 66171 85006
74471 80900 5099
73467 76722 87010
78692 80228 51446
97866 66171 85006
12697 33725 33733
68435 47733 33733
28299 65126 51446
53127 10288 33733
36032 8035 33733
42243 51103 85006
5760 17852 51446
29042 65822 51446
35429 42576 51446
21958 48558 87010
70830 50895 33733
91181 51051 51446
35412 82409 33733
24321 99321 72112
13013 70712 51446
39205 41555 87010
67319 25024 5099
75890 89014 85006
60183 79733 85006
57578 98081 33733
73562 61534 85006
29423 72995 51446
20735 76392 87010
83560 36032 33733
33735 92627 33733
1227 66171 85006
70834 69582 87010
99486 38675 51446
53701 22016 51446
80599 53873 29778
30760 56717 8818
49563 87790 33733
92469 10989 33733
46763 80028 51446
12262 50878 33733
60294 83188 33733
40846 14746 27145
53873 39241 27145
59040 47529 51446
21544 78427 87010
47151 26281 87010
83928 15910 27145
55844 73389 85006
75218 92621 71202
45358 12501 85006
48558 95293 33733
43281 18823 33733
16692 81221 33733
8951 27931 27145
66184 66534 33733
5090 25552 87010
57246 65624 33733
20286 55598 85006
43478 39366 85006
86251 84216 33733
82213 18382 85006
49812 80071 51446
36357 66798 33733
29042 27437 51446
96391 46223 51446
39567 92139 33733
27006 87010 33733
8545 57275 87010
75572 29042 51446
18757 97559 85006
8545 51051 27145
28299 11038 8818
83652 52161 33733
10324 18790 33733
48150 37336 27145
5030 94406 87010
39366 616 33733
37188 12501 5579
48300 43907 33733
76029 97421 27145
71604 39339 51446
78517 45493 51446
13084 18823 33733
1901 13411 33733
89014 47392 33733
22740 8307 33733
66223 51815 87010
51257 83560 33733
88414 65822 33733
70800 18535 68435
394 12421 33733
44445 27437 33733
47236 24419 33733
21958 17659 33733
25569 16636 33733
55705 48970 51446
30994 84969 51446
79733 82563 85006
86464 86176 33733
19500 41199 27145
61408 58372 27145
62497 58508 33733
48749 90161 85006
29759 88659 33733
29891 45358 85006
18427 91415 33733
62948 18642 87010
65385 94518 95293
27242 21079 33733
12042 50880 27145
25385 56599 27145
63385 768 33733
80071 65624 33733
73713 1850 33733
80773 49028 51446
42271 13013 33733
61454 93399 51446
30492 94357 51446
21747 18307 27145
63197 90326 51446
4967 48356 33733
52830 62892 51446
17796 15136 27145
83968 61804 33733
74428 5299 33733
68559 327 68435
9213 327 33733
94225 85054 68435
34883 55415 33733
58168 36098 33733
37667 10288 27145
38296 73694 33733
86464 13422 27145
8839 88414 33733
93057 73862 27145
42642 94782 33733
35414 44601 33733
83504 57255 42649
78956 21876 33733
62680 8960 8818
70588 96203 87010
42465 18107 85006
27204 85896 87010
43907 394 33733
48970 51753 51446
82749 15251 51446
32456 68011 33733
67341 90570 27145
69194 86251 27145
36737 5760 27145
7485 70712 51446
10976 49563 33733
69251 39503 33733
19018 85596 33733
7112 19037 89296
53521 48964 33733
1839 92834 51446
65180 82563 51446
95505 70830 33733
37960 20286 85006
22797 47529 33733
41538 46735 33733
66747 37239 33733
50650 24672 33733
98446 41199 51446
51419 21958 87010
65220 65798 51446
27775 52161 33733
804 73480 27145
21079 12290 33733
9965 98342 85006
80812 80137 85006
50234 94276 33733
4728 67562 87010
25455 8050 87010
26215 33156 8818
57275 94745 33733
29755 8307 33733
89404 43249 33733
27967 27145 27145
83170 80028 85006
74428 18483 33733
6081 92621 33733
37188 29423 5579
36453 26524 85006
19018 61804 33733
40394 25385 27145
51815 69314 87010
67854 80773 51446
8818 86290 85006
98799 21958 51446
57956 95191 33733
9965 5003 27145
98001 48356 8818
12128 21969 8818
97421 63197 51446
98788 55679 51446
29309 92834 51446
33735 71195 33733
16764 18642 51446
21156 86298 33733
16985 17796 33733
88115 6124 33733
57275 95790 87010
48600 41029 8818
8197 11369 51446
49812 71196 33733
66223 86729 33733
66838 98769 85006
2941 40394 33733
58373 40394 51446
39421 34308 33733
54845 73467 51446
48749 70803 85006
26281 7485 87010
60148 53271 87010
7139 39241 33733
73367 89445 87010
94621 93190 33733
16233 56548 33733
27204 21031 33733
588 33538 33733
394 62892 33733
27967 53749 51446
89324 66838 85006
47576 74780 33733
61385 61804 33733
9969 63340 8818
49088 82563 87010
78336 36453 85006
10481 49030 87010
81464 40846 27145
83652 47989 33733
65126 41178 27145
62071 74780 33733
8202 58014 95744
89222 29904 85006
82885 20003 33733
95790 85054 68435
27145 31708 27145
39366 82816 39366
16008 63197 51446
22797 9262 33733
93179 51387 33733
37227 75388 33733
64889 89222 51446
9213 39567 33733
42904 80782 51446
51240 27204 27145
92080 40685 27145
5003 56599 68435
91512 25552 33733
51051 30566 33733
1839 78295 33733
62071 70447 85006
49679 47576 26215
5714 18105 87010
10931 62735 85006
69251 34444 33733
57263 70057 51446
54382 47733 33733
43281 42271 33733
57255 30994 51446
81221 74428 33733
11747 15253 85006
72551 37188 51446
85651 71820 27145
38305 25024 95293
52231 39419 87010
2757 12198 33733
99948 22350 33733
12421 84969 51446
13013 42243 87010
25569 48558 33733
99588 26819 87010
79934 63385 33733
58508 95023 33733
89296 35412 85006
60294 14108 33733
48356 35414 33733
42576 36357 33733
6835 78336 33733
83129 71820 87010
6177 27967 33733
65220 88919 51446
20772 43363 8818
5825 10614 27145
69361 327 27145
10262 48099 27145
95237 98774 27145
81139 46808 51446
49679 64273 51446
23548 41530 33733
83185 804 40394
80599 64973 33733
49217 37239 33733
27547 6715 33733
73713 90765 33733
40318 42576 33733
30509 50559 5099
76858 6919 33733
12825 51332 33733
66838 54769 85006
75515 82232 33733
17795 28496 85006
4509 54286 85006
21392 82196 51446
63197 71195 33733
7485 73367 87010
18823 35429 33733
25175 46223 33733
25472 14346 85006
37227 6273 33733
89222 9213 33733
37188 5528 5579
87768 80782 87010
68324 92314 87010
46808 34663 51446
51419 89236 51446
70685 10989 33733
47399 57621 85006
71820 99434 51446
76815 13954 33733
43907 23356 27145
60148 47989 87010
9225 34883 33733
80071 16740 33733
51632 61707 51446
6273 84969 33733
75572 25472 85006
4967 98799 33733
7112 31708 27145
69191 56127 51446
79934 39398 85006
21876 14439 5099
17492 10481 33733
39635 6982 85006
2941 65126 33733
22277 38296 85006
21736 63718 33733
31708 3014 87010
3522 95790 27145
37336 5099 33733
29090 90326 68435
25385 1901 87010
20735 51332 85006
73694 75239 73694
59002 50236 33733
12128 71820 51446
4134 44182 33733
68908 13954 33733
74342 80599 33733
19500 13600 27145
24616 29759 85006
29904 80812 85006
94276 53786 33733
57578 50668 33733
36357 85981 33733
19037 21031 33733
27931 2714 51446
39339 95184 33733
94771 48683 33733
6835 42480 33733
57956 70834 51446
79730 99434 8818
30028 18790 73176
42510 68011 51446
6081 44182 33733
20795 49152 51446
63276 9225 27145
98718 27967 51446
23356 50770 27145
7485 23424 51446
94225 96681 27145
78427 18107 85006
49679 36032 51446
21688 93435 33733
14746 7139 33733
74471 76392 33733
5090 16008 87010
62892 88075 8818
80875 9213 33733
48558 15481 33733
49812 52161 33733
61408 97333 51446
66171 58014 85006
94771 92139 33733
79545 78427 51446
17891 65822 51446
20252 92080 51446
59175 18775 51446
6835 69388 33733
75218 24996 71202
34786 61519 33733
6370 12042 85006
19259 22350 87010
90818 20110 51446
73133 53127 33733
93991 50803 33733
94621 12128 33733
20611 79934 33733
54845 13874 8818
41630 69771 51446
96681 78427 87010
37239 70685 33733
84017 79545 51446
21688 78692 33733
19289 72811 51446
1623 13987 51446
16740 17492 33733
91513 39503 33733
83185 52969 40394
4982 1048 50138
39419 26215 51446
57263 86464 87010
25385 69037 33733
39597 32037 51446
72551 91790 27145
48964 56291 5099
70830 20772 33733
22682 55598 33733
68908 86251 85006
1415 480 68435
8202 47287 85006
75684 27006 33733
91314 3226 33733
87619 47576 51446
39999 97866 51446
16233 34663 33733
38244 61829 51446
40394 73469 40394
46694 39132 33733
27145 51632 51446
11689 80900 33733
31509 75692 71202
69251 39205 68435
54429 8956 8818
21156 30994 51446
5528 54645 33733
42480 53873 51446
56548 60468 33733
36453 64973 33733
72112 19037 33733
33735 71202 33733
89014 14108 33733
91157 15136 27145
57956 62353 33733
25093 17028 71202
82749 14439 33733
41530 95744 33733
19289 19021 87010
30646 61829 51446
41199 66838 85006
91516 35673 33733
36357 10639 33733
51332 53521 85006
38675 18594 33733
50650 75892 85006
36123 8951 85006
11155 17957 51446
34714 17028 71202
5099 60183 33733
38878 24753 33733
62680 92621 33733
85858 82409 33733
18757 97421 85006
27487 95023 27145
71282 79024 27145
49353 6081 33733
73176 49726 33733
8202 37147 33733
44182 47540 33733
18775 81246 18775
9009 38931 33733
62758 68435 27145
8951 20795 87010
42775 4509 51446
1850 12262 33733
92203 21156 33733
18775 30566 33733
88919 37103 51446
4509 54963 27145
9225 27006 33733
45142 49563 27145
77620 63134 33733
89445 87198 51446
15833 22274 27145
31509 394 71202
65385 38878 94771
19021 33783 85006
86588 87978 51446
48558 91181 51446
45352 69896 33733
19259 6081 87010
29309 31708 68435
39089 75081 33733
15251 14746 51446
18823 26281 33733
70830 37287 33733
80599 21688 33733
20772 55363 33733
28299 71195 33733
55844 16631 33733
82749 63638 87010
38244 63134 51446
12501 2844 51446
53357 12128 85006
89224 90326 85006
21392 78517 51446
17666 39241 27145
87905 12524 51446
89224 18105 85006
48964 76858 33733
25552 81413 27145
7112 1969 33733
80599 48614 51446
12421 87882 27145
80028 76029 27145
804 33783 85006
55705 39999 87010
86975 56548 8818
96800 62735 51446
39339 75515 33733
88919 52161 33733
95259 36919 26215
63276 96391 51446
91314 53786 33733
62353 48749 33733
8951 93057 50138
47236 86588 33733
22738 10976 33733
69194 73480 27145
70800 17957 68435
2714 80296 33733
90689 56548 8818
66747 73336 85006
91360 49812 51446
50236 19037 33733
22740 24996 33733
11155 91512 33733
59159 52830 33733
2874 81464 33733
8308 39940 33733
6259 8050 52331
53786 92737 33733
30566 26126 33733
51815 34663 51446
89014 39132 33733
83185 70855 51446
45142 90828 27145
16233 60107 33733
62735 7485 27145
39467 79024 33733
6259 80875 87010
32456 18642 33733
87978 7494 51446
66282 18642 33733
99434 82029 51446
31956 51051 51446
37147 87905 33733
804 19528 85006
92834 10513 33733
46121 99565 27145
45026 32344 33733
82836 2757 51446
56291 81543 33733
51255 24419 51446
3297 15251 33733
67562 62735 87010
67854 86975 51446
46293 39635 51446
13874 23356 51446
48970 49088 51446
88905 73696 68435
66184 94621 64973
73724 9969 51446
66747 18757 85006
98446 98769 51446
47994 6259 87010
62071 73696 85006
10596 35412 85006
3235 94113 33733
75890 36032 85006
75348 5003 27145
18427 55598 33733
8545 77620 33733
10989 68804 39503
8960 8527 51446
33733 87736 33733
13422 84017 68435
78427 64097 51446
8050 16740 33733
81304 96458 51446
90689 15136 51446
13954 21688 39503
68324 3780 26819
17852 11539 33733
66838 54159 33733
41783 90570 33733
69771 52830 87010
61666 92139 33733
18307 70712 51446
49353 32621 33733
35993 54429 51446
73713 69799 33733
20842 98718 51446
14746 61637 33733
6278 98774 27145
50895 91314 27145
87133 57956 51446
52956 51257 8818
60468 13997 33733
38296 26524 85006
44445 91360 33733
9969 35377 5528
81413 92737 51446
36415 10839 51446
19018 81413 27145
30885 22758 51446
36357 46808 33733
92058 24992 33733
5003 588 27145
63718 31110 33733
49030 96800 51446
61637 41368 33733
39280 61666 85006
90765 52969 33733
8035 54917 33733
73713 32959 33733
35612 70685 33733
89296 62071 85006
92139 50236 39503
36919 43363 8818
80900 79545 33733
75890 36123 85006
86729 66838 33733
50878 88948 33733
30531 9965 33733
85054 2844 68435
91790 99474 33733
50541 39421 95293
42904 82029 51446
71282 62353 33733
97060 25472 85006
33156 39597 8818
31110 52331 51446
6081 616 33733
8951 18153 85006
90765 12262 33733
97421 66798 27145
50541 78336 33733
32037 35414 33733
6177 49812 33733
88115 47994 33733
11369 82885 33733
65822 41630 8818
17061 92707 5579
54429 5825 51446
39398 50878 85006
39503 62680 33733
26281 81304 87010
12524 88075 8818
90524 31956 85006
6982 95883 33733
18594 776 5099
70712 55844 85006
16840 85651 68435
32037 5299 27145
97866 14602 51446
21031 37103 33733
79545 30531 33733
69582 97333 51446
98081 57621 33733
6370 78410 85006
15612 61408 27145
17957 86298 33733
394 21392 33733
5714 82836 51446
65504 54429 51446
21392 22758 87010
3943 52139 27145
72112 69582 33733
79040 92469 33733
90191 34663 51446
32037 66798 27145
92834 19222 51446
10262 8951 50138
95191 97421 33733
54845 87736 51446
95883 63276 33733
22350 50234 33733
9965 34818 85006
86729 5807 5099
18107 53127 33733
59175 78993 27145
19018 57305 27145
85896 83504 51446
33272 18775 33733
23225 41594 39366
50236 53271 33733
52547 97559 33733
50138 66171 85006
57263 30492 87010
53127 12051 33733
77510 6273 5099
14439 23225 33733
84017 12524 51446
5099 64150 5099
67562 42510 87010
58168 30715 33733
48964 16764 33733
8929 92058 8818
20842 43281 27145
24992 51387 33733
78355 48683 33733
19487 73862 73862
55454 97333 8818
51240 23548 27145
25472 70834 85006
45352 34714 33733
3431 10262 50138
56717 8308 33733
13411 16636 33733
71282 89324 27145
16985 8035 33733
71604 42271 33733
27775 24419 96391
39339 76815 33733
13874 8876 51446
37227 68324 33733
1969 78295 5099
91512 75239 16692
66184 10614 33733
11689 30566 39503
47529 33516 33733
60889 91512 33733
14108 4728 33733
327 50803 33733
39398 90818 85006
85596 2676 33733
85981 74587 51446
56127 94621 33733
13954 13987 33733
27547 43363 33733
25175 87790 33733
59002 35612 33733
11539 65822 33733
91415 17666 87010
5090 25569 33733
28496 19021 87010
92139 98142 33733
8308 40318 33733
90689 63638 51446
69896 78130 51446
43907 90524 85006
39999 64889 87010
73476 97866 51446
84216 71463 33733
49563 11539 33733
75572 13874 8818
38931 10324 85006
17659 23225 33733
78692 91906 87010
13954 75218 33733
73713 23424 33733
65798 41832 51446
20003 53357 85006
81413 75081 33733
43579 99948 33733
47064 34982 87010
69582 64538 51446
616 47540 33733
26126 35714 33733
8308 11155 33733
56263 78130 8818
47287 70803 85006
72551 6081 27145
92627 31565 85006
4947 29309 68435
7494 48558 87010
13076 64449 85006
53127 87986 33733
52139 86729 33733
96472 8035 33733
16631 18823 33733
27145 73389 27145
51332 33783 85006
12128 4967 33733
82563 89151 85006
61707 50770 27145
96158 36123 33733
49353 16740 39503
61707 32628 68435
12825 77689 33733
66534 10839 94782
82836 54136 51446
87790 26819 33733
36453 23424 85006
16397 11369 51446
27988 89757 33733
8307 58508 39503
80705 16985 33733
21747 3014 87010
82196 89316 33733
49480 81722 27145
86298 35673 33733
70057 39280 85006
70803 13013 85006
92707 34308 51446
28229 30566 33733
51446 69771 51446
36737 21544 68435
95505 39940 87010
25385 4982 67258
87882 24121 87010
54917 36098 33733
37566 39635 50138
68164 41199 33733
62071 59864 85006
64847 25552 51446
24672 45026 33733
16740 47540 6177
2488 24672 33733
37667 49030 27145
37227 71604 33733
24121 17028 33733
73176 80773 33733
65504 60889 33733
7112 6706 85006
16233 50236 39503
70685 34982 87010
48300 3235 33733
13013 85596 33733
47025 52830 27145
32541 62071 33733
49679 15497 26215
67341 25569 33733
39205 17666 68435
90326 99474 33733
9697 91543 85006
86290 34287 85006
79602 18757 85006
77689 71827 85006
50138 39467 33733
45358 64097 85006
80782 20003 51446
42649 39467 33733
41555 56127 51446
66282 10262 33733
10931 6273 33733
59864 50246 33733
39503 73480 33733
73862 13084 51446
75572 12128 9969
91461 39089 85006
93057 15481 33733
78312 91150 91150
71202 16631 33733
78312 1969 33733
46293 39660 51446
90777 76392 51446
94093 12825 33733
28496 91513 87010
39280 90818 85006
50890 19289 47025
12262 29891 33733
54136 87882 27145
42480 34287 51446
78779 61519 33733
97559 21969 51446
27429 67854 87010
18483 47953 85006
20735 26681 87010
616 43907 33733
36032 45142 87010
60183 19487 87010
43478 3780 85006
86251 49353 33733
63111 33272 33733
4134 70712 8818
5003 8951 27145
51425 50559 33733
8202 75892 87010
33733 27547 33733
3235 38931 85006
3014 21544 87010
78517 39089 85006
24753 22016 87010
18107 23548 85006
85560 10839 33733
72995 90191 27145
15253 60107 27145
65126 58508 33733
83928 46735 33733
98788 46694 8818
88659 94518 5099
51815 12697 33733
2874 10288 33733
31138 38598 33733
79730 18535 51446
14346 21958 51446
31708 70834 27145
94276 22682 33733
57255 60546 51446
41630 67854 51446
28299 47287 85006
30492 30885 51446
69191 34325 33733
91906 14439 33733
52830 66534 27145
98142 81464 85006
39503 79024 33733
24321 76029 33733
6370 35429 85006
74853 9262 33733
85858 12051 85006
29872 22682 33733
13411 17957 33733
15833 99588 27145
63239 32959 33733
30760 33009 5579
41178 89324 27145
88659 81304 33733
98799 92737 8818
69582 83560 33733
39467 93435 33733
85054 19021 87010
94745 3780 33733
92139 75515 33733
13084 24992 33733
51423 55415 8818
50659 92627 85006
44445 49572 33733
85006 47994 85006
72995 39089 85006
13987 36098 33733
54963 70712 51446
61385 68559 85006
43907 63276 27145
33009 15481 33733
33735 79024 33733
17852 8951 51446
51423 27547 33733
2676 47151 85006
87133 73367 87010
25552 42370 51446
75348 5030 87010
28473 52547 33733
86251 25552 27145
91638 51815 33733
24848 47064 51446
56194 24121 51446
85651 99948 33733
22740 8545 51446
81464 93991 27145
73467 95744 87010
43070 4982 51446
39940 86298 33733
6177 49679 33733
68011 32975 39366
88414 54917 33733
95259 13600 51446
47529 24992 33733
52161 77689 33733
18775 10596 8818
12290 51387 33733
804 48683 51446
6982 37103 85006
95293 13997 33733
82749 75081 33733
16692 49679 33733
73724 27006 33733
92314 39999 87010
12825 75572 33733
21958 79733 85006
88659 46478 33733
78427 18520 87010
16397 50895 27145
96681 480 27145
3780 11689 33733
95259 65504 51446
72551 57305 27145
57246 78993 87010
29872 55844 85006
54286 38878 33733
31708 34325 33733
85858 64273 87010
37821 17590 27145
86588 39999 51446
82816 80296 33733
46694 6177 33733
98769 53271 87010
39635 40846 50138
19222 5825 27145
4134 42510 51446
85054 82836 51446
68435 11155 51446
34786 13076 33733
10288 47994 68435
50770 67562 87010
46223 91130 51446
41555 49679 51446
98628 81304 33733
22797 49217 33733
2561 7494 87010
70803 51255 85006
59159 19018 33733
88948 80841 33733
1850 27487 68435
10839 61707 27145
56599 40318 33733
41178 18775 51446
43249 48614 33733
88659 13422 33733
14346 27487 51446
31708 42480 51446
82232 45026 33733
46808 4928 87010
30509 68011 33733
13997 67810 87010
58372 48395 27145
42271 30566 33733
23356 36098 33733
91516 12524 51446
25552 80773 51446
16636 50138 87010
78410 29778 29778
68559 33069 33733
6177 64538 33733
73336 33735 33733
16985 90161 33733
70803 49563 85006
98774 70800 27145
49563 19289 27145
89324 42271 33733
62497 95883 33733
16636 13411 33733
39567 98238 51446
6273 13874 33733
2757 58557 51446
18642 10262 27145
48395 85663 51446
76858 73713 33733
69582 51419 87010
4134 34308 51446
33516 27145 33733
50958 63911 27145
82029 39999 87010
20795 6278 87010
45493 58014 87010
68324 76815 33733
91150 87619 87010
43478 83928 85006
94771 11689 33733
37566 51257 51446
52969 25455 27145
69191 39567 51446
87768 80773 51446
49563 2757 27145
29090 5528 51446
55697 78779 33733
71604 41199 40394
64538 24992 33733
69314 47989 27145
22277 41832 51446
97060 16631 33733
89236 90689 8818
54845 22740 8818
1850 51419 27145
78312 616 33733
48749 89296 85006
52161 4967 33733
12290 54917 33733
40318 33567 33733
93435 50659 85006
62735 62353 33733
5299 99807 33733
40394 25 85006
50234 75890 33733
11155 29424 51446
13987 70062 51446
4928 23548 87010
5003 54917 29778
10633 75890 85006
26126 64889 68435
4939 57246 51446
16631 48395 33733
36737 50236 33733
30760 22277 51446
18520 1850 91150
55844 80599 85006
98238 61878 87010
29653 4967 33733
27988 46808 51446
68164 39205 33733
80875 50246 33733
90191 51051 27145
58009 85560 33733
71604 98238 87010
93147 57578 33733
78130 84017 51446
13874 81264 33733
28388 63340 33733
61878 18153 85006
37287 64847 51446
50236 20286 33733
95184 98446 33733
2676 71820 85006
6259 19487 87010
49563 67332 27145
11038 95293 33733
51332 65385 33733
20286 73696 85006
47236 11038 33733
79733 48558 85006
69388 53521 27145
94357 96681 51446
82885 25175 39503
88948 94745 33733
51753 43907 87010
3431 16008 27145
28496 60690 87010
96472 42612 33733
37239 19018 33733
70206 33272 33733
5003 50246 33733
53357 82816 85006
30885 39660 51446
37188 39940 51446
53271 97060 85006
11038 50559 33733
65798 61519 33733
12051 9213 33733
53521 61408 50138
47576 49030 51446
75692 72995 33733
19289 71196 33733
29423 70834 51446
99486 21736 51446
29653 34663 51446
69361 27437 51446
22758 19500 87010
95883 21031 5099
24992 57246 33733
49726 44445 33733
99434 25 85006
10513 78295 5099
78779 49812 89296
37821 17468 33733
21958 30509 33733
30760 39280 85006
20772 53970 51446
38305 44445 5099
20637 70855 51446
394 13411 5099
83188 18105 33733
83129 68435 87010
21156 92203 33733
74059 62892 96391
27976 12524 8818
61519 76815 5099
51419 43579 27145
78336 42510 51446
4982 27242 33733
4928 50958 87010
61878 64273 87010
98788 26215 8818
8035 26215 33733
82816 49152 8818
92627 62892 51446
52331 27965 51446
83968 94842 33733
42649 5299 51446
50234 98769 33733
48917 19487 27145
33069 89014 33733
92080 74471 33733
98238 49563 87010
34308 15910 27145
10989 37147 6177
58168 95883 33733
42576 8951 87010
82232 52830 33733
39132 64150 5099
53521 97559 27145
66798 83188 33733
85596 31138 95293
89236 21042 51446
39597 95191 33733
47540 62680 33733
1850 69361 27145
89445 6370 85006
29778 71887 85006
34325 87978 33733
52011 2757 87010
29653 11155 51446
63239 29872 33733
70685 26819 95505
69388 51332 85006
55153 27965 33733
6278 83158 33733
37287 49563 87010
35429 81304 51446
3014 71967 33733
68908 34663 85006
97804 94745 33733
21079 65180 51446
55454 48964 33733
48964 21958 33733
61519 31509 5099
30760 588 51446
86176 9262 33733
26524 32456 33733
46478 43907 27145
70057 6124 85006
8545 85722 27145
80812 61637 33733
23424 83188 33733
50559 38296 33733
19528 34160 43478
9225 64281 33733
16636 42904 51446
49088 33156 51446
92707 69194 51446
30531 50668 33733
9697 55363 33733
73367 80773 51446
92203 14746 33733
22277 75166 33733
70447 15481 33733
17957 51423 51446
27967 7494 87010
42649 81246 39366
94771 39940 33733
82885 80137 33733
98238 71202 33733
50668 6715 85006
39597 85596 33733
44182 9135 33733
37821 35714 33733
19259 62892 51446
43070 86729 33733
13076 67562 87010
5003 18757 85006
46735 10614 33733
54382 76392 33733
15851 25175 33733
80705 80228 51446
62497 13987 51446
47236 9009 95293
52011 41630 51446
48558 49028 87010
49726 85054 85006
73336 41029 51446
57956 92707 8818
52331 86298 33733
40846 84213 33733
16764 97060 85006
6982 65624 33733
79024 9697 27145
25385 6706 85006
82029 34663 51446
4967 71827 33733
39940 21876 33733
81543 83185 85006
89324 48749 85006
13954 22350 33733
20795 31381 87010
87768 61666 87010
15253 83188 33733
50650 69191 85006
85006 8307 33733
33725 50138 51446
18823 10976 33733
98718 39339 8818
78336 71282 51446
25455 75572 51446
58508 91314 33733
35186 74059 5579
39366 70447 51446
21156 32959 5579
25385 85896 87010
31381 1623 27145
65798 25024 33733
98001 88115 33733
50890 44601 27145
39503 49218 33733
98081 32825 33733
95259 30980 51446
11748 13874 33733
80812 95184 33733
54136 42480 51446
65126 61878 27145
74853 80599 33733
70834 69251 27145
49152 93775 33733
13013 98342 85006
2676 66171 85006
47540 53127 33733
42775 25472 85006
73176 6390 33733
56717 98142 85006
38296 49030 85006
58373 17492 33733
5714 71887 85006
46446 73336 85006
33156 61637 33733
92711 46446 33733
83158 3511 5099
38878 61707 33733
69037 60107 33733
10288 48600 51446
61829 46293 8818
9965 91516 87010
30531 79733 33733
20912 87882 27145
89014 4982 27145
75684 72551 27145
47399 61829 85006
92469 4967 33733
55844 98628 33733
10989 68011 33733
90161 6835 33733
18483 13076 85006
30566 78130 33733
62892 33567 85006
99588 68164 33733
72995 21042 40394
96458 28299 5579
19500 85663 51446
58372 17492 33733
56599 73694 33733
27988 1048 51446
30509 89296 33733
91543 14439 33733
71196 27976 33733
73469 57255 51446
86251 13987 51446
57578 54429 33733
92469 99474 33733
85722 73476 87010
36919 69194 51446
36357 61666 33733
48300 37566 33733
82749 58455 87010
41199 25093 33733
64281 27487 33733
15910 4509 26126
62071 43363 85006
75692 4928 33733
66534 85006 85006
47994 74587 51446
98001 92469 85006
27242 18105 33733
15251 8202 51446
49353 34444 33733
616 71887 33733
24974 70057 33733
80071 4939 8818
45358 17666 85006
60294 4091 33733
98142 27965 85006
5579 82029 51446
8035 59159 33733
9965 80071 51446
39635 30885 51446
11539 73336 33733
22740 78427 51446
1969 80900 5099
32137 47994 33733
24672 74901 33733
17028 35612 5099
10262 17590 27145
27006 70855 33733
16233 38598 39503
98238 81722 87010
94699 15253 51446
41630 86290 85006
37188 13600 51446
55679 12262 33733
16008 30646 91150
94782 75239 33733
67920 98769 51446
29755 17852 51446
31956 98774 51446
73562 44445 33733
13954 8545 33733
19500 98788 51446
83907 44182 33733
21736 48150 87010
39999 39339 51446
91543 91150 85006
35186 18790 33733
70447 36453 85006
24992 38931 33733
54382 33783 33733
65624 46293 33733
49563 50878 87010
94745 89404 33733
52956 29778 51446
32037 78336 51446
91157 18107 85006
70803 34308 85006
80841 83185 40394
6919 79730 51446
64449 81264 33733
51051 4091 33733
31381 97577 27145
80599 18775 51446
18535 18594 33733
52231 11539 33733
42775 18535 51446
50559 98342 33733
11689 18790 33733
68324 97421 87010
33156 37667 51446
50659 94842 33733
7494 47540 33733
54845 37336 51446
60107 13874 51446
72995 50880 40394
5090 98788 51446
87736 4134 51446
60183 91157 87010
89296 31138 33733
21736 88659 33733
35993 23424 51446
30566 14439 33733
22016 40318 33733
82232 51419 33733
78130 87905 51446
62680 49480 51446
9135 13987 51446
34930 85054 51446
91513 51257 51446
89151 90818 85006
45493 73476 87010
86290 21911 33733
33567 37821 85006
92314 21544 27145
92737 40685 51446
86729 55153 33733
85651 46808 87010
39419 30566 33733
90191 64538 51446
1839 616 33733
90191 21042 27145
35612 33783 33733
17852 63111 8818
48614 87978 51446
4509 19021 87010
58508 20611 33733
69314 71195 33733
35612 71887 33733
3780 95744 95505
47576 60889 33733
80900 69251 33733
34308 16233 33733
80296 35377 33733
32621 42612 33733
11155 49812 51446
70206 76722 87010
54769 10839 27145
70893 37287 33733
4509 91638 33733
9225 3780 87010
23548 91314 27145
78993 53040 51446
28229 49679 51446
41029 7112 51446
57578 20842 33733
17795 78295 33733
87882 19259 87010
2086 54769 51446
53127 25024 95293
82232 41630 33733
3014 86729 33733
52830 82232 33733
18642 78410 68435
5099 38305 5099
22740 46293 5579
47064 37103 51446
34444 69361 33733
51103 99565 85006
36098 34663 33733
91790 12825 33733
17492 48614 33733
94093 39999 33733
33538 90326 33733
29778 47994 29778
24121 1525 33733
47733 87978 33733
96203 65220 51446
59159 99565 33733
588 13987 51446
1839 21881 33733
9213 23356 33733
82610 47529 51446
48964 588 33733
13076 17796 87010
15006 97333 51446
75348 42243 87010
804 38305 33733
90326 30885 51446
80599 18153 85006
327 42271 33733
776 75348 33733
50668 67920 85006
39419 99948 33733
65822 57956 8818
1850 16397 27145
80812 33735 33733
93399 32628 51446
9135 32137 33733
78324 39132 33733
94225 10614 55705
75692 25175 33733
43579 71195 33733
77093 93190 33733
12949 39241 87010
61666 65180 51446
44182 80705 33733
21544 37336 68435
61519 4982 33733
79024 33516 33733
30646 44445 33733
8197 73389 27145
33733 38878 33733
87768 58372 87010
61637 1048 33733
49812 75239 33733
60690 91461 87010
98799 94406 51446
92737 2844 51446
74471 71723 33733
26126 95237 27145
31138 81722 33733
91513 81464 87010
52547 58373 33733
8956 54136 51446
15381 15497 51446
61408 38675 27145
87619 87133 87010
67562 33272 33733
20110 37239 33733
20772 15833 51446
10931 90689 85006
98342 53873 85006
1415 5807 33733
52011 51255 87010
15481 20110 33733
25175 66534 33733
88659 48150 33733
95259 66282 33733
17795 70834 85006
96681 84017 27145
69314 10262 50138
64150 6081 33733
48395 4982 4982
54769 64973 33733
91790 93399 51446
44182 50659 33733
60468 42243 33733
95293 16636 33733
90570 45352 33733
89151 67810 85006
588 75890 85006
29653 65126 27145
34287 6278 27145
52139 29424 87010
89404 3297 71202
47994 35414 33733
70062 80841 27145
30760 32541 33733
58014 47576 51446
30646 95237 27145
65798 21958 87010
94782 27429 94782
52284 73053 85006
86588 99321 33733
22016 94276 87010
74342 39205 33733
22738 35377 51446
20772 86298 33733
57255 86290 85006
47236 96472 95293
89222 73336 51446
35612 27547 5099
31565 12825 33733
22797 28473 33733
97333 85560 33733
87986 64538 51446
95790 37336 68435
51240 58009 27145
66171 12128 85006
30028 53357 33733
35673 78324 33733
34714 78312 33733
6278 17957 68435
1415 61804 33733
56194 6273 33733
97804 12949 33733
14602 47236 33733
77620 47540 33733
16740 39660 33733
5714 58168 87010
42271 10513 5099
73336 50234 33733
37188 70447 51446
70588 36415 51446
20842 49030 27145
95191 16008 33733
48300 41530 39503
70057 65798 51446
4947 18382 85006
36032 73862 87010
81139 52139 51446
22274 56194 51446
1969 27931 33733
48600 78355 33733
91638 59002 33733
92058 56548 8818
94699 98774 51446
6084 17061 8818
49812 2488 85006
63134 17957 51446
35377 91150 51446
3943 91415 87010
88948 92737 33733
70062 17061 51446
33516 5760 33733
5299 48558 27145
65180 38878 33733
21079 21736 87010
93775 19018 33733
81264 6982 33733
93991 95184 33733
17795 10614 85006
32037 15006 87010
97421 15006 87010
98788 92621 33733
96391 65220 8818
92737 78779 51446
57305 73467 87010
10633 85560 33733
74587 25472 85006
34982 84213 33733
89296 37287 87010
44182 74901 33733
75890 13411 33733
93147 53040 8818
85006 48300 33733
65385 27976 33733
18757 71827 85006
82610 65220 8818
74587 74428 33733
71827 4947 51446
6835 12198 71202
31509 2757 33733
34930 55363 33733
32628 61408 27145
3522 59175 27145
27976 34714 33733
17891 83170 85006
47236 5099 5099
88948 29042 33733
50236 2561 33733
41199 94406 27145
99588 33156 51446
10513 71282 33733
92139 65798 33733
62680 52969 51446
10839 69314 94782
52161 69194 33733
21747 27242 33733
87986 50650 85006
66838 40394 85006
35178 28299 33733
91516 71887 85006
69191 71887 85006
37821 98769 27145
46223 86251 27145
48090 41538 85006
41630 59159 33733
82196 79545 8818
90570 27965 51446
19528 6390 85006
13422 34930 51446
23424 80900 33733
25024 39241 33733
48090 70588 85006
37336 74853 33733
2676 30885 85006
85858 8960 51446
28388 9225 33733
56127 66338 26215
89324 53521 27145
88115 91314 33733
95184 68324 33733
88659 87790 5099
57956 33069 33733
63197 16233 33733
50234 1227 33733
47529 39398 85006
97060 1969 33733
88075 17796 51446
29904 53873 85006
27976 74059 8818
53873 67920 51446
29309 90777 51446
11747 54769 85006
62758 75218 33733
83185 9969 51446
15910 78295 33733
90524 45358 85006
37103 21688 33733
72112 22274 33733
394 14439 5099
21688 86290 33733
24974 47733 33733
69191 71282 27145
78410 87619 87010
31381 37960 27145
94621 6835 71202
47529 73696 51446
776 92707 33733
3943 75388 51446
60148 15612 87010
67810 9965 27145
57246 52231 87010
97804 4928 33733
27931 2941 33733
39503 5030 33733
55454 58009 51446
32344 69251 33733
34930 73467 51446
17659 24992 5099
95191 59864 33733
48099 50880 40394
10639 13422 68435
59002 34663 51446
98628 69251 33733
13997 99486 51446
33156 51257 8818
33009 27967 51446
70893 48395 33733
67522 4939 51446
17492 20611 5099
7139 25 33733
41555 71195 33733
82836 93147 82836
1839 39660 27145
30760 29755 51446
51255 6081 47025
80900 68559 33733
76858 38598 6177
89445 86975 51446
85858 32975 51446
53127 89224 33733
18535 57275 87010
77510 17061 33733
82232 49679 33733
5003 83504 51446
49218 84213 33733
6835 92737 33733
86729 47958 33733
56717 42271 33733
6259 51423 51446
18105 21042 87010
53127 43070 33733
25024 54136 33733
5003 55679 55679
26681 61829 51446
76029 20003 51446
78517 97060 85006
34308 84017 27145
74428 83652 71202
28496 39940 27145
60690 95023 87010
18153 22758 85006
73467 4947 87010
70685 77689 85006
30028 36123 33733
54286 95184 33733
70447 31956 51446
75892 57919 27145
50668 34900 33733
95259 9697 51446
73476 60148 87010
47576 6124 85006
12421 27437 51446
90828 58557 51446
66282 27775 33733
71195 70830 5099
15910 94782 27145
63239 5003 33733
16233 47994 33733
55415 29309 51446
2676 97333 85006
87790 99486 33733
64973 47287 33733
80705 91543 85006
64281 82610 33733
96472 66184 71202
71967 60183 33733
26215 22758 51446
45493 7139 33733
95744 59159 33733
64847 96391 5579
34325 20795 33733
59159 39503 33733
54917 17957 29778
11748 33009 33733
90828 48600 51446
83968 37821 51446
99321 53271 33733
36098 91790 33733
48683 8929 8818
38878 85722 33733
6273 82836 33733
16985 68908 33733
29090 12290 33733
99948 9135 33733
43478 18427 33733
28299 9213 33733
77510 95505 33733
5579 9965 51446
45142 10931 85006
82196 61829 8818
78993 54917 27145
75515 53127 73900
25552 22738 27145
96203 34786 33733
62542 91150 33733
66223 19528 85006
50958 37147 33733
32975 18594 33733
91360 9969 8818
4939 74471 33733
37667 37147 33733
87768 91150 87010
94621 59864 33733
21156 39940 51446
63134 11155 5579
50559 24992 5099
92834 10288 51446
81139 2714 8818
24974 90570 33733
90818 34287 51446
63385 49572 33733
86290 59040 85006
9697 73469 27145
64847 83202 33733
78312 92058 51446
14746 33538 33733
2676 98142 85006
17993 14346 51446
33272 81413 33733
51240 73469 27145
41368 66534 85006
15253 31565 85006
60294 21876 33733
70803 68435 85006
93435 8960 51446
394 37147 33733
18520 74853 33733
96391 80599 51446
68324 92314 87010
39467 67920 33733
74428 57578 95293
57255 98081 33733
48964 32825 33733
59864 327 51446
92627 51255 27145
39467 45142 33733
13411 67810 33733
15136 53701 51446
85663 47025 51446
1525 80296 33733
25569 73336 33733
28473 98081 33733
28473 27547 33733
95744 58168 87010
78295 25569 33733
54159 14346 33733
83652 94093 5099
58009 20912 27145
35178 11155 33733
1969 19018 33733
25 23356 85006
98718 62071 85006
52956 11038 52956
87790 96681 33733
12051 47399 85006
66747 48917 85006
73696 22350 27145
73476 70855 51446
69388 78779 27145
58014 45352 33733
73367 21969 51446
29778 94745 33733
90689 88414 33733
8202 75239 33733
54429 50541 33733
11369 42612 85006
34287 8545 27145
3431 47392 33733
18594 86176 86176
47529 58455 51446
41538 80705 85006
91790 15833 27145
32959 75515 33733
33725 20842 51446
90818 5760 51446
87619 61385 85006
50659 82836 85006
86251 80228 51446
98788 96800 5579
52969 8202 87010
57246 78993 87010
94225 37667 27145
19222 82409 33733
13879 45142 58455
13879 34287 27145
94093 62353 33733
60468 5090 33733
62758 35186 51446
36357 35412 33733
53040 45026 51446
19289 27487 27145
25569 4947 33733
39567 75692 33733
47733 88659 5099
86290 80782 85006
60546 60468 33733
70834 19500 27145
38598 13013 33733
96681 8197 27145
78993 81242 33733
4967 8960 33733
9225 29904 85006
65220 18594 33733
21911 77093 77093
4939 20842 51446
78355 81246 33733
36123 1623 85006
15251 75892 51446
10324 55705 27145
20842 66747 85006
78717 82232 33733
67341 17659 33733
16985 3780 33733
18153 4967 33733
19500 80875 27145
33272 78779 33733
37960 92469 85006
78355 18535 33733
24974 94276 33733
59040 90191 68435
51632 69388 51446
98238 52284 85006
13879 18642 27145
47025 6982 85006
48150 81722 27145
90191 88919 68435
81139 39366 8818
24121 73367 87010
45026 75572 51446
41832 84969 8818
29423 64097 5579
35377 29755 51446
74587 10839 51446
29424 27988 51446
81246 78427 51446
13013 70830 33733
61804 20110 33733
55697 44707 33733
53970 6835 33733
17957 30531 33733
58372 54286 85006
94745 97333 33733
39419 56548 51446
9697 78692 87010
54963 91906 27145
46763 75515 33733
15481 80028 33733
15481 98342 33733
50246 40394 33733
50958 6919 27145
37821 77053 51446
78779 29904 85006
75166 25024 41783
88075 35429 8818
66308 64889 68435
36415 10633 51446
5579 52956 8818
50880 16631 33733
3235 75218 33733
4728 52284 85006
49572 91512 33733
67319 44601 33733
41029 5090 51446
18382 3511 33733
82196 78324 8818
98799 83158 33733
21392 83907 27145
12697 79730 33733
20795 94782 87010
42612 59159 33733
35714 84017 33733
86298 42612 33733
78427 86251 87010
70855 70800 51446
5299 96681 27145
24616 33272 33733
79934 16985 33733
33735 29755 33733
39940 81264 33733
31381 72995 27145
10633 51387 33733
29755 74780 33733
18535 51815 87010
80705 25472 85006
68164 23225 33733
49679 72112 33733
46694 39280 85006
11748 39535 5099
21079 18823 33733
8951 69896 87010
48683 33516 33733
33567 62542 33733
327 81264 33733
56599 62948 87010
59040 43070 51446
12198 16233 33733
98769 21736 87010
80137 85981 85006
57275 82563 87010
27437 70057 8818
73562 63111 51446
14746 56599 27145
85858 84017 68435
22740 48099 51446
98628 4982 33733
53271 34325 33733
80137 79934 85006
39999 86298 33733
85858 26819 87010
34714 21031 59159
55679 64097 51446
36032 53873 87010
53127 70057 33733
60148 42649 51446
20637 10481 87010
54645 19037 33733
27006 12524 33733
39132 75081 33733
52969 98238 87010
73562 54769 27145
27006 91150 33733
96458 36098 33733
13987 12421 51446
83185 44445 33733
88075 8308 33733
92058 18535 51446
22740 67341 51446
1901 8876 87010
41368 15253 85006
16008 63385 33733
17957 58091 85006
3431 94842 33733
75239 90828 33733
63638 52547 33733
58014 30531 33733
93435 55363 33733
91543 67854 85006
35414 91150 33733
68435 29309 68435
17590 80137 85006
91181 57305 51446
15136 85663 51446
30980 70588 87010
35412 49028 85006
13987 77689 85006
58168 70685 87010
89151 73389 85006
51240 30980 87010
84017 19037 27145
77620 67332 33733
31509 85054 33733
88948 23424 33733
80705 15381 26126
13084 41594 8818
63111 8960 8818
47151 75166 33733
72811 52231 51446
28388 57275 33733
72995 80137 85006
80900 3780 33733
12051 50234 33733
29090 78336 51446
11369 48683 5579
70803 61829 85006
22350 30715 33733
1839 2714 51446
91314 88659 33733
73696 54136 55705
73562 75892 27145
327 69582 87010
55679 11748 33733
13013 73694 33733
24672 27967 33733
4939 12524 8818
52139 44182 33733
36098 39089 33733
39940 91512 33733
69582 26681 87010
96458 67562 51446
95184 84017 33733
61637 92139 39503
22350 1850 27145
54286 75572 85006
17666 18483 85006
41178 33516 33733
1969 8818 33733
1415 33733 33733
91513 63340 51446
58455 57246 87010
45358 80228 85006
33567 73724 85006
79730 97559 51446
12949 22797 33733
48970 63638 51446
48090 11539 33733
75388 17795 85006
16233 42642 33733
30760 50890 51446
48614 34786 33733
58455 87198 51446
48150 41538 85006
48749 12524 85006
38931 43579 85006
28299 96158 33733
46763 18642 51446
21079 25093 33733
89316 33272 33733
8197 79545 51446
9969 1415 51446
10976 33069 33069
58091 78956 85006
25845 72995 27145
75684 27775 51446
49726 41538 85006
87133 27242 33733
92203 12501 33733
73367 43579 87010
73367 47994 87010
60690 98788 51446
93190 33069 33733
65385 29090 33733
19222 89757 33733
7112 39597 51446
93179 70057 51446
92627 25472 85006
22350 90191 27145
31956 61707 51446
27931 52161 33733
776 50236 33733
77093 50895 33733
54845 42370 8818
80296 11747 33733
96158 22797 33733
23225 63134 8818
48917 43281 50138
74342 29778 33733
54286 56548 85006
82749 26215 51446
17666 60148 87010
34930 48395 51446
67854 65798 87010
95259 42243 51446
68908 27145 85006
93991 81722 27145
31138 37960 33733
5090 4134 51446
15612 54429 51446
48970 21031 33733
69799 47399 85006
61707 32541 33733
61707 21747 27145
10513 15851 33733
64889 86588 51446
95790 27976 51446
3943 72811 51446
11038 24121 51446
48964 49217 33733
394 5528 33733
11689 81139 33733
81405 94699 8818
49480 30760 51446
83158 47733 5099
37336 45352 33733
40394 21544 27145
66223 9965 27145
87882 616 33733
22016 45142 50138
18107 54286 41368
98774 43281 27145
91790 90570 27145
9969 20286 85006
90570 78427 87010
79934 51332 43478
39567 51257 8818
8197 28496 27145
69191 53970 27145
73724 90524 85006
21958 29090 87010
45493 34714 33733
52011 36415 51446
35186 16985 33733
62497 18483 85006
588 63111 51446
3235 44601 85006
21156 82885 33733
87905 15833 27145
21544 80782 68435
96472 97804 71202
23225 16840 51446
49217 20912 87010
81246 1227 51446
23424 50890 51446
29042 47529 51446
92621 34160 33733
53127 42480 33733
86290 29423 85006
20772 31138 33733
81139 15253 51446
75892 79733 85006
31381 91360 51446
92203 49152 33733
9225 6982 85006
27988 10614 51446
28388 43579 33733
8035 34325 33733
92058 50650 85006
53521 10989 33733
74342 78312 33733
9697 8956 51446
10614 75684 27145
26524 40318 33733
34287 37960 27145
93775 46121 33733
42576 65798 87010
83652 43907 33733
43907 47529 51446
6835 96158 33733
78324 82885 33733
32137 34325 5099
13954 87619 33733
56291 72811 33733
56291 16397 33733
47529 22277 47529
67341 59040 67341
3511 69771 33733
10614 55454 51446
61534 40685 85006
38296 95191 33733
49030 96158 33733
82232 34930 33733
57305 77689 85006
20003 7139 33733
67562 13084 51446
65822 53357 85006
49563 19222 27145
13987 71202 33733
48558 40846 27145
20110 54382 33733
49812 50770 27145
23356 94518 33733
80875 22016 27145
39205 71195 33733
52547 34308 33733
6081 44182 33733
21911 19222 33733
50895 23225 51446
52830 32621 33733
25175 30566 39503
79733 63340 85006
19259 98142 85006
8035 18775 33733
55454 56717 8818
70685 66282 33733
72134 94518 33733
63911 93179 27145
8929 51815 51446
16840 92203 33733
24996 50559 71202
13084 23225 8818
95505 52284 85006
70062 6084 51446
65624 67341 33733
83652 35178 33733
52830 47151 68435
8035 96391 33733
65126 67341 67341
63239 19259 33733
83129 17590 87010
42510 75388 51446
74780 93435 33733
73336 91130 51446
55415 51425 8818
81543 34900 33733
87736 54769 68435
49152 85560 33733
83202 70588 33733
39366 99565 51446
6177 17468 39503
40394 37103 51446
72134 3943 98774
95744 66798 87010
50650 66838 85006
47958 47392 33733
8545 8839 27145
35429 52231 51446
78410 96472 33733
33735 94113 40318
79024 21031 33733
18757 11748 33733
19289 63911 27145
77510 33538 33733
10639 87198 51446
88905 28473 85006
96458 21881 33733
14346 58508 33733
38598 20611 33733
21544 96391 51446
41555 29759 51446
1901 59040 87010
79545 79730 8818
78427 75892 87010
55153 64538 33733
53970 5299 27145
48395 94699 51446
14108 42243 33733
25569 11155 33733
58557 44468 8818
24616 39366 85006
99588 6390 87010
90191 39660 27145
6278 6982 85006
97866 99588 51446
50880 2561 27145
75239 57919 33733
18483 4728 85006
6370 75166 33733
93435 80875 27145
71820 35414 33733
27429 51257 51446
31565 46478 85006
40685 51815 87010
58009 12198 33733
4928 71604 87010
29872 83170 85006
80296 74059 33733
83504 3522 51446
1525 92627 33733
83202 28473 33733
21876 22682 33733
21392 67319 33733
69251 95505 87010
3235 10931 85006
22758 21042 87010
37566 42510 27145
96458 38244 51446
17590 34714 33733
24753 52011 87010
59040 83560 33733
10513 70685 33733
66184 69191 33733
27547 57263 33733
64449 61707 85006
6081 94842 33733
51257 50659 85006
58091 51419 85006
34663 66223 51446
89014 49572 91150
6835 69251 33733
28229 42480 51446
25455 51423 51446
17492 95237 33733
33272 29891 33733
10481 89757 33733
19018 92314 27145
91157 89324 27145
53127 8197 33733
19500 89757 33733
92621 71195 71202
56291 8956 33733
35414 36737 33733
7485 18823 33733
8960 66798 51446
70800 4134 51446
20842 67258 27145
62542 51240 33733
43478 89014 85006
47064 24121 95505
58508 75239 16692
13997 52161 33733
71967 80900 5099
28496 81722 40394
75348 8876 27145
78692 71820 87010
48600 7139 33733
327 9213 33733
71196 20735 33733
39132 96472 5099
6177 72995 33733
45352 92627 33733
1227 27487 68435
35377 90828 51446
85663 80773 8818
12128 53357 85006
37667 47236 33733
92314 51332 85006
83504 9965 51446
39398 91906 85006
60468 95184 39503
30566 588 33733
92627 13600 27145
96472 34818 33733
66338 96158 33733
21031 78692 33733
46223 41199 27145
2676 16233 33733
81543 1227 85006
55679 5714 87010
83170 30028 33733
24848 45142 51446
1227 17957 68435
98238 78779 87010
14746 45358 85006
77689 34900 33733
95259 18153 85006
41630 21156 8818
56194 87010 51446
82836 98774 51446
3297 57956 33733
53040 8527 51446
14439 82409 5099
79040 36919 33733
50668 81246 85006
18107 28473 85006
42904 73724 51446
16233 33009 33733
91513 90326 87010
34714 52969 33733
92711 22797 33733
10513 27967 33733
42775 69191 51446
45358 8960 85006
48600 85596 33733
31110 51815 51446
2561 99588 27145
52161 50659 33733
90326 15136 27145
4967 75515 5099
62735 78517 51446
34818 60107 85006
61385 55454 85006
2561 34325 33733
19037 18535 27145
64847 12421 51446
71282 42612 85006
39940 87198 51446
20286 8308 33733
94357 76722 51446
48356 39467 33733
79730 36919 8818
41530 51419 33733
66338 73467 51446
39567 96158 33733
41538 79040 33733
57255 69799 39366
26126 48558 68435
94113 25455 33733
14108 88905 33733
60183 82885 33733
16233 79733 33733
31138 73562 33733
97804 8839 33733
47733 78312 33733
80071 1227 51446
91181 50659 85006
80228 39597 27988
33538 33733 33733
26215 20637 51446
53786 55203 33733
80773 33516 33733
94518 24848 33733
74780 95191 5099
67258 80841 27145
89014 73694 33733
71196 47399 33733
41630 61666 51446
49030 53521 27145
27976 17993 51446
50246 8202 33733
64889 73176 33733
4436 19487 87010
19447 4728 87010
2844 11539 33733
32959 57578 33733
23548 73176 33733
87986 72112 33733
97421 22738 58455
43579 90161 51446
94699 4967 33733
73480 8956 51446
90570 25385 27145
75890 78993 85006
12262 74853 33733
20912 64538 51446
13954 74471 33733
5030 66838 85006
9697 78295 33733
81246 98142 85006
3780 3522 87010
75892 35412 85006
85858 42612 85006
51387 20772 33733
67332 16840 27145
38305 64150 72112
18307 92469 85006
82409 10639 33733
6982 12262 33733
33733 39132 33733
3014 32975 51446
69388 8197 27145
1623 41368 85006
72112 63911 33733
64281 96391 33733
21031 36032 33733
12524 93435 51446
36919 84213 33733
75348 21156 51446
20003 71195 33733
39366 29983 8818
39339 11747 85006
50236 37287 33733
4509 9135 27145
71967 90777 33733
75388 53357 85006
56291 98788 33733
82029 7112 50138
4939 15136 51446
35429 40846 51446
25175 48558 33733
30760 51332 85006
20252 84213 33733
13997 39132 33733
68435 42370 51446
53970 34287 27145
38296 24974 33733
27931 34714 33733
8035 6124 33733
85651 47064 87010
39535 18427 95293
51332 61534 85006
78717 22797 33733
37566 25569 33733
51423 48964 33733
62735 92627 27145
19037 86588 51446
91543 61878 85006
48090 7112 85006
24992 46735 5099
52231 19528 85006
82816 3297 33733
4436 63638 87010
81543 53786 33733
15006 61878 87010
83968 1048 51446
80071 74428 33733
85294 65180 33733
27006 97333 33733
21079 89236 51446
12501 4509 51446
33733 89757 33733
50668 74471 33733
36357 95505 33733
58014 18105 87010
90818 17993 51446
5579 72995 51446
79545 18153 85006
29090 38878 33733
70685 616 33733
73389 35673 33733
18823 90570 33733
27487 87905 27145
98769 90765 33733
96458 36737 51446
86588 75515 33733
34160 21911 33733
89151 80841 85006
48600 80782 51446
38244 75572 51446
62948 34930 51446
34786 91157 33733
19487 56599 68435
58455 49152 51446
17852 71202 33733
4967 32037 33733
37287 70712 51446
48683 53521 51446
50878 8527 87010
61707 54286 85006
73862 768 51446
83202 59040 33733
21736 33725 51446
71202 1415 33733
78336 48964 33733
44182 87768 33733
10639 62892 51446
30760 18594 33733
12524 73713 33733
80705 37239 33733
81722 67522 40394
86588 88075 8818
72551 63718 33733
43363 28473 85006
48614 394 33733
3780 90777 51446
52139 12949 87010
51446 51387 33733
56291 98142 33733
86290 54769 85006
2561 68435 27145
92621 21544 33733
98238 97223 87010
54159 1048 33733
98769 19259 87010
26281 21881 33733
11038 49291 51446
75388 85858 51446
16840 89236 51446
7485 39398 85006
46223 31509 33733
20252 54917 51446
10614 17659 33733
61878 21881 33733
47540 66171 33733
6370 97559 85006
87768 27965 51446
64097 41538 85006
804 69037 33733
74428 21876 71202
99565 75515 33733
97223 56599 87010
80900 75692 5099
21079 65504 68435
58508 41594 33733
70830 47958 33733
10989 81246 33733
77093 10839 33733
33516 86290 33733
804 46478 27145
81264 51419 33733
67854 41555 87010
96158 32456 33733
98769 15497 51446
15851 17028 33733
91314 67341 68435
33009 21958 51446
47989 6259 87010
50234 11556 33733
83170 21969 85006
76029 24672 33733
15481 54917 33733
25569 34325 33733
42649 15136 51446
51257 71202 33733
37103 49353 33733
19487 49152 51446
51419 61666 27145
73469 61408 27145
38675 64097 51446
45142 21392 47025
91513 23548 87010
55153 50890 33733
29904 8545 85006
49563 91638 33733
86729 54645 94771
35714 81246 33733
73467 1415 87010
52830 21079 32037
62497 45358 85006
52284 78312 85006
91513 55598 51446
5099 24121 33733
59471 55415 8818
83170 41783 33733
69896 73562 87010
12051 12421 85006
39339 11038 8818
58168 53271 87010
480 30980 87010
80296 46763 33733
58168 71196 33733
47025 73480 27145
41178 17852 51446
81413 99565 27145
41832 18757 85006
50236 77510 33733
8839 78427 87010
46694 480 51446
31138 9262 33733
45358 6835 33733
5528 39339 5579
1415 32959 51446
74901 46121 51446
27967 28388 33733
87133 72551 27145
59040 2676 85006
13954 97060 33733
84017 12825 33733
73053 5090 51446
50880 61519 33733
38296 46293 85006
89236 2874 33733
91314 41538 85006
6919 73389 27145
14108 34663 33733
90191 35673 33733
90524 57621 85006
71463 42271 71202
91638 68559 33733
63134 90689 8818
87619 56194 51446
30760 67854 51446
25 48614 85006
58372 47287 85006
90326 81722 27145
91360 63340 8818
42243 39339 51446
75515 8960 33733
44445 27547 5099
51332 95191 33733
47399 56291 33733
47958 58091 85006
32975 34308 51446
46808 52139 87010
69361 89757 33733
43478 62680 85006
90818 45358 85006
86176 89014 33733
31381 26681 27145
23548 98799 51446
33783 61707 85006
12501 6835 33733
71282 32825 27145
9213 69037 33733
6177 61878 33733
20912 35714 33733
51257 91513 51446
91790 74853 33733
39366 71723 51446
30509 53357 33733
36737 58455 27145
96681 3511 33733
71463 29904 33733
92707 73862 51446
55153 89236 33733
83129 19487 87010
65180 81464 51446
30492 83652 33733
15381 18107 85006
11748 70830 11748
27487 34287 27145
22758 25845 87010
21969 75388 42649
65798 29759 51446
29904 8956 85006
19222 34287 27145
40846 46694 51446
15251 45142 51446
87768 32344 33733
48917 10639 27145
80228 83129 51446
88659 87010 33733
27976 24753 51446
88115 18757 33733
47287 60107 85006
45493 93399 51446
73367 82816 51446
1839 56263 51446
50878 10288 87010
91516 55844 85006
67854 63239 33733
47989 80137 85006
65126 5090 87010
18382 17590 85006
7112 41555 87010
17666 8050 87010
8956 54286 85006
34883 11369 33733
65385 48964 71202
32037 82836 51446
32456 72134 33733
63340 16233 33733
80875 43281 27145
62071 21736 85006
14746 47540 33733
4947 61385 85006
95023 41594 51446
81543 58508 33733
63638 79545 51446
24996 46478 33733
87768 6081 87010
91150 27437 51446
21042 72134 72134
9965 62071 85006
79024 47733 33733
16840 1525 33733
26819 18642 87010
17891 8839 27145
76815 30509 5099
88905 19289 27145
8527 33009 51446
39940 49088 87010
28388 53701 33733
73696 50236 33733
39567 47994 51446
74853 34287 33733
35186 60546 51446
69896 49563 87010
87882 81722 40394
18107 79024 85006
42904 52969 51446
94225 70803 85006
78355 19289 33733
45142 61637 33733
77093 33069 5099
21881 3235 33733
13076 5825 87010
18642 78130 51446
39467 29424 33733
13987 41555 51446
48917 4091 33733
12051 33009 85006
75515 63340 33733
55153 74342 33733
91360 89404 33733
47540 72551 33733
72134 53357 85006
40846 24419 51446
75515 49480 33733
63911 9135 27145
75348 63134 51446
47576 25552 51446
13013 11369 51446
62497 5030 87010
91150 50770 27145
12198 68011 33733
70830 89224 33733
78312 47540 33733
23225 67258 51446
78427 25552 87010
83560 39660 33733
15497 79730 8818
1525 53970 33733
59159 69191 33733
33272 48099 33733
16692 41368 33733
49480 45493 27145
98001 42510 51446
34444 8929 33733
804 7112 27145
69799 53970 51446
5528 91516 51446
82885 71604 33733
27965 82409 33733
66338 54917 51446
34160 91314 85006
92834 94406 51446
34308 64449 85006
89296 72995 27145
25175 34900 33733
51425 15833 51446
16740 15381 33733
26524 11155 5579
5760 34818 85006
83170 21031 33733
1850 80773 51446
3522 47994 27145
77689 20795 85006
11748 69194 33733
3943 38598 33733
79602 13997 87010
13411 73176 5099
46223 97421 27145
89445 87978 51446
28388 89151 33733
27429 57275 87010
78312 38931 85006
4728 32975 51446
91790 17028 33733
85896 61385 85006
32456 10513 5099
79733 63111 85006
5003 69771 87010
11155 43579 51446
63385 69799 33733
62071 50958 85006
65624 70800 33733
26215 85651 51446
79545 22738 51446
17659 99474 33733
97333 33538 33733
4939 53357 85006
89296 45493 27145
75218 12421 33733
70834 80812 87010
34325 36123 33733
97060 64847 85006
8197 12825 33733
58091 43579 85006
69896 42576 87010
43249 1969 33733
61534 82816 85006
71820 83129 87010
53970 61804 33733
50236 87768 33733
51423 17891 51446
17659 19037 33733
86588 67810 51446
17061 48090 85006
51753 73713 33733
31708 35412 85006
58373 27988 8818
24672 43070 33733
37667 48356 51446
98446 91461 51446
75081 94406 33733
73469 68324 87010
90570 1901 87010
16233 6084 33733
44707 65385 33733
87768 85596 33733
52969 93147 51446
63340 83652 33733
66223 93775 33733
99807 34325 5099
12290 64973 94771
5825 39280 85006
33567 22738 85006
13997 42271 33733
85663 47236 33733
97223 21736 95744
33156 28473 85006
47064 39567 51446
42243 26215 51446
57578 42480 33733
47989 43249 33733
83129 2874 33733
74059 59864 5579
34308 53271 87010
27437 10262 51446
85560 57919 33733
49563 18594 33733
92621 59828 33733
18757 85596 33733
25845 55203 27145
60294 50138 51446
63197 57255 8818
92139 46507 33733
6273 92707 33733
5714 29983 51446
49679 39660 51446
19222 36032 87010
77093 35414 5099
58455 41178 27145
78692 10989 33733
47399 11369 85006
50895 62735 27145
81246 29090 51446
50659 8050 85006
31381 75890 85006
18757 16631 33733
66282 39467 5099
15851 18107 85006
11539 79040 5099
66838 82196 85006
80812 73467 87010
70893 15851 33733
15497 32037 51446
60148 92314 87010
10614 81464 10614
2941 60468 24672
17796 83652 33733
90326 7485 27145
54645 6177 33733
28388 67810 33733
95259 82196 8818
78956 74780 33733
22738 20286 85006
70800 12697 33733
1227 64973 33733
62497 9225 27145
70800 53127 33733
9213 20110 33733
92627 68804 33733
98238 18520 87010
2941 34663 33733
38878 74342 5099
59175 28229 68435
26281 62680 51446
91638 41530 33733
23424 35429 8818
21736 75239 33733
6259 57621 87010
3226 80296 16692
74901 89445 51446
55203 84213 33733
92058 47064 51446
38931 20611 33733
67562 92469 85006
42775 89222 8818
30980 69314 87010
4947 37227 33733
12042 16631 33733
62892 69314 51446
48683 22682 33733
52139 36453 85006
89014 57305 27145
28473 27487 85006
87790 53357 33733
17891 72811 51446
78336 15851 51446
10614 24753 87010
62948 57305 87010
13987 98774 51446
15851 1850 27145
37667 50803 33733
26281 39503 33733
17796 96158 33733
75572 47989 51446
42904 98238 51446
74428 67522 33733
14346 96681 51446
87133 69361 27145
83928 98001 51446
12421 20110 87010
51051 29778 27145
86464 80812 87010
44601 82610 51446
25569 80812 33733
45493 89296 27145
47025 90777 51446
62542 1839 33733
98001 21544 51446
18382 40846 85006
77510 97333 33733
10839 17590 27145
81304 66798 27145
92707 64150 33733
78427 24419 51446
17028 4728 33733
64097 32959 5528
18757 33272 33733
4091 80841 33733
3235 67920 85006
24996 76029 33733
87768 85896 95505
39940 70834 27145
75348 89014 27145
50880 53521 27145
94842 63385 5099
3226 48614 33733
36453 6835 33733
36453 83504 85006
75692 72134 33733
98342 91314 85006
82749 75166 33733
34883 27967 33733
89404 52284 33733
36123 89296 85006
95293 89404 95293
6835 29423 33733
81413 89445 50138
48600 5807 33733
85663 87978 51446
51257 66184 33733
70685 47953 51446
83928 67920 51446
51446 92080 51446
89222 61878 51446
50803 98788 33733
48395 98788 51446
91543 59828 85006
66798 33516 33733
54963 20795 87010
47733 71820 33733
96158 17468 39503
81413 25455 50138
50890 71282 58455
8818 81221 8818
21688 26215 33733
80900 60889 73176
57263 89324 87010
91415 34287 87010
8818 49218 51446
27931 52284 85006
55697 99588 33733
19528 78355 33733
91181 91150 51446
88115 69361 33733
18775 18382 85006
64281 5099 33733
45142 90524 85006
50659 81221 85006
95184 88075 33733
13600 5579 51446
81221 4947 51446
64281 91314 33733
55153 75166 33733
10481 4134 51446
21876 55363 33733
62497 9135 27145
83185 50234 33733
2874 87768 33733
23356 36737 27145
56127 37336 51446
92469 69361 85006
49480 98238 87010
8035 54645 33733
73336 32959 51446
29423 94518 33733
80599 35673 33733
69194 25385 27145
35186 50958 51446
38305 92737 33733
98001 588 51446
48964 5030 33733
92711 84017 33733
54286 89404 33733
32344 48917 33733
74471 8035 33733
20110 11539 33733
61804 61534 33733
60148 83504 51446
2488 1227 85006
27775 22797 33733
83928 46293 51446
28299 85560 33733
76722 73336 68435
39535 8035 33733
47576 37667 51446
12421 97866 51446
70712 73053 8818
87986 99565 12042
81246 14746 51446
57246 22758 95505
26524 29759 51446
47236 33725 33733
89151 73469 85006
53357 43249 33733
37821 74059 51446
41783 40846 33733
39940 66838 85006
30492 42271 33733
67341 31110 51446
65624 73389 33733
68559 1839 27145
85722 54159 33733
66223 7494 87010
66747 33735 33733
76858 41555 33733
30646 75388 51446
15136 37336 27145
15833 39467 33733
4436 46446 85006
18307 36415 51446
52161 36453 33733
71463 24121 33733
61534 8876 85006
90191 72811 51446
51423 14746 51446
45352 74587 33733
93057 12501 51446
1623 44601 27145
58014 18642 87010
86176 68435 33733
6124 18105 85006
56548 48600 73053
22274 66223 27145
39467 65385 71202
34714 50659 33733
82610 82749 51446
80228 90818 8818
21969 12051 85006
29042 53271 87010
14746 51257 51446
10288 42612 85006
92469 17061 85006
22797 64150 71202
93057 52231 27145
21392 99434 51446
18483 4091 33733
76392 91130 51446
16985 9969 33733
26215 17061 8818
39398 53357 85006
9135 53127 33733
29423 30646 51446
34900 48917 33733
17492 99948 33733
77053 29309 51446
11038 63111 8818
78295 50803 5099
99474 89316 33733
71723 11748 33733
32541 6177 39503
64150 27967 33733
10976 67854 33733
60690 66282 33733
41029 30994 51446
49563 85858 68435
18823 70893 6177
63239 4134 33733
46763 66838 85006
47958 10513 33733
77620 62948 33733
61804 37227 33733
804 57275 87010
50659 34930 85006
51387 55697 33733
73862 88948 33733
63638 91360 51446
64273 71967 33733
50541 66838 33733
30509 75684 33733
47994 6273 33733
38296 70685 85006
4728 50878 87010
30760 71196 33733
37336 98628 33733
71827 97223 51446
3943 98142 85006
33156 95259 8818
35178 21881 33733
67319 46121 33733
768 35714 33733
89224 15612 85006
47151 5090 87010
29424 9697 87010
44301 95259 51446
47958 83129 87010
5825 13954 33733
82196 87010 51446
50880 66338 51446
70447 82213 51446
19021 13084 51446
41199 53357 85006
4728 30885 51446
58455 69191 27145
98718 92834 8818
64150 35673 33733
34160 13954 33733
57255 61804 33733
89222 18382 85006
93057 6835 33733
37287 57578 33733
72551 95883 33733
80812 51255 87010
49563 90818 51446
61519 52969 33733
70800 16008 68435
63718 35186 33733
81304 73900 33733
49030 5579 51446
70685 74342 33733
95790 75572 51446
90818 73862 51446
73562 99486 51446
44601 52161 33733
19037 91461 27145
99948 33733 33733
63718 22274 33733
48683 50890 51446
48150 87736 27145
78410 776 33733
63911 48558 27145
85294 3297 33733
81242 39503 33733
85858 71463 33733
41178 45352 33733
26126 19021 87010
49030 28388 33733
64150 31110 33733
15851 62680 51446
20912 98799 51446
24848 24974 33733
73176 68011 33733
74587 49291 51446
50890 92314 94782
13879 51753 87010
11747 75388 85006
48964 26281 33733
94771 52161 33733
41555 16740 33733
83202 12051 33733
61666 58455 27145
96800 35186 5579
17492 15910 33733
36415 71887 85006
20772 91790 51446
66838 34714 33733
17993 12697 33733
2561 55705 27145
21969 61519 33733
99588 27967 27145
6278 70800 68435
64889 80875 80875
79602 28299 51446
66282 95505 33733
96681 22740 51446
88659 16008 33733
78130 10513 33733
95023 35178 33733
48917 98799 51446
65624 17061 33733
49291 70803 85006
74471 59864 33733
50878 67341 87010
28496 9213 33733
49152 8929 8818
62353 94782 33733
50895 65385 33733
92834 92711 33733
10288 30715 33733
92707 49563 51446
73480 43478 85006
28388 59159 94771
21156 84017 51446
98769 20637 50138
3780 12524 51446
71202 11369 33733
69191 44445 33733
71967 47151 33733
20110 87736 87010
69771 19222 87010
78517 92621 33733
98081 16636 33733
58091 15136 85006
86975 90191 51446
52956 43070 8818
89222 72811 8818
79733 77510 33733
51446 46808 51446
64281 50668 33733
94699 1850 51446
39366 9009 33733
36123 21958 85006
5528 13411 33733
60690 80812 87010
94782 62735 27145
50138 20912 50138
98628 394 71202
85722 12128 51446
60546 3226 33733
39419 32137 33733
81413 62071 85006
27967 64097 51446
80900 56127 33733
62004 68164 33733
47958 99565 27145
37566 29653 94782
18307 31138 33733
75892 29042 91150
84213 61666 33733
78336 20611 33733
9225 71202 33733
29904 55415 85006
53970 57621 27145
46446 21079 85006
71820 90524 85006
76858 47399 33733
69896 51332 85006
17659 27967 33733
78692 54769 87010
54286 15251 85006
47953 99321 33733
43249 65798 33733
67319 32344 33733
54136 13076 87010
96472 32959 33733
80071 22682 33733
96203 87986 27145
32825 20611 33733
11689 19222 33733
54159 67341 33733
63239 69771 33733
69194 19500 27145
35186 87790 33733
71820 14346 51446
32541 66798 33733
44468 51103 85006
48964 69194 33733
29424 25455 87010
37287 19259 87010
31956 42649 8818
37188 35993 51446
29755 20912 27145
35178 77510 33733
54286 45493 85006
88948 78312 33733
22274 50958 27145
80228 93057 51446
4982 70830 33733
86729 54286 33733
47953 44182 33733
22758 10639 87010
17061 81413 51446
30885 97804 33733
79733 5528 85006
10262 6919 50138
45142 66747 85006
19021 92627 87010
41783 81221 33733
61804 24974 33733
99434 51257 8818
94276 97577 87010
41199 15497 51446
1525 21747 33733
4939 37821 51446
89404 57956 33733
78517 72551 51446
52139 79602 68435
37821 1227 68435
26215 75218 33733
75890 30028 33733
6177 49152 33733
98001 21911 33733
71967 59828 33733
34308 98718 51446
17795 35414 33733
1850 85054 68435
69388 73562 40394
19447 51255 27145
18105 65220 51446
52830 69388 27145
74853 46808 33733
17028 47236 95293
35673 18757 33733
43907 42465 27145
95744 66223 87010
51051 17796 27145
34883 60468 33733
5299 75348 27145
6706 60294 85006
51387 37287 33733
42271 29755 33733
34663 43281 51446
9225 82610 51446
50246 65220 33733
18520 90570 27145
76858 86588 33733
52969 11556 27145
81139 46121 51446
93179 39366 51446
73176 92203 5099
9213 79024 33733
47236 47994 33733
12501 33783 85006
95744 22274 87010
73562 66838 85006
89296 52161 33733
87768 80812 87010
37336 51753 87010
47733 15481 5099
80028 27204 27145
21876 99434 33733
75892 18790 33733
34982 58557 51446
83907 13084 51446
97804 97866 33733
90161 83560 33733
42576 49291 87010
22738 20772 51446
29759 73694 33733
94699 91790 51446
29309 86251 27145
40846 69582 87010
76815 76722 33733
19487 90570 27145
26281 39999 87010
92469 41029 85006
32456 17061 33733
37336 19487 52139
18105 61534 85006
51255 90570 27145
59471 64097 5579
12262 10481 33733
24419 5299 51446
74428 89296 33733
88948 21876 71202
15381 12501 51446
14346 42510 51446
87882 66534 27145
94113 80599 33733
70057 5825 51446
81242 71820 33733
87198 86588 8818
92621 35993 33733
3780 1227 87010
67319 87736 33733
50668 3226 33733
50878 18153 85006
12198 11556 33733
616 32456 5099
75515 85981 33733
3235 32628 85006
34900 48614 33733
16692 54429 33733
74780 91543 33733
35429 60889 33733
16985 55705 33733
35178 61878 33733
97559 39503 33733
55697 24974 33733
94093 89296 33733
80900 9965 33733
83158 69314 33733
85054 26819 87010
80900 64889 33733
78355 10639 33733
16636 49480 87010
34786 39503 39503
44468 4509 51446
34160 71820 85006
24321 58372 33733
69251 83652 33733
63239 33272 5099
85006 89222 85006
76815 69314 33733
1850 51255 27145
30715 18483 33733
33567 89151 85006
73696 96681 27145
87882 98799 51446
47989 92058 51446
34786 32541 39503
28299 20637 51446
34663 30980 51446
38598 42642 33733
55705 60183 87010
38598 78993 33733
56548 57621 51446
82029 75239 33733
37188 15910 51446
99321 1623 33733
29424 11747 85006
75515 58372 33733
57919 60148 87010
56717 69251 51446
49030 10614 27145
52830 39597 51446
3226 47064 33733
50668 54136 85006
67920 51815 51446
69582 81464 87010
42904 11539 33733
31565 59175 85006
91543 1839 85006
1850 90570 27145
33783 588 85006
25385 58455 58455
54286 10324 85006
50138 37188 51446
6278 63718 33733
54159 19259 33733
13874 70057 39366
96472 94357 33733
75572 6081 51446
48749 62004 33733
70588 53040 51446
55203 29653 27145
57263 68435 87010
50559 24996 71202
78336 32037 51446
94518 61534 33733
66308 84216 33733
34325 36919 33733
66171 3431 85006
44445 21969 33733
75515 53970 33733
39567 93057 51446
8307 30715 33733
96472 13600 33733
87986 37287 87010
61519 17590 33733
12198 39567 33733
5579 2561 51446
48356 30566 33733
89014 10639 91150
21911 42480 33733
91461 89404 33733
7494 30492 87010
58455 19222 27145
92627 99588 27145
73562 75388 51446
48917 34786 33733
53040 92469 85006
24121 92707 51446
15381 41029 51446
34883 6084 33733
53786 91543 33733
25455 97804 33733
2844 10596 51446
65220 50895 51446
71195 8035 33733
87010 19289 87010
12128 4967 33733
52830 39366 51446
39241 44601 27145
50246 84017 33733
22797 45352 33733
24974 22797 33733
6715 58009 27145
83170 12198 33733
75388 47151 51446
59471 26524 5579
61666 79040 33733
30028 29872 33733
36919 39567 8818
51051 74901 51446
10839 93399 51446
41178 85006 85006
68559 6835 33733
13084 15381 51446
58455 35377 51446
48395 54845 51446
82232 86588 33733
31708 27967 27145
34287 29872 51446
83907 15381 68435
1227 62542 33733
36357 84969 33733
21079 57578 33733
9262 20252 51446
91360 25385 51446
27976 28229 51446
29983 24321 33733
97866 32825 51446
53271 85006 85006
33783 63911 85006
4091 44468 33733
85596 25569 33733
23356 39366 51446
67562 18382 85006
50234 35412 33733
80071 72134 51446
82563 73053 51446
56127 89224 85006
98142 68908 85006
56127 29983 8818
57275 73696 87010
49291 60148 87010
70588 29872 51446
53786 6081 33733
41783 804 33733
66308 17795 85006
78130 91461 51446
94771 92203 71202
61385 20611 33733
90570 28496 78993
70855 10989 33733
24121 60690 24121
39999 13013 87010
37147 95259 33733
69361 5579 51446
83907 21969 51446
94225 30531 33733
8876 30646 27145
75515 73694 33733
804 97866 51446
37821 3226 33733
8951 39597 51446
96681 54159 33733
41538 92058 85006
45493 92469 85006
15910 6177 33733
53749 54845 8818
43363 21688 33733
50246 44301 33733
10614 29042 80875
98342 62892 85006
9225 30715 33733
30509 60889 30509
14108 75890 33733
98769 21958 87010
78312 66282 33733
41594 64097 8818
12421 2874 33733
76029 66534 27145
98774 2488 85006
47236 12501 33733
78993 50878 87010
69314 7494 87010
65624 30531 33733
15910 82749 87010
87133 39567 51446
23225 82563 51446
75684 64889 27145
82213 78779 51446
15381 28496 27145
31956 63276 51446
78336 78993 51446
39280 70893 33733
54382 2941 39503
32628 78355 33733
17852 59175 51446
90777 39339 8818
62892 98142 85006
30885 37566 51446
63638 90828 27145
56548 90689 8818
71827 24616 85006
8951 27988 51446
70893 87133 33733
95237 96472 33733
94093 11155 33733
67854 80900 33733
64973 43070 33733
49218 78517 51446
43281 54917 27145
98001 30492 51446
85981 52547 33733
2844 10931 85006
16233 19289 33733
43363 67319 33733
20912 39999 87010
63718 53040 33733
94842 41538 33733
29759 70830 33733
40846 87010 87010
81139 68324 51446
74428 86588 33733
3226 99434 33733
38878 85722 33733
18153 37239 33733
82232 20252 33733
83560 45142 33733
30566 80841 33733
29042 41832 51446
18535 94782 27145
37147 17659 33733
42576 9213 33733
91512 21079 33733
93057 16985 33733
59471 86588 8818
34818 62892 85006
69799 41199 51446
48964 62892 33733
12524 63340 8818
17957 98799 51446
78130 39419 51446
43070 33783 85006
97804 24974 33733
57255 6273 33733
98001 13874 8818
41832 8951 51446
91157 44707 27145
53749 67810 51446
3297 5030 33733
74901 52331 51446
50890 11539 33733
18427 26215 33733
53749 43070 8818
92203 32344 33733
54917 52547 33733
41368 41630 85006
87736 25024 33733
17795 92139 33733
58455 71202 33733
2757 30646 27145
22682 3235 33733
82213 69388 51446
69799 24321 33733
67258 82563 27145
50659 76722 85006
38305 91461 33733
52331 13411 33733
4982 14346 51446
75218 35414 5099
38878 19447 33733
48356 94842 33733
80812 33516 33733
34287 93775 33733
16397 21079 27145
94518 35612 5099
34883 6081 33733
95191 89224 33733
53040 52331 51446
62497 60889 33733
92711 21042 33733
45142 83928 27145
95184 94406 33733
90161 42243 51446
85006 19447 85006
24848 78336 8818
19018 73476 87010
55679 18823 33733
2874 16692 33733
76815 56263 33733
43907 37667 27145
77689 92314 85006
51753 9225 87010
62758 55705 27145
70588 75388 51446
19487 6982 85006
6124 69771 85006
48970 89296 51446
12128 1048 51446
71820 87905 27145
33009 69799 8818
8951 85560 33733
52547 9213 33733
94113 77053 33733
16397 21969 51446
98774 7494 87010
90326 94276 87010
28496 64281 33733
70447 61454 40394
32037 27006 33733
24848 64538 73053
48749 7485 85006
91638 90326 33733
21031 74901 33733
64150 19289 33733
39535 80228 33733
10513 21156 33733
98238 58508 33733
39419 56717 51446
54286 88414 33733
8545 6084 51446
80071 15136 51446
17666 50668 85006
28299 56599 51446
25024 50650 33733
92834 39597 8818
73862 68324 87010
11038 17666 51446
40318 99434 33733
93435 78692 87010
93435 91516 87010
48970 42480 8818
38675 49218 27145
33272 19487 33733
68324 60107 87010
53357 71820 85006
96472 4091 5099
90191 55679 68435
10931 79040 33733
63911 75166 33733
30028 33725 33733
6278 52331 87010
25 89324 85006
78130 13997 51446
10513 96472 5099
78692 90765 33733
13600 16764 51446
57956 49291 51446
42904 62071 85006
37336 34714 33733
36357 85722 33733
27204 11748 33733
87010 50880 87010
28229 60546 87010
82409 83907 33733
31509 2757 33733
80137 25472 85006
28388 73336 33733
18153 25024 33733
29424 28229 87010
16397 50803 33733
66308 9697 29778
12825 45352 33733
99321 42243 33733
5528 88075 8818
50138 90828 27145
37336 20252 51446
29778 14439 33733
64150 73724 33733
38244 92737 51446
98769 21544 27145
71723 41594 51446
78312 84213 33733
70855 40685 51446
18790 75166 5099
65385 19487 33733
27547 83170 33733
35377 93991 51446
61666 30760 51446
29090 29904 85006
15253 64847 51446
61637 91516 33733
81264 61666 33733
67562 37667 87010
37821 45026 87010
35377 29778 51446
6982 90570 85006
87790 66282 5099
75239 34663 33733
52830 3431 27145
14108 89757 33733
20252 33733 33733
98446 81413 51446
89404 34287 33733
10614 18823 33733
29424 46735 33733
73713 21969 33733
48964 71195 71202
36123 35429 85006
4436 16740 33733
30646 94842 33733
14439 79934 33733
92314 17957 27145
95237 27429 50138
35186 83968 5579
50958 67810 27145
52969 58009 27145
49291 31708 27145
10481 37667 87010
98446 85560 33733
4928 69361 87010
96158 84017 33733
8929 20912 51446
42612 83158 33733
18483 61878 85006
10639 96458 51446
75239 39535 33733
60294 56548 56548
76029 96158 33733
63134 53357 85006
39940 12042 27145
47287 73696 85006
55363 74428 33733
76815 83968 33733
21688 14439 33733
5003 98718 51446
74853 66338 33733
41029 97866 98001
99948 39241 33733
65220 81464 51446
21747 37147 33733
48749 82029 85006
87882 54645 33733
92627 73053 51446
80875 75166 33733
46293 9225 51446
50650 24753 85006
51423 45358 85006
28299 50650 85006
25569 91181 33733
47994 4928 87010
7139 70062 33733
54382 50880 33733
95505 42465 87010
3522 64538 51446
13422 19500 27145
73480 35186 51446
68804 51051 33733
14746 69799 51446
21969 21031 33733
20611 28299 33733
19289 55203 27145
99588 65822 51446
48300 81543 33733
44301 92080 87010
85981 85651 27145
32975 94771 33733
1839 52284 85006
3511 55598 33733
36737 50803 33733
46121 67920 51446
75572 22016 51446
81242 82196 33733
35412 4947 85006
53970 41530 33733
21881 51103 33733
70588 32037 87010
85006 32456 33733
70893 91516 33733
83928 46446 85006
95023 76722 27145
26819 47994 87010
21688 61804 33733
20795 5030 5030
44468 4928 51446
80028 33735 33733
61454 95259 51446
56599 84213 33733
99948 58091 33733
74059 43363 8818
78324 78717 8818
55598 81304 51446
91461 19222 98774
46121 77053 51446
92314 68559 27145
57956 98446 8818
73469 71820 98774
21958 62892 51446
5528 16008 51446
13997 41538 85006
30531 62353 33733
31565 45493 85006
50236 73176 33733
45493 27547 33733
55203 73469 40394
36357 86290 33733
62071 61829 85006
33156 21876 33733
29423 2086 8818
75692 69037 33733
46808 9009 33733
73053 62542 33733
30531 38305 71202
62892 70057 8818
88075 23225 8818
92737 6278 51446
21688 65385 33733
90524 12262 33733
85651 65180 51446
46478 15833 27145
54917 83560 33733
15381 4091 33733
75892 85981 27145
94782 46446 85006
34325 2488 33733
39567 69582 51446
5825 22682 33733
22738 86298 33733
83907 14108 33733
74587 16840 51446
33156 42904 39339
48970 27775 8818
46507 54645 33733
99807 14346 33733
85981 96800 51446
51815 63385 33733
44707 6081 27145
70206 79733 85006
10481 5714 95744
3297 84017 33733
80071 66282 33733
6081 48600 51446
45493 32541 33733
21876 21392 33733
16636 89445 87010
61454 42370 51446
54917 53127 33733
80705 33783 85006
69037 10839 33733
34982 82029 87010
8929 79602 51446
4091 17852 33733
16764 37227 33733
46507 6278 85006
85896 56263 51446
13600 4509 27145
31509 10262 33733
4939 63385 33733
36919 8307 33733
65385 43907 33733
60690 77093 33733
49679 64097 8818
13013 39535 33733
17891 52956 51446
63197 46735 33733
75388 49572 51446
13411 50236 33733
92314 77093 33733
98001 15497 8818
18594 83560 71202
30980 75515 33733
62071 49572 85006
49812 79024 27145
94518 60889 5099
41555 55598 51446
65385 73476 33733
5528 70588 51446
55844 95184 33733
24672 46293 33733
16692 62353 6177
74853 32344 39503
90191 19037 27145
50559 95744 33733
98788 50890 51446
18642 69361 27145
99474 51419 33733
21544 33733 33733
25385 97866 51446
92711 24848 33733
46763 94225 51446
74587 54136 51446
91638 3780 33733
95023 88075 51446
26126 65180 51446
5807 70893 33733
69194 94621 33733
17795 51257 85006
23548 4509 27145
57275 39280 85006
98142 27487 85006
69896 72551 87010
4939 89222 56127
21079 28473 85006
36357 46446 33733
89404 71282 33733
90765 92737 33733
58372 87619 87010
29424 92469 85006
43579 38878 33733
61408 69194 27145
57956 16985 33733
36453 86298 33733
4509 28388 33733
70206 92080 87010
55153 65385 33733
41832 11369 8818
11747 64281 33733
20110 73900 33733
4134 66223 51446
47529 51632 51446
74587 82409 33733
65180 32037 51446
22277 91516 51446
91516 92058 51446
23356 30885 51446
46507 29778 85006
9969 51815 51446
46507 25385 85006
97804 24121 33733
32344 9009 33733
56291 39597 33733
84017 87768 87010
87619 73696 87010
69799 78692 51446
86176 71604 33733
78336 2757 51446
36032 58373 51446
40394 53271 87010
98718 50659 85006
96203 19500 27145
16740 86729 33733
54159 33735 33733
56599 45026 87010
70855 24672 33733
50659 33516 33733
91150 53786 33733
17796 49088 87010
75081 71202 33733
8960 80228 8818
78717 44301 51446
50236 42510 33733
42480 75515 33733
49572 30492 55705
30566 1901 33733
5090 80599 87010
66534 87010 87010
89316 27965 33733
42649 3511 33733
81264 65624 33733
57263 75515 33733
37147 8545 33733
19259 17659 33733
24616 17590 85006
68804 6715 33733
70855 91360 51446
59040 11539 33733
41783 67810 33733
56291 33783 33733
59175 70893 33733
78295 8818 33733
43249 82213 33733
89316 61804 33733
87736 83188 33733
59828 98238 51446
40318 5003 33733
78692 38296 85006
96681 38598 33733
50668 19021 85006
53873 21736 87010
68435 9225 27145
19289 19447 27145
16636 78130 51446
32456 75515 5099
15481 17796 33733
18823 43070 33733
76392 29755 26126
90326 394 33733
13879 11539 33733
16631 93399 33733
12198 36098 95293
89445 93179 27145
73467 3297 33733
61408 87978 51446
46293 37566 51446
39366 75081 33733
13600 73562 40394
99321 80137 33733
13411 22350 33733
17993 55598 51446
10931 98769 85006
71827 94745 33733
20252 97559 51446
63638 83129 87010
59864 55697 33733
8956 37287 51446
70830 86176 5099
92627 20772 51446
3297 2086 33733
30028 25093 5099
36357 49028 33733
4091 15481 5099
61519 78312 33733
91461 83188 33733
32825 8951 27145
17492 13422 33733
17492 78993 33733
41832 4982 51446
17891 66747 85006
89316 37960 33733
9213 42775 33733
42243 88115 33733
80782 1415 68435
98628 39503 33733
98788 37667 51446
65624 69314 33733
94276 16631 33733
68804 71827 33733
52231 98774 27145
18483 78517 85006
81413 22797 33733
42576 5714 95744
66534 8050 87010
29904 91638 33733
34663 22758 51446
15481 42775 33733
6081 66184 33733
16840 63340 51446
80900 87790 5099
69388 55679 27145
53040 3014 51446
31381 86588 51446
67854 80812 87010
29090 19037 27145
49812 81264 33733
49152 65504 51446
39567 71195 33733
95883 8308 8308
82816 50880 51446
9009 82213 33733
85981 6177 33733
81405 77689 85006
6278 74587 51446
58455 81246 51446
13411 27145 33733
61408 2714 51446
27976 37287 51446
24121 16985 33733
69037 34325 33733
46507 20110 85006
86176 47064 33733
55697 64273 33733
94406 20611 33733
99807 54429 33733
50236 66171 33733
51425 94699 8818
94771 48356 33733
71887 30509 33733
51257 86298 33733
65822 35178 33733
17796 83968 51446
85294 28299 33733
85054 24121 87010
29891 82196 8818
13084 25 85006
92080 33783 85006
93399 39280 85006
61666 16840 27145
18382 36098 33733
75388 61804 33733
53357 8202 85006
77053 17795 85006
50803 11539 50803
24321 97577 33733
39535 79934 33733
60468 34308 33733
23424 31110 8818
42243 36123 85006
776 87978 33733
30885 35673 33733
48600 74059 5579
75890 13076 85006
14346 53521 51446
97223 34325 33733
30994 29755 68435
8197 71195 33733
92203 86298 5099
94771 24419 33733
88414 37960 33733
4967 97060 33733
91512 42576 33733
53970 25569 33733
63718 71196 24672
16397 19259 87010
32628 74428 33733
24992 22274 33733
89757 90191 33733
8545 20637 27145
99474 74471 33733
53701 22277 51446
45026 51103 85006
51419 84213 33733
80071 48090 85006
80812 99948 33733
85722 85596 33733
4928 30531 33733
41630 51446 51446
8951 35714 33733
66308 8050 87010
54382 54286 33733
71604 47733 33733
75692 18535 33733
5579 6273 33733
85722 40394 40394
47733 89296 33733
57263 4728 87010
4928 35612 33733
33009 95293 33733
8839 42612 85006
10839 88075 51446
70588 81405 51446
88905 60889 33733
58372 70447 27145
68324 67920 51446
17957 616 33733
64449 61534 85006
91415 74428 33733
60294 85054 51446
48600 46121 51446
54769 79602 68435
71604 26126 27145
83652 48964 71202
16631 66838 33733
80228 47953 8818
8527 80900 33733
58455 92834 51446
76815 21911 71202
13013 51446 51446
61385 88948 33733
81242 79934 33733
32621 87768 33733
49030 93775 33733
25093 32975 33733
56291 19037 33733
36415 75166 33733
41630 5528 8818
19447 49291 27145
52231 69314 27145
31110 34444 33733
29423 32959 5579
92737 78336 8818
87010 70588 87010
92737 86464 51446
33538 4939 33733
95505 51332 85006
34982 6835 33733
12524 28388 33733
98342 2844 85006
27006 46446 33733
61534 34444 33733
72551 36415 51446
18382 81242 33733
48970 24321 33733
50880 96472 33733
86729 66798 33733
76815 66798 33733
53040 92139 33733
82196 21392 51446
71887 81139 85006
35377 62497 51446
58508 17028 33733
51446 73696 51446
82749 11539 33733
78427 32628 87010
10976 19500 33733
66747 85006 85006
17659 2488 33733
36032 51423 51446
57621 20772 51446
19259 89296 87010
44445 11748 5099
73389 91415 87010
31565 76392 85006
18427 35714 71202
80900 61878 33733
86464 31110 51446
59040 21881 33733
40846 54769 27145
75515 72551 33733
95184 73694 39503
32825 45358 85006
29872 74471 33733
68324 21079 87010
5825 78427 87010
43907 6919 27145
10513 91360 33733
14439 95293 5099
50878 5090 87010
17666 53786 33733
27006 79024 33733
50234 24992 5099
39421 16692 33733
81722 25845 27145
71967 6370 33733
76815 97421 33733
10931 33733 33733
25175 47392 39503
88115 20611 88115
42510 3522 27145
17028 67854 33733
80296 93190 33733
96458 69191 51446
15851 82232 33733
65385 80071 33733
87790 85858 33733
768 12825 33733
55203 50880 40394
78410 9213 33733
48614 33272 33733
82836 70712 8818
69194 80137 85006
42612 60294 85006
32137 41783 5099
59002 48356 51446
54136 40394 27145
50138 58557 51446
70712 91150 51446
85560 21079 33733
45493 59864 51446
95191 15381 33733
90326 34883 33733
61804 77689 33733
1623 87133 27145
99486 86729 33733
21079 83652 33733
81722 98238 87010
75890 39535 33733
18535 53127 33733
61637 15833 33733
96472 21911 71202
93057 88075 51446
61666 11747 85006
8960 23356 51446
25093 13987 33733
94518 67810 33733
37227 99474 39503
18427 33272 71202
84969 67319 33733
64889 47287 85006
92621 54769 33733
38675 33783 85006
25024 27487 33733
80705 5579 51446
87986 50958 27145
89236 47064 51446
52161 41555 33733
5528 69896 51446
53873 30760 51446
1850 11689 33733
56548 52231 51446
6278 18427 33733
94621 19018 33733
5807 61534 33733
81246 33733 33733
23225 90326 51446
56127 32037 51446
47399 70803 85006
43281 39419 87010
51632 34883 33733
95505 6278 87010
65798 86588 51446
30980 91181 51446
13879 59864 51446
11748 39421 5099
11556 71196 33733
35612 68559 33733
62758 82816 51446
37287 68164 33733
17852 90689 8818
82885 28299 33733
49572 16764 51446
34982 19259 87010
72995 13076 87010
53357 37336 85006
74428 33516 71202
36453 52284 43478
12501 98799 8818
