92982 8611 19232
20466 85180 19232
66905 73516 19232
11976 61785 19232
36133 25005 19232
88232 52535 88565
26267 49660 19232
61015 96764 19232
36216 32056 19232
96337 61171 61171
21649 62654 10914
65353 79952 19232
25136 83521 88565
50679 31397 19232
57035 33303 19232
15918 93850 67885
58639 77902 19232
99342 41863 79084
75639 65353 19232
40112 37555 15757
37622 41839 10914
45527 73193 15757
43396 8729 10914
37393 44373 15757
64227 36777 10914
42282 24408 19232
7967 73206 19232
8165 41904 10914
58404 4802 19232
63464 77129 19232
94128 58793 19232
60093 20956 19232
60372 2476 19232
18905 87589 19232
21966 6307 19232
57689 70373 10914
99036 6195 19232
83792 21065 19232
85867 16446 15757
52791 66238 19232
72680 89651 19232
77914 88232 26555
92706 77167 15757
85897 35537 19232
40679 85503 19232
76953 3370 19232
74572 89135 15757
57387 82476 10914
4434 68323 32089
55805 78031 10914
72416 57035 15757
35727 71546 19232
57531 52535 88565
76338 63761 19232
83941 97975 19232
59704 34865 10914
94166 35537 64045
97525 79739 61171
77175 51187 10914
49660 96349 88565
28435 38557 10914
56107 67920 19232
34910 97571 19232
95213 30925 15757
69435 19873 15757
56567 88544 2350
264 37119 19232
92706 98286 19232
22430 8137 19232
19232 1891 19232
11448 76293 88565
6466 89160 15757
97525 74103 19232
3370 24609 19232
27761 17686 15757
40119 38713 19232
81504 39275 19232
8089 57187 19232
76893 69230 19232
13368 52645 15757
37761 30925 19232
1180 94719 19232
47986 68107 91103
27250 24408 19232
96429 21649 10914
63761 19251 19232
43561 41205 19232
12409 89414 79084
25224 29012 19232
15821 38034 19232
79602 55805 19232
97966 46835 19232
13518 2931 15757
39323 39837 19232
75826 10943 64045
37051 30203 19232
8107 57353 91103
24225 8137 19232
48950 39275 19232
1891 38395 15757
2476 6299 79084
21030 21966 61171
58404 55805 55805
82231 37119 19232
87090 79928 19232
61873 46648 19232
50679 22593 19232
43396 18043 19232
7044 27861 61171
47450 8107 88565
83941 70172 19232
45435 89426 19232
39712 24153 19232
35348 1335 15757
34910 6929 15757
40724 88507 10914
43812 28358 10914
42320 64362 19232
75639 35727 88565
17926 66853 10914
52246 93467 19232
76248 25818 10914
43812 46648 19232
49367 21198 88565
97966 82858 8156
69230 29342 15757
12776 30557 10914
6619 14610 88565
20484 61181 19232
63878 85881 19232
52082 96349 19232
28815 15536 15757
11603 34171 19232
36447 93601 19232
79739 97672 19232
22838 47137 19232
85881 52690 19232
35807 52791 19232
66618 98286 61171
264 67240 61171
27940 40763 15757
65351 64362 19232
88830 72680 19232
85180 75826 61171
91484 94610 66709
66701 3762 19232
67885 57387 19232
26555 98332 19232
8729 52731 19232
66159 3715 19232
11760 27250 19232
14590 54008 19232
27291 65981 27291
23909 61873 19232
46500 52602 88565
41147 85324 19232
82633 46721 19232
10516 57187 19232
50134 94166 61171
78928 35807 88565
65185 18043 79084
40335 14657 19232
56664 86443 19232
70373 33303 19232
62005 10946 19232
85180 70291 19232
36728 40119 19232
76427 14742 19232
77760 65351 15757
3370 52347 10914
14865 47701 19232
39765 32900 61171
27444 43495 19232
5852 40224 15757
60602 80655 10914
4423 83355 19232
66216 40679 15757
8812 21966 19232
79 64574 15757
16731 44468 15757
82925 38255 15757
74177 59192 20074
30212 52837 19232
1891 67469 19232
95959 22430 19232
66869 92864 19232
27291 75639 88565
99036 28430 19232
31397 20628 61171
48648 10787 88565
26267 66869 19232
43087 55542 19232
25849 66701 19232
73206 78049 19232
63261 79602 19232
70020 85863 19232
87717 11876 15757
66159 3497 61171
72096 93862 19232
3370 13548 15757
62120 79928 61171
99819 56636 19232
2404 69120 88565
11503 91958 19232
42236 82476 19232
68708 62410 15757
32566 38943 61171
75800 65418 79084
71412 2931 19232
40112 69679 10914
93373 50856 19232
39967 28492 19232
3497 53458 79084
27808 71412 19232
81464 73206 19232
12776 42236 19232
44468 58244 19232
89361 82366 19232
2350 12776 10914
82476 99036 19232
94711 20074 19232
78029 31889 19232
10616 11976 10914
97966 58404 19232
76293 5382 15757
25068 92706 15757
74572 36694 88565
71060 49467 91103
60367 1214 19232
52347 45828 19232
77749 32013 19232
76953 43561 19232
88469 41565 19232
73383 18442 15757
55197 88334 91103
14590 435 19232
42819 94748 19232
98748 47985 19232
6629 57684 10914
69679 7895 19232
27291 5408 88565
67469 63658 19232
94914 93601 19232
89426 43561 15757
20466 85872 15757
41544 51187 19232
77914 65418 19232
55033 58244 19232
48950 11718 29116
13548 62786 19232
12757 85617 15757
34343 16619 19232
58639 83303 10914
49142 88232 19232
52690 69767 31521
41977 75149 88565
79164 15684 19232
26834 86708 10914
55952 94128 19232
95959 1872 19232
93850 78029 76893
78499 11520 88565
80809 47985 61171
46646 3848 19232
12776 1052 82476
50249 37051 19232
15649 67274 19232
87795 96349 88565
88544 97966 19232
91480 28582 19232
9107 12586 19232
38395 89207 19232
32765 84625 19232
79164 39837 19232
51983 28066 19232
20956 6027 15757
95959 46721 19232
53386 19657 15757
62654 79952 88565
84759 42819 15757
23837 97672 15757
66853 21574 19232
83521 74103 26555
64574 48218 15757
78101 69679 15757
23297 95992 19232
11537 87795 19232
79952 39837 19232
82535 87589 19232
86708 38723 19232
89651 27803 19232
71792 19251 10914
16898 6299 19232
14610 66286 15757
29382 46929 19232
2350 57689 10914
25484 435 61171
77151 64362 19232
39998 60526 10914
65652 4468 19232
25224 34669 19232
1120 29193 88565
25005 66641 79084
2660 33303 61171
62313 61785 19232
10943 63583 19232
72680 87082 19232
44850 77914 10914
72603 64227 19232
61015 33405 19232
26048 81184 15757
81504 27444 61171
86443 11134 90978
55805 66905 26555
4802 66414 79084
74556 49467 91103
4423 17611 19232
11879 80809 19232
22593 77760 15757
50249 81184 15757
82858 27456 19232
31759 37119 19232
38783 60183 64045
25484 67274 19232
92706 42320 15757
14467 31521 19232
56436 28342 19232
535 39837 19232
11537 31521 55952
94903 94128 84625
31647 12586 61171
57689 92731 10914
29342 93373 10914
78499 6299 19232
55952 7895 55952
18415 48950 61171
44850 28455 19232
73193 39837 19232
84517 40119 19232
95192 48950 29116
24428 67885 76893
48648 72096 88565
65652 13548 15757
65682 535 19232
32056 90318 19232
6466 83752 19464
83900 75197 19232
97571 6484 19232
31397 40498 19232
11382 51237 19232
51983 65351 10914
86639 34760 15757
29116 32024 19232
66819 49533 88565
24428 34736 61171
95959 91699 19232
47450 46333 19232
30925 56107 19232
76248 46500 10914
71546 89160 19232
91059 69144 15757
37013 6466 15757
53266 94914 19232
33488 6027 19232
81706 23047 10914
69027 62120 19232
19657 81464 15757
86766 61785 19232
12776 48218 10914
69468 27456 19232
57684 96349 92458
98286 15892 19232
63744 97227 88565
18905 15536 15757
1061 71754 10914
34669 31521 19232
49626 25224 19232
61873 40874 19232
54599 43983 19232
87212 77511 88565
58244 23047 19232
24408 77749 19232
72603 11879 19232
82231 78499 32679
28492 79 19232
51324 41977 10914
3762 33535 19232
11520 39873 19232
38943 41544 79084
47450 23525 88565
67190 64975 10914
41941 40679 19232
90004 27908 19232
15649 41565 19232
85867 39227 26555
91059 37051 19232
74572 6929 91103
8969 4673 61171
2739 68323 10914
77175 41993 19232
80809 41915 19232
95461 91699 10914
60752 74556 19232
27250 45043 15757
49714 41544 19232
55197 61015 19232
80677 16619 19232
52668 97525 19232
38441 81184 15757
31276 33535 19232
5408 56636 19232
62786 46648 79084
60602 32416 19232
63744 85180 19232
264 28089 19232
66130 87599 19232
39323 73516 19232
30557 15720 19232
15259 75197 17149
90514 83941 19232
19873 81706 10914
28002 7967 15757
42990 42320 88565
98504 27761 19232
67190 27540 19232
18913 88791 15757
91958 6195 88565
8261 85897 88565
63437 89426 15757
10616 44468 15757
56136 84625 19232
82535 63744 88565
24408 42931 19232
57011 40224 19232
98748 6466 19232
64046 6975 61171
44648 70942 19232
29197 64975 19232
2739 22838 19232
46648 29114 19232
62220 2931 19232
83521 93373 88565
6928 81057 10914
45985 43812 15757
67190 17753 10914
65351 35138 15757
4034 7133 19232
71792 5852 32089
23525 28884 15757
83303 11932 19232
83752 37051 19232
84803 33303 19232
25005 4034 19232
60526 38783 19232
47985 5408 19232
6307 84625 10914
5301 1120 19232
21198 28455 19232
70373 55028 88565
50856 71412 19232
60367 72476 19232
66238 1180 19232
32056 45005 15757
61319 88565 88565
19232 6940 19232
96093 70291 19232
60611 90551 61171
60602 41941 19232
56636 75735 61171
9158 52837 19232
84112 91958 19232
76338 41205 19232
58404 15684 10914
20484 19464 15757
1575 63583 10914
2376 15720 19232
97907 85881 10914
39275 32013 19232
36552 41941 71262
46929 88469 19232
23908 68989 19232
62786 64362 61171
22430 95992 26555
88533 30928 10914
1998 57503 10914
9425 45788 88565
39987 71412 19232
61181 41240 61171
66618 24221 61171
91480 68801 19232
77988 71754 10914
96093 61785 61171
56664 46835 15757
1052 80677 10914
63761 62434 19232
64362 28492 99847
85872 39323 15757
17753 84112 19232
90289 8812 19232
52442 40498 88565
21649 46893 19232
89207 5408 19232
69027 63658 10914
94067 24153 19232
41915 47450 88565
36523 83303 19232
6520 84519 15757
55805 53386 10914
47450 15649 19232
59872 60602 19232
66709 78101 15757
35807 91484 88565
83900 60752 19232
57689 42931 19232
26006 71792 19232
29114 87717 15757
27803 42873 15757
44338 8625 19232
15274 51114 19232
53266 46893 61171
27250 45828 19232
28884 41904 15757
63261 21649 19232
91279 45788 19232
97227 90557 32679
88791 84268 15757
15757 47137 15757
49467 66159 19232
40224 95091 15757
16619 30586 79084
89414 42901 19232
55805 40335 10914
69946 78121 19232
42931 34731 29116
71546 79874 19232
45493 43396 66709
57387 521 10914
62410 76813 10914
9107 56223 15757
46929 56380 61171
31299 69144 19232
44373 18415 19232
52148 88864 19232
83303 8938 10914
62005 38723 61171
97479 78049 19232
37077 82535 10914
95192 66701 19232
95213 69144 15757
66110 97571 19232
66414 13472 79084
94748 18995 19232
86708 51360 26555
98661 66207 19232
3056 52535 19232
16898 19541 19541
88791 95430 19232
62313 75035 10914
84759 69435 15757
69027 76248 10914
11876 34778 15757
94719 57705 26555
16731 97525 19232
54008 42931 19232
917 15918 76893
28358 11448 88565
58244 25849 76893
98348 83752 19464
15684 15720 19232
87795 13368 88565
79928 3056 19232
27444 67274 19232
93477 27100 79084
63790 97958 88565
96349 89207 19232
36447 51237 15757
19873 87717 88565
13548 22430 15757
70020 40611 61171
39967 79952 13368
74177 65185 19232
79020 76893 19232
58793 64046 79084
13554 84004 88565
84996 15406 91103
93310 36728 19232
1575 74454 15757
46333 18913 19232
13368 33488 19232
79020 44373 15757
55852 95732 15757
93477 54599 61171
13368 8773 88565
6400 49467 19232
97958 587 10914
58244 61873 19232
65981 72930 91103
20494 7890 19232
5382 53458 19232
93416 9125 19232
6363 10787 19232
38099 68139 19232
98661 50249 26555
41977 98748 19232
19541 66216 19541
80307 39227 15757
42932 63790 19232
80765 63464 19232
21312 9864 19232
40679 36168 15757
58181 51970 19232
37393 6940 15757
2404 19421 19232
1120 27803 15757
8165 25164 10914
63761 19873 19232
43983 30696 36447
66905 22900 26555
56136 7967 19232
521 21198 10914
14467 6929 88565
94067 82535 15757
22593 63658 15757
26047 44468 15757
62434 4434 10914
14865 50541 79084
13548 49533 15757
74088 25818 15757
74556 77914 88565
22748 60611 19232
61319 65418 19232
5301 67610 19232
26822 64046 19232
29197 19420 19232
43371 45985 19232
68801 70907 19232
66030 94997 19232
88791 92792 19232
10943 43396 19232
52148 68989 19232
68708 57187 19232
42901 3715 15757
42873 62220 19232
8261 24225 15757
43288 47986 15757
64046 83303 19232
11153 6195 19232
77175 31397 19232
5259 10616 19232
26430 77036 19232
22900 30557 10914
88334 11932 19232
28815 89135 15757
77749 57158 19232
47986 97081 15757
94748 27908 19232
47104 79164 19232
19894 40679 19232
10569 22838 19232
90514 29114 19232
62005 32056 19232
90004 42873 15757
57531 89505 88565
27444 47450 19232
79874 6975 19232
81057 23525 88565
94903 40335 10914
67885 74556 19232
75826 19581 61171
33488 88791 19232
68139 37051 19232
27291 11537 19232
79190 28077 79084
84519 52535 88565
84759 23837 15757
80307 85897 15757
21065 1120 19232
88469 1214 47137
3904 90289 19232
19873 31521 19232
71412 19464 19232
56636 79164 61171
23047 10638 19232
38673 15536 19232
54008 67920 19232
20494 35807 10914
11153 19503 61171
88232 80664 19232
62005 82535 19232
6629 6307 10914
69196 93373 10914
19541 66149 88565
69679 84931 10914
62005 15720 61171
57531 62120 19232
63261 56107 61171
60372 90289 19232
94997 80307 15757
1948 73193 19232
40874 74088 19232
6400 40611 19232
17149 32056 19232
40679 81706 15757
94761 54419 10914
39998 6299 19232
49467 57035 10914
58244 9107 19232
6195 97525 19232
8973 92864 79084
85881 52347 10914
68801 85881 15757
32822 79190 61171
1998 80307 15757
38099 40224 19232
27761 26822 88565
68323 4034 10914
39748 23297 29116
1998 18905 26555
52103 92731 19232
60372 16731 10914
69435 95430 19232
6928 30925 15757
30557 70090 19232
46648 37393 19232
44221 76293 19232
26822 84519 88565
84759 72162 15757
51042 89207 19232
99866 28358 88565
66627 19503 19232
70020 99036 61171
92458 71166 19232
90004 91103 15757
77389 18442 10914
21065 91014 76893
61510 45527 19232
79739 32013 19232
55092 29224 66709
74088 24428 19232
89665 630 19232
64440 10914 19232
54023 52246 19232
35550 51114 19232
55542 66110 19232
70172 29116 19232
28492 15406 19232
26330 20628 61171
57187 14657 61171
55845 97975 26555
26006 30557 19232
5591 38557 10914
1120 82925 15757
19464 24225 15757
99819 97975 88565
8818 19421 19232
80655 51324 10914
66207 42819 19232
31521 11537 55952
38846 96349 19232
6400 37051 19232
31397 25068 19232
18913 72476 10914
65682 28492 29116
61873 52645 15757
42932 97958 19232
28455 36552 61171
25005 39837 19232
76001 86846 61171
65682 61133 19232
89426 19464 15757
40224 11926 15757
21861 81464 15757
89596 52791 19232
62313 31299 19232
72726 57011 17149
94903 39712 19232
76293 15656 10914
53386 5301 19232
69196 71060 10914
12776 31647 19232
79 61510 19232
76809 69120 19232
88334 14467 88565
37119 62431 19232
1061 2404 88565
48648 51983 10914
46795 82366 10914
78751 83792 10914
44468 84803 15757
45005 96337 19232
89160 33517 19232
89426 34910 15757
40224 97907 15757
92706 59580 15757
62313 78503 19232
11976 14467 10914
72930 62431 32679
29114 10569 15757
45788 63761 19232
41205 23909 61171
67469 89596 19232
34865 74821 10914
69760 34507 19232
23005 90879 19232
59658 40119 19232
84564 68251 19232
11153 36447 19232
51919 77914 19232
29114 56586 19232
38783 30216 61171
78751 14742 10914
35191 63200 19232
55852 29114 15757
33405 1120 19232
82476 15536 15757
78049 64574 15757
81706 83355 19232
65163 27468 19232
95213 97907 10914
89361 88469 19232
86708 84759 88565
2739 57531 26555
6299 26430 61171
45828 85617 19232
88791 83521 15757
6307 94067 15757
41915 88533 10914
59873 97525 19232
62120 1061 19232
73283 41486 88565
66149 56436 19232
12776 38395 15757
74042 20956 10914
64440 8969 61171
20466 46795 10914
73193 11876 15757
46807 5382 19232
66905 56586 19232
2350 56586 19232
40724 76893 19232
80765 32104 19232
60093 59192 19232
66819 77749 19232
17468 84268 15757
79922 73283 19232
30925 78210 15757
74572 31960 19232
91279 47798 19232
89651 78031 19232
2404 40224 15757
21046 55028 19232
30774 89207 19232
95461 41915 10914
50541 49367 19232
81229 11926 19232
49467 96337 19232
87450 12586 61171
47104 66130 19232
48957 1120 19232
74177 39967 19232
34343 93605 19232
62313 264 19232
73206 93601 79084
29224 60611 19232
74103 8261 88565
61171 8969 61171
24250 15656 10914
80307 56664 15757
27468 21574 61171
46721 67838 32679
90951 435 19232
38395 77175 15757
89505 47798 88565
27100 61133 19232
31759 79084 19232
46795 51360 10914
66286 69870 19232
12776 12417 19232
29197 15821 19232
94719 11153 19232
32679 32104 19232
39967 21972 19232
35138 15224 19232
37013 49714 10914
92864 27861 61171
82196 93467 19232
32416 62410 19232
66854 40364 79084
71754 36694 10914
45005 18415 19232
82366 84519 84625
95347 19464 15757
11537 19873 19232
75800 67838 19232
55805 71166 19232
36552 84931 19232
21211 35191 19232
26330 63790 19232
37393 65981 88565
21198 64187 19232
23546 75197 19232
75035 70291 19232
66030 65351 19232
6466 35862 19232
535 31299 19232
88507 93477 19232
20074 79874 19232
62431 14590 10914
92731 40181 10914
32024 51970 19232
90514 74088 19232
6484 67408 19232
52535 7044 19232
35348 76813 15757
44577 73383 15757
47137 28656 15757
72096 35862 19232
9107 39748 19232
26330 34865 19232
2931 78049 15757
26862 12776 10914
89207 89135 19232
3715 81229 19232
96764 69144 15757
42932 32089 19232
29193 90551 19232
78121 43288 19232
97966 8089 19232
96764 47985 19232
65981 77914 88565
38338 26330 19232
75826 50541 61171
74572 51919 19232
64187 63530 19232
68801 98332 19232
17904 97081 15757
27250 39275 19232
63658 6400 19232
7890 33517 19232
93605 36447 19232
72843 49626 19232
13518 15656 15757
23837 47798 15757
97672 51919 19232
435 90557 19232
55952 52690 55952
37555 10587 15757
63530 82937 19232
25352 41240 19232
10816 15224 19232
57387 19420 10914
70004 64227 19232
87082 23908 19232
85881 57187 19232
41977 72930 88565
2348 62410 19232
61785 91480 39748
7967 630 15757
3904 15486 19232
63464 75735 19232
34576 8625 40498
65981 73206 19232
87212 30492 19232
46646 57387 19232
57503 52535 10914
15406 37119 19232
11976 19503 19232
8812 69230 15757
94748 63744 19232
27725 5408 19232
79602 94128 19232
24153 9967 19232
26047 37738 19232
47985 75735 71262
41777 6484 19232
43495 56636 19232
51360 34910 15757
15892 6629 19232
1926 46835 10914
75197 36728 19232
46646 57503 19232
75197 60093 19232
42282 51983 19232
58793 27803 19232
85000 48950 61171
40224 70291 19232
64742 13472 19232
84996 88791 15757
43288 11603 19232
54064 88533 19232
69065 37393 19232
66905 28435 10914
61510 48455 61171
91014 21312 79084
86639 32900 19232
72726 8156 19232
84004 96097 88565
53386 2052 10914
57158 41205 19232
60183 97571 64045
77167 65163 15757
56636 5852 19232
16446 65501 19232
43495 69767 19232
35862 10516 19232
88334 74088 15757
2404 33535 88565
48304 77749 19232
13472 23031 19232
61319 99342 19232
54008 26834 19232
13554 50856 19232
95430 28435 19232
26267 5382 19232
80282 24609 19232
28435 60093 19232
77902 64045 71262
62120 57011 19232
10816 33132 19232
63658 36694 10914
25136 59658 19232
68323 435 19232
72726 25484 19232
57035 66414 19232
84517 79415 19232
62431 66709 66709
68147 51237 15757
34507 21966 19232
5408 79190 19232
45435 90004 19232
91014 67610 19232
37555 82535 15757
5259 34910 19232
69120 630 88565
88507 48611 19232
51042 54023 10914
85881 45435 19232
90239 1891 19232
42931 40112 19232
52103 56223 19232
45568 81057 19232
42236 29012 19232
97045 72476 10914
55542 82366 19232
98348 66641 19232
74572 67920 88565
7044 98348 19232
72930 40112 91103
25894 9107 15757
40679 80307 15757
38441 36216 19232
5408 15656 10914
62434 50249 26555
19894 39275 19232
73283 46721 91103
78049 35537 19232
37738 7044 79084
38673 59580 19232
52668 10914 10914
80809 6027 19232
26862 5719 19232
71754 52690 19232
4802 27861 61171
56664 74177 19232
64046 42809 19232
50249 10516 88565
41777 73079 19232
63530 15892 19232
27761 89505 88565
91014 59514 19232
21198 41240 19232
50541 4034 19232
98332 57689 19232
72162 70291 19232
41240 83355 79084
73696 27803 15757
69870 19232 19232
28656 84803 15757
28492 11153 61171
31521 10943 61171
27808 88469 15757
48304 96429 88565
55033 89875 10914
61171 31276 61171
88469 24225 89426
84996 44648 19232
1214 94761 15757
54599 23047 19232
39384 29382 88565
67474 52148 19232
46500 39837 19232
99342 27468 61171
93467 84803 15757
11153 76813 19232
21649 35300 19232
31276 90879 61171
8107 26430 19232
39275 42819 19232
13554 16898 88565
97571 14406 19232
67240 63530 19232
78029 34731 61171
29197 25728 19232
84268 63761 19232
66618 95461 19232
96764 66853 10914
63878 77151 19232
38713 41863 19232
63261 96429 19232
83900 75197 19232
10914 52442 10914
75149 39748 19232
25894 62129 19232
38783 23047 19232
23546 87599 61171
78928 67240 19232
39384 71754 10914
8698 60372 10914
27861 28884 19232
65163 52602 15757
85324 32900 61171
88507 10943 19232
31521 29012 19232
9425 60752 19232
72726 65351 19232
28455 75505 79084
41565 88232 19232
46646 52602 19232
8165 25728 15757
45043 52246 19232
68708 38099 19232
96349 74103 88565
19464 62654 15757
56567 59873 19232
83303 49714 10914
22430 54419 10914
7890 12586 19232
38099 50541 61171
77511 90557 91103
21966 2931 19232
91014 3762 79084
75639 24250 88565
10946 79164 19232
74088 83941 19232
49091 68147 19232
11503 74821 19232
25068 30492 19232
55028 31521 19232
22593 62129 19232
15486 43812 19232
52103 83752 19232
30925 64187 19232
36694 23525 88565
65981 42873 88565
7967 40335 15757
43396 8818 10914
74572 4434 10914
15757 97958 15757
4802 26006 79084
10787 97975 88565
11926 50541 19232
94711 59873 19232
86766 8089 19232
26047 47774 19232
39967 13518 15757
30492 49714 19232
92458 38255 88565
69870 17468 19232
59658 59872 19232
52645 69230 15757
10616 82196 19232
19894 98348 19232
39384 14742 88565
84803 74612 15757
89505 26006 19232
28342 31276 19232
97511 43093 19232
97479 6940 19232
66159 71792 19232
93756 79602 19232
15274 84112 19232
42320 88469 15757
66701 8137 19232
54419 63583 10914
99036 8165 19232
80282 43184 61171
66207 48957 79084
62220 6940 19232
65353 10943 61171
99342 77511 19232
31889 77036 10914
35727 1052 10914
1052 76953 19232
65353 81208 19232
97479 76813 19232
59466 51114 19232
17904 31521 19232
22748 53828 19232
12409 44648 76893
49367 32013 88565
91059 65351 91103
83941 15259 19232
27916 97672 10914
16731 39765 19232
55197 40763 15757
38034 29116 19232
63530 33371 19232
97907 38099 19232
66238 36130 19232
37738 43561 19232
9125 90557 88565
14590 83792 10914
34669 77167 10914
69120 37738 19232
45568 41565 19232
14865 43288 19232
28066 57158 19232
59580 6299 19232
25484 82858 82858
75800 75639 19232
6400 78121 17149
35348 44373 19464
56436 79602 19232
67920 98748 19232
5382 28492 19232
6027 40874 19232
8089 20484 26555
35727 54008 19232
37077 96349 10914
72930 49714 88565
80765 75896 19232
94748 78049 19232
82231 88469 15757
25352 47985 19232
80655 72843 88565
24225 18995 15757
39837 75896 19232
88565 24250 88565
73383 91014 19232
44850 42282 19232
21046 36130 71262
40679 79928 19232
10587 76001 19232
90551 94610 19232
40679 40224 15757
29012 10943 19232
77175 76293 10914
68139 8773 10914
42901 14865 19232
40119 16446 19232
11448 41147 19232
21966 60093 61171
47137 33405 19232
82196 4802 33786
74454 20494 15757
2376 97511 19232
1926 77760 15757
67240 35138 19232
39227 40498 40498
75662 16731 19232
72416 55845 15757
20628 7691 19232
58244 52690 79084
94903 99097 88565
74556 26555 88565
28066 6940 19232
37555 1891 15757
99097 40181 88565
44338 85872 19232
67050 10587 19232
57705 27250 15757
14657 24153 19232
15649 32765 19232
33786 82858 8156
9125 5719 19232
38395 26862 15757
46795 48611 19232
44321 71792 15757
96764 41915 27291
84112 29382 19232
8107 11520 88565
93756 44321 19232
77749 35138 19232
20494 59699 10914
44468 8729 15757
31397 46721 19232
8089 40335 10914
79164 535 19232
28164 30586 79084
79 16446 15757
76953 86205 61171
45493 1180 19232
95992 15259 19232
34343 264 19232
30212 67469 19232
15656 23908 15757
30557 40498 10914
61015 51324 19232
40364 6299 8156
34778 9158 15757
27444 56636 61171
41977 25818 10914
50096 59580 10914
51360 5301 19232
84623 85897 88565
74454 40119 19232
59873 86846 19232
65981 45082 91103
62434 20494 10914
66207 11448 19232
66854 8611 19232
26822 99548 19232
79858 10645 19232
78157 89361 79084
92731 34343 10914
68323 65418 19232
38557 99866 10914
42990 10645 10914
34343 55952 19232
62220 93416 79084
24225 32037 19232
39748 71546 61171
28455 21312 79084
31889 91059 10914
83355 1948 61171
36133 69230 15757
435 59873 19232
8729 12417 19232
11537 1180 79084
38557 17330 32089
21030 23005 19232
2348 80307 19232
92735 82231 88565
94610 36634 15757
91484 85503 19232
15259 67474 19232
91699 57187 19232
36523 5408 19232
26862 21966 19232
62220 86846 79084
86443 35537 61171
1948 46648 61171
95992 55805 55805
51360 6400 19232
14610 6363 19232
24153 1335 19232
36130 20956 19232
8156 22041 19232
32900 14657 29116
1335 92982 19232
89207 9425 19232
24225 8969 19232
73696 58244 19232
77389 9425 88565
57387 60752 19232
73426 21861 19232
20466 9107 15757
7890 6619 19232
87450 29224 19232
59466 2931 19232
75149 11976 10914
57158 69065 19232
91103 2404 88565
27444 16619 61171
34669 30928 10914
25136 9125 88565
1998 43983 15757
11153 3848 19232
5591 85000 19232
84996 93373 91103
95091 82633 19232
89505 97966 19232
72843 72930 88565
90978 18415 61171
25849 17611 61171
54064 68107 19232
35727 42819 15757
56586 75505 19232
264 5408 19232
70172 45985 15757
66030 6307 19232
64045 69760 61171
85863 92458 15757
40611 85180 61171
31276 79190 61171
14467 75320 19232
77036 59192 19232
2147 87599 19232
69767 46998 19232
46998 17468 15757
67474 27540 79084
28358 79 88565
76809 30696 19232
67838 99342 19232
26006 40619 79084
20628 2476 79084
11520 38846 19232
85881 21211 19232
65185 34669 19232
95959 94914 19232
30586 8938 19232
6195 36133 88565
97975 90514 19232
64045 76427 64045
96349 41544 19232
60367 56107 19232
28492 2376 19232
75320 58404 19232
16898 15536 15757
50134 60183 61171
98286 27100 61171
41993 31299 17149
98097 11926 88565
37077 56136 19232
90879 29224 19232
31863 50164 19232
84996 6195 88565
28455 47985 61171
38255 12776 10914
37051 55952 61171
35874 14590 10914
35807 26862 10914
77902 22593 19232
57353 14742 88565
41915 69230 15757
56249 5852 19232
56636 76893 76893
59466 57011 19232
10516 59704 10914
32900 29224 19232
98661 67190 10914
13384 72726 19232
8969 35727 19232
81347 97525 19232
57187 73797 19232
63261 88544 19232
27803 68139 15757
75662 89875 19232
92982 94914 19232
32679 66819 88565
40874 6629 19232
66414 70090 61171
60093 29382 19232
59658 69760 61171
82858 34669 19232
66216 83355 19232
41486 93416 19232
2147 10616 15757
46646 94711 19232
57705 47450 88565
64046 70020 61171
27761 46721 88565
24250 80765 19232
54008 75035 19232
43288 51983 15757
37051 28815 19232
28089 50096 15757
12409 6940 19232
28656 77389 10914
27916 64045 19232
80677 60183 19232
55542 57503 19232
15649 84112 19232
82196 40724 19232
27291 3056 19232
37119 36447 19232
37622 8969 19232
55818 13548 15757
48218 43983 15757
62385 90004 19232
30203 2147 15757
40498 16731 10914
72843 59704 10914
22017 26430 19232
67885 68708 19232
86443 521 19232
19657 51042 15757
52837 43288 19232
39712 46807 61171
33405 52602 19232
45043 15821 88565
21030 28582 19232
68233 11382 19232
97672 35348 15757
69946 13368 10914
51237 44648 19232
22838 19503 61171
48648 78751 10914
82491 15918 19232
1872 97525 19232
19232 55197 19232
40181 94903 91103
38034 21046 19232
57011 32765 19232
8121 66618 19232
82535 87090 15757
17926 39275 19232
34171 73516 19232
94914 15684 10914
46795 38395 15757
76248 70172 10914
15720 35550 8156
90551 50164 99847
45788 8261 91103
88791 89665 19232
63464 9967 15757
72162 32089 15757
24153 11503 19232
10738 6363 61171
18442 70373 10914
28342 91484 88565
21972 84275 19232
15892 85881 19232
2660 77914 19232
43495 76893 19232
11520 28815 88565
64187 6400 19232
66216 78751 10914
43983 28656 15757
22838 38099 61171
78157 53828 79084
1061 41863 19232
10516 81184 15757
75662 77389 19232
2348 11876 19232
71060 48950 19232
55033 31299 19232
52731 92982 61171
63878 79190 79084
90978 21065 79084
62431 59466 19232
8698 79739 19232
13384 45649 19232
8973 59466 79084
69435 41863 19232
4468 88565 19232
17904 87090 15757
22041 72680 10914
69767 3715 19232
31521 86443 79084
28077 3904 19232
39748 73516 19232
6027 92867 15757
64187 55092 19232
94610 36130 19232
25136 63261 19232
65981 49142 19232
6940 70942 19232
42990 6299 19232
34760 41205 19232
94997 56669 19232
63761 98097 19232
67469 57689 19232
83521 42901 26555
66854 90951 19232
74821 42320 10914
17926 435 19232
20494 38783 19232
58244 65351 19232
63744 75639 26555
13472 85324 8156
81499 46333 19232
33488 96337 19232
52246 85324 19232
19503 27725 61171
81464 29114 89426
14742 8973 19232
17611 17926 19232
28884 33303 19232
66414 89135 19232
43087 11718 19232
77914 1052 10914
53266 6520 19232
92458 36168 88565
14610 27808 15757
96349 60372 91103
66030 23546 79084
93756 24428 79084
85000 11603 61171
62005 43561 19232
79415 22593 15757
65163 32566 19232
31863 23908 15757
20956 46721 10914
95192 51042 19232
86639 60526 15757
13472 8121 19232
85867 64046 19232
58404 78031 10914
76338 67885 19232
31521 84112 19232
64975 82491 19232
30492 52668 19232
90557 96349 32679
47104 6520 19232
30696 69027 15757
50249 24221 19232
97958 6302 15757
94748 41777 19232
99847 52535 19232
28342 32024 19232
89651 96093 19232
91958 27916 91103
42932 48648 19232
74821 62129 19232
66627 76293 10914
90557 31759 10914
2660 41544 61171
23047 40119 19232
44468 84931 15757
435 66207 61171
66819 36777 10914
587 39384 10914
85324 87450 61171
49367 23525 91103
80655 38846 19232
7785 78210 19232
65163 92867 15757
62385 2376 19232
84564 46807 19232
41486 38338 10914
3715 8611 85863
5301 70090 61171
41565 22593 19232
95430 12586 61171
88232 40224 15757
66216 17330 10914
34171 59192 19232
75735 54782 19232
86708 48957 19232
77175 57011 19232
46998 69760 19232
22900 85867 25982
8089 6940 15757
93756 50655 79084
52082 57503 19232
42932 74088 19232
11448 55028 88565
27725 43371 61171
79922 77167 19232
10787 57503 10914
54782 12601 19232
56436 92864 79084
91484 46333 19232
26862 19657 15757
29197 70172 19232
67274 84931 15757
63790 91958 88565
48648 38395 15757
1926 72680 71754
78101 85180 19232
70291 56586 17149
92792 70090 61171
85386 93373 91103
69230 6484 19232
60367 90551 19232
44321 42990 15757
83941 32056 19232
90004 40181 15757
56586 5408 19232
29197 77389 19232
8938 15892 19232
65652 81347 15757
80765 95461 19232
90879 49626 19232
66819 74103 88565
67050 25818 19232
38557 76809 19232
79928 80664 79084
58639 95192 19232
25005 90514 19232
10516 95091 10914
69435 49747 15757
43561 97975 88565
34910 59699 15757
53386 82858 19232
67240 87212 19232
59580 32024 19232
75800 8261 19232
81504 10914 19232
52103 27861 38783
33303 37393 19232
33594 63464 19232
38255 90951 88565
6484 17904 19232
77175 46648 19232
28435 67408 15757
34736 42901 19232
42282 31600 61171
27803 46893 19232
99036 29382 19232
535 82491 19232
97081 45435 19232
90318 15224 79084
85386 18415 19232
22430 47986 88565
32900 4034 19232
42990 61133 19232
70172 89710 88565
77151 70172 88565
41863 40119 19232
19503 95347 19232
21211 11718 61171
41205 81499 19232
10787 59704 10914
3370 32765 19232
81464 23297 19232
51324 39967 10914
38723 28002 19232
36634 84275 15757
8818 52791 19232
91958 28342 88565
26430 61510 61171
34836 75896 19232
72930 66641 19232
1335 93862 19232
60526 10638 19232
81184 38034 19232
91014 30696 19232
64440 26330 64045
7044 73797 19232
93310 45493 10914
27540 84803 19232
12757 45082 91103
38395 36694 15757
28974 15892 19232
28435 59580 10914
435 19232 19232
75320 36634 19232
31889 46795 10914
3762 28815 19232
18905 17611 19232
36552 20484 19232
17468 90514 19232
99097 97958 88565
82491 25352 19232
17330 46500 10914
70907 44321 19232
1891 83355 19232
56669 1061 19232
67920 34507 10914
29114 61133 19232
77511 10943 19232
50655 37393 19232
76893 12601 61171
65652 35874 15757
54008 16446 19232
35300 96337 61171
88469 25728 15757
1120 7785 19232
41904 20956 10914
10616 75735 19232
5301 435 61171
89426 70020 19232
56136 74103 19232
12776 84112 19232
87082 19894 61171
88334 97975 88565
38673 27456 24408
16424 22041 88565
19232 68139 19232
83303 18281 15757
8156 41147 19232
6619 10943 19232
16898 84564 15757
49660 62431 88565
51114 93605 19232
88334 2739 88565
98286 39712 61171
51042 75896 10914
98504 44373 19232
94903 63658 10914
28492 73696 19232
6975 75505 61171
27908 82925 19232
5301 19894 79084
28164 92735 19232
76953 2348 19232
26555 22748 10914
64045 963 19232
68801 9864 15757
77036 1575 10914
75035 92706 15757
68107 67474 19232
5852 36447 15757
35300 47985 71262
56567 64440 19232
27803 93477 19232
43087 58793 19232
26006 37119 19232
47774 31299 19232
93467 11926 88565
66627 90551 19232
62410 435 19232
10787 38441 88565
80282 60093 79928
68708 84519 15757
2660 36168 19232
63261 60183 61171
61181 18043 61171
66030 88232 19232
69065 51237 19232
4802 54599 61171
35036 38099 19232
77175 94711 15757
62313 81208 10914
51187 40498 10914
40763 19421 19232
15757 71060 15757
83900 59658 19232
79020 79415 88565
27908 22748 19232
94914 75035 10914
45527 8973 19232
55845 51983 10914
45493 10569 10516
46721 20494 10914
13554 62410 88565
61873 76338 10914
66709 38441 88565
83521 89361 19232
51919 24069 61171
97045 80655 10914
93862 2660 61171
28342 26822 88565
52082 24250 19232
84004 71754 10914
23546 84996 19232
76427 26006 61171
70172 42901 26555
54419 44338 19232
85617 39987 19232
26834 74454 15757
80282 35191 19232
66853 31276 19232
50096 43396 88565
93605 40724 19232
28430 27861 19232
46929 94128 19232
76427 40335 19232
36552 58639 19232
81208 32013 88565
28435 4034 10914
32104 1120 19232
72416 80809 19232
44468 57705 15757
88565 41915 88565
3056 57353 19232
14742 57387 88565
33371 26047 26555
34760 17686 15757
94761 90951 88565
99548 75639 19232
39873 15892 19232
43983 32416 19232
11876 59873 19232
26822 19541 88565
84275 21198 88565
4673 25224 61171
52837 95091 19232
89596 13554 10914
35191 7895 19232
54023 92792 19232
4034 39987 19232
2052 5852 10914
32037 85872 19232
79602 93467 19232
77988 52347 66869
82196 80282 79084
13472 50856 61171
35300 37013 19232
83941 44321 19232
87450 10569 19232
10787 23837 15757
89426 5259 19232
3715 63530 19232
70907 64975 19232
46721 57705 88565
80655 97571 19232
31759 78928 10914
88334 15684 10914
38713 23047 15757
88830 44577 19232
84004 64227 10914
71412 75800 19232
54023 47450 10914
85507 71166 19232
38673 97511 19232
67408 30212 15757
18281 93310 15757
64187 75826 61171
62654 67240 19232
9425 38846 19232
34760 30212 88565
28974 44850 19232
71754 82476 10914
26267 51360 19232
68139 64187 19232
21030 1948 61171
65652 36168 15757
80664 76893 79084
77151 1335 10914
58793 4423 19232
32822 28430 19232
46795 15224 19232
12417 38713 19232
72476 38441 88565
42320 42873 88565
91699 27444 19232
89207 86169 61171
44373 19420 15757
98332 36130 71262
73283 41544 19232
74042 50164 19232
28358 28002 88565
8773 46893 19232
11718 16619 61171
19311 1575 10914
25352 79602 19232
23031 65185 19232
50856 32765 61171
60752 85897 19232
28582 40181 10914
74454 28582 15757
5852 44338 19232
90951 24221 19232
93467 58404 26555
82231 70004 19232
43087 13281 19232
19420 70942 19232
92735 56136 19232
19421 97975 19232
47798 25224 19232
77175 33303 19232
52442 73193 10914
73516 48957 19232
93601 6928 19232
79922 5259 61171
93605 26555 19232
75639 62654 88565
78503 61171 19232
1575 85897 10914
52535 5852 10914
68251 90978 61171
32822 67838 19232
60526 8818 10914
9967 7785 19232
5408 41777 19232
46835 76338 10914
55818 88507 10914
43812 27803 15757
20494 78503 19232
21211 27540 8156
95091 81504 19232
21046 15684 19232
96337 93467 19232
24250 7044 19232
55852 26555 26555
68801 80664 19232
52103 73797 19232
26006 36634 19232
52602 42901 88565
94711 21211 19232
28435 94997 10914
15274 57187 61171
42990 2931 88565
57503 24069 19232
19421 85000 19232
19251 2350 10914
45568 86766 17149
55818 41565 19232
38099 79164 61171
34343 42819 15757
85503 55952 55952
26430 51983 19232
90004 11537 19232
45493 69679 10914
66286 46807 19232
71060 55845 88565
35300 32679 19232
85872 1052 15757
88533 80677 10914
85867 42931 19232
84759 28066 19232
8625 84623 88565
8698 8812 10914
24609 41486 19232
22784 70907 61171
82231 72416 15757
15274 59514 19232
94914 85072 19232
27803 93601 19232
3370 22838 19232
11134 25136 19232
21861 99036 19232
63261 69144 19232
92867 68139 10914
92792 93850 61171
78751 16898 10914
72603 44373 19232
52442 91103 91103
34865 83521 88565
57187 44850 19232
77511 49747 88565
54023 28066 19232
90318 96429 19232
97045 30586 19232
93477 27468 61171
27444 17149 19232
34760 37555 15757
521 53386 66869
42901 44373 15757
49367 69679 10914
68801 98097 15757
27940 37738 19232
93373 14742 88565
30203 85867 26555
56249 67610 19232
16898 28974 19232
11134 88533 19232
20466 19894 19232
79602 77511 19232
90004 56567 15757
10516 30557 10914
64574 91059 15757
81208 22784 19232
68323 52535 10914
8938 10946 10914
61873 74572 10914
5301 54419 19232
55952 88565 19232
78503 53386 19232
90557 89426 15757
84931 54782 15757
91958 37622 10914
47137 63761 19232
88334 61015 19232
19873 52645 15757
28342 15720 19232
52148 86639 19232
96349 86708 88565
25224 31600 79084
66207 38673 19232
91484 53458 19232
40679 21046 19232
45043 36447 15757
66216 68107 88565
89665 92731 19232
89596 94711 15757
55028 71262 19232
64742 54008 19232
85897 43184 19232
32679 69679 10914
34865 32765 19232
66854 37555 19232
29197 41941 61171
63658 6027 15757
4673 88565 19232
14406 69468 19232
76813 28066 19232
84803 42990 15757
8938 6400 19232
97571 55805 19232
52574 67240 19232
39987 71792 19232
20494 81208 10914
2476 66110 19232
78503 60526 19232
37013 66286 15757
6466 15486 19232
14657 43812 19232
65163 33405 19232
77760 21574 19232
69468 84623 19232
31276 85503 61171
8773 22017 88565
18415 82231 19232
9425 65501 19232
587 58639 10914
7967 74556 15757
40679 22748 15757
73797 29224 91103
8089 85881 93467
42819 30696 15757
14742 85072 19232
6299 10516 19232
37393 28492 19232
77760 81499 15757
35036 94711 15757
18905 89160 10914
2476 83521 19232
44468 25484 19232
73206 66030 79084
90557 54008 19232
21649 68708 15757
36523 60611 19232
85872 78101 19464
97045 41977 10914
19420 21065 19232
99847 23297 29116
63530 19251 19232
62431 69144 15757
8938 65652 15757
75662 86205 19232
83752 72930 15757
71792 95091 32089
29114 55805 15757
44373 79020 15757
25068 12586 19232
33303 40679 19232
12601 30586 61171
39748 23909 39748
52837 78049 19232
33132 28430 19232
35550 10787 19232
74821 78503 19232
72680 27908 19232
40763 78751 15757
27291 8938 10914
67190 64440 19232
39227 8812 40498
52731 93467 19232
8698 51983 10914
1052 60183 19232
95091 60367 19232
90951 38255 88565
60602 34731 19232
87717 21198 88565
28492 82196 61171
94903 12417 19232
92792 66854 61171
31960 46500 19232
85881 39712 19232
27940 92792 19232
36447 40874 19232
45828 8261 19232
91279 36728 61171
1061 84623 88565
94711 62410 15757
75035 39837 19232
70373 89160 10914
59704 45527 15757
62654 44321 15757
57705 15684 10914
19581 91484 19232
77902 7691 19232
7801 36728 19232
8107 84803 15757
43087 33488 24408
49091 18913 19232
1998 12742 19232
65981 77175 10914
15649 79 19232
13472 96337 61171
11520 3056 19232
27861 50541 61171
35550 69196 19232
26555 63790 26555
72476 94711 15757
24408 18995 19232
35300 69870 19232
97672 29114 15757
43495 2931 15757
66905 17149 19232
66286 40874 19232
47774 4673 61171
36168 5719 19232
1891 84004 15757
20569 15720 19232
87717 59699 10914
49142 39873 39748
36447 69679 15757
64046 22838 79084
8773 37622 10914
6027 15892 19232
16071 23546 19232
24408 32566 19232
96349 41565 19232
97571 15821 19232
45082 73426 19232
26834 264 19232
74177 1180 19232
59639 82633 19232
7691 26267 19232
36447 81706 15757
92735 74454 15757
62654 10816 15757
6299 36552 61171
99097 63878 19232
55197 89710 66709
54008 15406 19232
95461 34865 10914
4468 2376 19232
9977 7710 66869
16446 27940 15757
19657 89665 19232
78210 55542 19232
1120 67050 19232
77914 3056 19232
44373 27808 15757
8625 66383 19232
97975 79020 88565
3848 66627 19232
8773 49091 19232
50249 8611 15757
40498 70291 19232
1120 16619 19232
17468 38723 19232
52602 66216 88565
20494 52148 19232
19581 46893 61171
91484 77036 66709
78210 31397 19232
1061 26862 10914
40619 57035 19232
32104 79190 79084
59580 28815 10914
89875 77389 10914
45435 67190 19232
3370 95461 10914
36523 26834 19232
21030 92982 61171
74556 63744 88565
93416 98348 19232
47701 65501 19232
435 24225 19232
27908 40224 19232
82476 16619 19232
41977 94761 88565
13472 60093 79084
96429 34910 15757
49533 98097 88565
55952 97045 19232
33371 91103 88565
37013 48957 19232
69870 60602 19232
94719 84803 15757
64742 84004 88565
27444 99819 19232
56669 1872 19232
32056 10943 19232
79190 71262 61171
1872 20569 19232
40119 96764 19232
56636 89651 19232
3762 29342 19232
90879 95192 61171
81229 34778 19232
85072 72416 19232
27916 42809 88565
93756 16731 19232
23837 40763 15757
56586 93756 19232
26047 41205 19232
1926 15649 19232
49747 50096 26555
85503 46646 79084
81499 35036 15757
53458 56136 61171
27100 67885 79084
50134 62313 19232
264 39275 19232
72680 17611 19232
59872 66905 19232
78031 84759 10914
57689 73206 19232
77914 46333 19232
21046 20466 19232
2476 54782 19232
47450 8261 88565
5301 80655 19232
6469 93850 79084
57503 42809 10914
96337 31960 99847
23525 42901 88565
87717 3497 19232
6299 97672 19232
56664 32056 15757
34507 28538 19232
57187 39275 19232
11760 52602 19232
35862 34171 19232
71262 33594 61171
31521 98348 19232
28089 35862 19232
56223 82633 19232
19894 7044 79084
90514 60752 19232
33132 80664 61171
36777 11976 66869
3762 66854 79084
68233 15536 15757
27803 16731 15757
38395 78029 19232
32900 20074 19232
66627 28002 10914
66618 51360 19232
31863 22900 15757
63530 33517 19232
56107 79084 61171
69767 11976 19232
63744 963 10914
64046 77036 19232
33303 50856 61171
44850 17330 17330
52535 67920 88565
18905 12417 19232
33535 15918 19232
25484 56636 79084
5301 3497 79084
65501 34343 19232
57705 65501 19232
21972 24221 61171
74103 69230 15757
63790 5408 26555
56249 22593 19232
2931 97081 15757
92864 77175 19232
2931 60093 19232
28089 33132 19232
97571 28974 61171
66627 79874 15757
79952 30774 88565
50856 49142 61171
27250 65682 19232
66641 18281 19232
40619 87082 61171
19503 57689 19232
12776 8611 15757
74612 63261 19232
25728 99819 15757
17149 85386 19232
66149 41863 19232
89135 72476 15757
93310 61510 19232
73797 83752 15757
10943 96093 61171
42809 39227 93467
6520 69679 15757
98348 35300 19232
28656 99847 19232
75896 13518 15757
78031 3762 19232
55197 45005 15757
39998 73516 19232
64742 98332 19232
78210 66383 19232
97511 20494 19232
69946 56669 19232
52645 25068 36447
28358 7895 19232
12776 90951 10914
4673 98748 19232
87599 61171 61171
50249 2052 88565
89596 15720 19232
34731 68801 19232
28077 72416 19232
66207 41863 79084
82937 15821 88565
49142 66709 19232
44648 35727 19232
38441 73797 88565
40498 16731 10914
93467 917 19232
27100 90239 19232
93477 85897 19232
86205 33132 61171
77511 42932 19232
89426 2052 15757
85617 77902 19232
75505 54419 19232
37622 93694 15757
55092 57353 66709
86169 1948 71262
917 84625 19232
47450 70004 19232
52246 32089 19232
9864 55852 10914
82366 33371 88565
10516 63583 27291
13368 30203 88565
85617 52791 19232
22748 85386 10914
56223 43983 15757
52791 98286 19232
69230 65185 19232
9158 28066 19232
98661 17611 19232
41565 51983 19232
20956 62654 10914
65682 13518 19232
72726 78751 19232
86443 32900 61171
70291 94166 19232
40335 44221 19232
41941 24221 61171
75896 28358 10914
49626 95461 19232
85863 40619 19232
20466 32679 91103
58181 93310 19232
73383 37051 19232
97907 89875 10914
57145 41977 26555
36133 49142 19232
28358 32089 10914
28358 66869 10914
19581 46795 19232
31600 69760 55952
36523 94997 19232
40498 42282 19232
25728 32900 19232
37077 72843 10914
83303 50679 19232
15274 65163 19232
61181 60752 64045
81347 27908 19232
81504 61015 79084
75826 94997 19232
59872 91279 19232
79020 57145 88565
7801 27725 19232
94711 48648 15757
40679 10638 19232
7895 68233 19232
13554 34836 19232
42809 63790 26555
52535 95732 15757
21861 46795 10914
52645 95192 19232
43495 57187 19232
90951 61171 19232
1335 46835 10914
36168 91103 88565
7691 56136 19232
27540 38099 61171
55952 36133 19232
28656 44468 15757
3904 66853 10914
36694 52645 15757
42819 25224 19232
85617 82925 15757
13548 61181 19232
91480 11503 99847
39323 64440 19232
38034 30925 19232
85180 6400 19232
52347 84517 19232
86639 43288 15757
39275 94761 19232
26330 69767 61171
33517 40335 19232
84759 98504 19232
36694 43396 88565
69435 28066 19232
88544 70004 19232
11879 38395 15757
61133 92867 19232
2376 81464 19232
33132 11503 29116
48455 15486 79084
88791 48218 15757
36552 51983 19232
75800 73696 19232
4434 77167 10914
25136 27725 19232
45005 62005 19232
21312 68147 19232
84564 86205 19232
19420 15259 19232
37051 6520 19232
60372 9107 15757
69435 15656 15757
51237 90318 19232
2404 48950 19232
26048 69767 19232
20484 97975 26555
48455 34171 19232
46333 52668 19232
16898 38338 10914
89207 96093 79084
72476 29114 15757
86443 72843 19232
63658 37761 19232
38034 56249 19232
24225 4423 15757
28358 28582 10914
78049 52690 19232
30492 39712 19232
56567 44468 15757
30212 28815 88565
55805 46893 19232
28582 77036 10914
31759 56223 10914
55952 85881 19232
32416 65418 79084
54599 2376 19232
65981 84625 91103
75808 8818 10914
1891 84275 15757
76813 98748 19232
75035 52246 19232
16898 79164 19232
87717 77389 26555
89160 25352 10914
1891 97511 19232
31521 43093 19232
11760 63761 71262
74177 63878 19232
88791 14467 15757
36552 65981 19232
80282 84275 19232
42809 76893 19232
52791 44648 19232
66869 16898 10914
78049 39275 19232
40112 75662 19232
8969 24408 19232
98332 36216 61171
40335 55805 10914
49626 51360 19232
34910 69435 52645
54782 62410 15757
62434 6302 15757
37761 41915 19232
44221 8698 19232
84519 75800 19232
57353 62786 19232
55028 86708 88565
67190 70020 19232
51237 80307 15757
19421 63878 19232
57531 41904 10914
41839 42901 88565
73516 69946 19232
87090 52690 19232
67408 61015 19232
31759 79415 10914
3715 19541 15757
35537 73426 61171
6363 46721 19232
95461 1214 15757
84268 97227 10914
35862 55033 19232
98286 535 19232
40874 41904 19232
1872 264 19232
73797 90557 91103
80677 19464 15757
35191 28435 10914
19311 10587 88565
18281 40619 19232
83303 12776 10914
69435 79602 19232
52837 6299 79084
47701 50856 19232
40364 34731 61171
95347 88469 15757
68989 81347 19232
18043 22430 19232
89875 45005 15757
47450 38557 10914
25818 58639 10914
89361 7895 79084
6975 73516 19232
32013 68989 19232
63744 5591 88565
50679 63790 19232
35807 9125 72096
13554 84564 15757
20494 65163 15757
8698 80677 10914
67885 39987 79084
40364 3056 19232
27444 35191 19232
52602 8729 10914
39967 12776 10914
29114 51187 15757
24609 69065 19232
11382 55852 19232
963 65353 19232
88232 52791 19232
25728 31299 19232
91014 43087 19232
630 97511 19232
17904 76813 10914
38395 17904 15757
88232 97081 15757
9742 66238 88565
11520 71060 88565
41205 63261 79084
71062 55197 15757
44468 9864 15757
87090 21649 15757
31863 39967 15757
28002 95213 65351
31276 42931 29116
71062 15406 15757
1926 61133 19232
18281 39873 19232
15656 1872 19232
11520 77036 88565
44648 15757 19232
46807 88565 19232
47450 66641 19232
76953 38099 61171
10946 54599 19232
85324 23525 19232
69144 75639 15757
18913 34507 10914
25068 82491 19232
70942 20074 20074
18905 7801 19232
89361 38783 61171
64187 38943 76893
70020 12601 71262
55033 82858 19232
1926 80307 15757
65682 76293 19232
6929 66030 19232
32566 52731 71262
11760 61873 19232
20494 15656 10914
66159 69027 19232
26430 535 19232
67474 42282 61171
10587 49142 19232
51919 42320 19232
45985 71792 15757
48611 69946 19232
44468 38943 19232
21649 82491 19232
63761 6940 19232
85503 16898 19232
14865 98332 61171
84004 2348 19232
16071 93605 19232
95213 90289 19232
27725 28656 19232
85503 32024 19232
72603 27250 19232
48039 49533 88565
56380 75320 19232
81184 52148 19232
72416 79 15757
77914 11382 19232
45788 1335 10914
68251 50655 61171
8165 76953 19232
3848 89160 19232
33488 8611 19232
19894 535 19232
98097 23837 15757
35537 6578 19232
36216 74612 19232
93862 88232 19232
25136 66641 19232
50541 63878 55952
36694 40724 88565
93601 6299 79084
6928 10943 19232
75320 14467 19232
19894 23031 19232
76813 79190 19232
16424 58793 19232
19541 52731 19232
79 98332 19232
24225 33488 19232
62005 16071 19232
53266 95959 76893
41565 63878 79084
73797 91480 19232
9125 75505 19232
74177 10946 19232
58404 27444 19232
91699 15406 91103
92792 3904 19232
96429 15649 19232
4468 7895 61171
96764 9977 10914
11448 6299 19232
521 27808 15757
63464 52246 19232
18905 5382 15757
55542 63437 19232
22017 7801 19232
29012 11153 19232
70291 32765 19232
72476 66853 10914
88533 17904 10914
9125 80282 19232
25484 34576 19232
47104 58244 19232
6469 41839 19232
1180 20087 19232
63261 17926 19232
32416 60611 61171
65501 18905 19232
27100 57145 19232
15536 73797 15757
10645 95959 19232
93310 51919 19232
53458 45082 19232
88334 88533 10914
84564 28066 19232
57503 40679 15757
34343 93862 19232
90879 1052 19232
10516 61181 19232
50541 82231 19232
68801 45082 15757
68147 15684 15757
45828 49747 19232
19581 75320 19232
15656 11603 19232
1335 55852 10914
93601 21312 79084
22748 6629 10914
26822 18043 19232
97479 88864 79084
8137 31397 61171
10787 97958 88565
26822 6975 19232
45527 30774 15757
55092 74572 66709
1052 91103 10914
30216 15259 19232
19420 66869 66869
35300 66159 61171
36523 84803 19232
6307 67885 19232
16424 19311 88565
46835 27468 19232
95732 91484 15757
41863 6302 19232
99548 10616 19232
61015 77151 19232
87450 37761 61171
84517 62786 79084
63530 52791 19232
45082 2348 19232
84519 11879 91103
9107 94914 15757
3848 21198 19232
44850 18913 17330
55818 31647 19232
21861 56380 19232
85503 49747 19232
36694 20484 26555
40498 4468 19232
20569 60611 19232
84931 11760 19232
28435 96349 10914
44338 64975 19232
82231 91484 66709
77036 26862 10914
93373 33594 19232
13554 22017 88565
70004 56249 19232
52103 39837 19232
89596 43983 15757
41486 39275 19232
71262 22430 19232
46795 45082 10914
22041 10943 19232
15649 66383 19232
39323 82231 88565
46795 21312 19232
11537 96349 19232
40763 1998 15757
40611 13554 19232
33535 69870 19232
55028 25352 10914
45082 1180 19232
57705 81229 19232
15892 85072 19232
51237 90879 19232
9864 77167 10914
49142 61171 61171
15892 86846 19232
34910 29012 52645
33786 56107 61171
25818 51114 32089
18905 99548 19232
95347 60367 19232
75639 25982 26555
46835 34343 91103
93850 60093 93850
65163 32056 15757
31759 68323 10914
31600 68251 61171
6928 62220 19232
89361 34171 19232
79602 66238 19232
40619 264 61171
38783 64046 61171
85324 84112 19232
16446 67920 15757
59514 28455 19232
630 57705 40498
69196 90004 15757
24428 88864 79084
48957 88507 19232
90289 84803 19232
64046 56567 19232
98348 83303 15757
32013 46807 19232
70090 63464 19232
31759 94748 19232
79739 82231 19232
19894 10946 19232
87599 19894 61171
33535 84625 91103
91279 66641 61171
39384 4034 88565
87589 17611 61171
58793 71754 19232
91699 19311 88565
82476 90879 19232
86639 9864 15757
61785 92867 19232
97227 83752 15757
25136 7133 19232
60183 39837 19232
57503 27250 15757
18043 96093 76893
15649 36168 19232
45043 92867 88565
54064 39275 19232
52082 6466 19232
70373 10816 15757
97081 92982 19232
65351 97975 88565
80282 69065 76893
81347 25224 19232
44338 32416 61171
41240 7044 79084
16446 53458 19232
11976 85324 19232
65185 47985 61171
83355 963 19232
41205 41977 19232
66159 68989 61171
6940 36552 19232
1180 11153 79084
44468 75639 15757
71412 75639 19232
57503 13368 10914
37119 84803 19232
88507 59699 10914
66149 62410 66149
78101 94166 19232
85180 7785 19232
31960 46333 61171
80809 6619 19232
1926 36523 19232
77129 99342 19232
98348 10516 15757
77129 26430 19232
24069 12409 76893
6928 99342 19232
88864 29193 19232
3904 38943 19232
81347 96093 19232
90978 47798 19232
60093 39384 19232
84623 87795 88565
25849 46835 19232
7801 41977 19232
8969 32822 61171
84931 71062 15757
83303 73383 15757
97081 46998 15757
14406 91059 88565
6520 38673 19232
8938 94719 10914
23031 47137 15757
66149 56380 19232
74556 65351 91103
67610 56380 19232
33132 92982 61171
21861 65163 15757
69946 79602 19232
41205 14865 79084
92735 52082 19232
52347 10914 10914
87212 69027 88565
15720 7801 19232
10738 50096 19232
90289 98332 64045
73426 91059 19232
66383 3497 66383
2376 14742 19232
98348 4468 19232
79164 25982 19232
78157 88544 19232
36130 5301 61171
23546 74103 19232
28164 917 79084
47798 7785 19232
39873 9864 19232
42873 19894 19232
91484 61133 19232
67610 55952 19232
50249 45043 26555
33488 70172 19232
11448 62786 19232
70090 97227 19232
25352 9425 10914
15918 17330 19232
83303 11153 19232
73696 57684 92458
84112 28582 19232
11520 70004 19232
63530 4434 19232
42809 42236 19232
7967 25818 15757
7691 42932 19232
64227 53266 19232
96764 64227 10914
15224 76001 61171
46795 95732 15757
40679 86639 15757
41544 26047 19232
79602 86639 19232
36168 24250 88565
32822 89651 19232
45788 69435 15757
25818 30696 15757
59639 2660 19232
42809 42320 88565
521 66853 10914
12742 9107 19232
15649 38846 19232
73516 4423 19232
8107 36216 19232
38395 22900 15757
76809 20956 19232
12776 89207 19232
91279 76293 19232
82491 7710 19232
65652 84564 52645
52668 36634 15757
70291 70004 17149
56107 35807 19232
69679 27100 19232
23837 86846 19232
4802 68107 19232
25068 9425 15757
59873 20087 19232
95992 13554 88565
12757 26555 88565
15918 28358 19232
10645 49626 19232
84759 52791 19232
32679 31521 19232
45568 27100 19232
93467 40498 40498
81706 75320 19232
94914 60526 10914
80307 97081 15757
59872 69120 19232
69065 72476 19232
39837 37555 19232
52246 9864 19232
38846 55818 19232
66030 70291 19232
24069 88791 19232
8938 88507 10914
83355 51919 61171
21211 7710 19232
83521 55845 83521
20074 52791 20074
84517 51324 19232
76953 12776 19232
41977 36552 19232
25005 42282 61171
2052 56586 19232
40181 53458 19232
9425 6195 88565
56436 41941 61171
17149 99548 19232
5259 38673 19232
61133 92458 19232
30925 32013 15757
75320 34171 19232
12601 59192 19232
85617 83792 15757
9977 28066 19232
1926 27540 19232
57158 94761 19232
57145 16619 19232
99819 44648 19232
28002 63464 15757
11718 28430 19232
41915 84564 15757
84759 587 10914
56586 1872 77129
26048 4423 88565
89505 25818 10914
21312 28089 19232
23005 63878 19232
86846 85617 19232
8625 66207 19232
22748 88533 10914
82231 51983 10914
80307 84931 15757
52347 6466 15757
61015 64046 79084
45788 52148 19232
69230 11932 19232
11503 82491 19232
46929 21065 61171
97525 50134 53458
56223 28492 19232
13384 25164 19232
15757 40874 19232
6629 64440 19232
46648 8818 19232
62120 6619 19232
61133 23005 19232
50856 75505 61171
35138 45649 15757
46807 40611 61171
67610 53458 19232
7710 2404 10914
82858 66149 19232
45527 56223 15757
23837 57035 15757
63530 59704 19232
82366 90514 19232
2931 20569 19232
6929 32037 19232
25068 35727 15757
72843 45649 88565
40679 29197 19232
55845 84112 19232
63530 87717 19232
82196 93694 19232
60526 28538 19232
72930 35862 19232
24225 66701 15757
6299 36168 19232
40619 99548 79084
91014 19541 19232
8625 57353 88565
63878 30492 19232
84564 2348 19232
36523 59580 19232
63437 90879 19232
97525 77988 19232
33517 75197 19232
75826 42873 19232
49467 47137 15757
70172 84623 88565
64187 8107 19232
38713 28358 15757
26267 27250 19232
18905 62129 19232
95192 97975 19232
23297 66238 19232
41565 83792 19232
51324 90951 10914
71792 13384 19232
34836 7895 61171
28066 52574 19232
77151 19581 19232
50164 34736 99847
67274 41904 15757
64187 80664 79084
60183 63530 19232
41863 71412 19232
50856 48611 19232
23047 73797 91103
12601 91014 61171
27540 23546 79084
47798 79164 19232
79190 77389 19232
13548 30925 15757
25224 11520 19232
28974 78031 19232
90289 57353 19232
61510 22430 19232
70020 12776 19232
34836 69196 19232
75826 46795 19232
49533 29382 88565
45043 38099 19232
38255 45788 88565
91103 66130 15757
82925 66819 15757
5591 55197 84625
50655 40112 19232
11926 48611 19232
15821 37051 19232
56380 94128 19232
8156 99548 79084
55805 72680 10914
47701 30774 91103
6307 88544 10914
30925 78029 19232
6299 26047 19232
97081 77167 15757
77175 2404 10914
35191 79020 88565
5259 85324 79084
77902 67885 61171
83303 61171 19232
34910 35807 15757
15649 68323 19232
61785 62005 61171
52668 49091 19232
80809 27725 61171
74612 24221 19232
66853 46721 10914
25136 28358 88565
63261 19251 19232
40119 30774 19232
39873 65351 19232
8969 38673 19232
62786 77389 19232
51970 28435 10914
29012 94610 15757
2376 93467 19232
45828 85324 79084
56636 52148 19232
83752 86639 15757
41839 84564 15757
521 27444 19232
68233 73283 15757
78157 6363 61171
71262 2147 19232
8611 7044 19232
22900 46893 19232
28455 35191 19232
37013 57705 10914
72726 69767 19232
43495 63744 15757
84004 31299 19232
90514 12776 19232
92706 37555 15757
27100 57705 19232
2404 91958 88565
48039 42320 88565
99097 27761 88565
68801 24221 19232
77511 24250 88565
20484 30925 15757
85503 86169 61171
4468 81464 19232
93467 38034 19232
6928 45435 19232
85386 77988 10914
42932 78751 19232
97975 20569 19232
84623 18415 19232
50134 95461 19232
28164 90951 19232
75662 73206 19232
13472 67885 79084
21046 58639 19232
28077 52668 19232
89361 21966 61171
26862 27916 10914
89505 57387 88565
65353 83900 19232
69027 70291 19232
1998 89160 10914
8973 62410 19232
8261 80655 91103
47137 50541 19232
34669 11976 10914
26822 45568 19232
1872 80809 19232
50856 6400 19232
73193 49714 10914
66701 64187 19232
38034 92864 19232
3762 1052 19232
32566 40181 19232
72930 28582 10914
48957 86639 19232
48611 13472 19232
89596 88565 10914
78210 41904 10914
90551 5719 61171
42932 3497 61171
65351 11153 19232
21861 18415 19232
97958 16424 91103
95430 34171 19232
76813 5382 15757
46646 91484 19232
94719 54419 10914
21966 12757 19232
40181 7710 10914
75639 31863 15757
4673 47137 19232
97081 74103 15757
86846 28492 61171
10943 25982 19232
40763 30774 15757
13548 64187 19232
79739 74103 19232
81208 60611 19232
43093 66709 19232
16619 15918 79084
27916 10943 19232
36777 66130 15757
85072 57531 19232
16071 60752 19232
16446 23908 15757
86846 52731 61171
30925 33488 19232
66627 10914 10914
39712 54023 19232
63790 5259 19232
67469 1998 19232
10645 60752 19232
36777 93467 10914
48648 24221 19232
31600 69767 31521
27916 19464 15757
94997 85897 88565
55852 39323 67920
81706 93601 19232
56249 88544 19232
84931 39323 26555
66414 91699 19232
88232 65353 19232
51324 4468 19232
535 81464 15757
71754 85324 19232
14467 29193 88565
79084 92706 19232
85180 15892 19232
90318 25849 79084
68251 630 19232
15892 99819 19232
81499 52574 88565
87717 60372 88565
28358 60752 19232
64046 49367 19232
37393 48039 48039
42932 85872 19232
52082 66130 19232
93477 93601 79084
56567 39967 10914
11760 73696 19232
89207 81464 19232
11760 88533 19232
16424 31299 19232
56107 37393 19232
6940 42819 19464
48039 83792 40498
86205 24069 61171
80677 85386 91103
25164 44850 10914
56107 21030 61171
80664 66641 79084
17468 66216 15757
83355 4468 61171
72680 3370 71754
19421 57684 19232
16446 18442 15757
66238 78049 15757
9977 28492 19232
97045 33594 19232
21574 35036 19232
41240 6619 19232
90951 23005 15757
87450 56586 19232
65353 1180 61171
69144 61319 15757
39275 4434 19232
37738 97511 79084
74612 37761 19232
74556 82535 27291
37761 68251 64045
45005 9967 15757
36777 10914 10914
77988 70004 19232
85872 630 15757
67190 44221 19232
87795 54064 19232
26267 69065 61171
61015 80765 19232
10914 75035 10914
82366 66819 88565
27291 27456 19232
70020 8611 19232
5382 2350 15757
43983 46333 19232
96097 6928 10914
19232 77175 19232
34731 16619 61171
65652 4423 15757
75800 57531 19232
27803 1948 19232
25982 56107 19232
27808 49714 15757
49367 52535 88565
86169 61171 61171
47985 79164 71262
29224 11718 19232
90551 70004 19232
72096 80765 19232
40181 94748 19232
70172 15649 19232
55952 66819 19232
26048 43087 19232
73206 8938 19232
31960 7044 61171
11876 32416 19232
93862 917 76893
85000 65185 61171
67474 35727 19232
15821 62385 19232
52082 40181 19232
40724 54008 19232
82476 93373 10914
46648 40611 79084
1120 56636 19232
43288 88507 15757
52246 17468 19232
55028 69468 19232
13554 47798 88565
8625 29116 19232
23908 6466 15757
41777 4423 19232
38099 31600 61171
47104 68801 19232
47104 79874 19232
67920 92731 10914
40724 36777 10914
30586 64742 19232
42236 44850 19232
32104 66238 19232
43396 24428 19232
28342 30492 19232
70291 38395 19232
32566 55197 19232
21861 56380 19232
46646 55542 61171
89665 43495 19232
83521 14865 19232
79084 60602 19232
21046 61510 61171
43184 67920 19232
14467 28455 19232
15224 24609 19232
36523 43495 19232
24408 28089 19232
62786 19873 19232
99342 28342 19232
77511 81347 88565
31960 95992 19232
15918 81504 79084
33517 59704 19232
28974 76809 79084
37077 6629 32089
68139 34865 10914
18913 13554 10914
33535 84625 91103
89426 76248 15757
98097 67050 19232
67885 15892 19232
36133 28066 19232
28430 12409 19232
16424 24250 88565
58181 96337 61171
52246 62431 19232
3715 59466 19232
75639 74177 19232
1214 90318 19232
45043 38673 19232
10914 34836 19232
85000 64742 19232
89361 41904 19232
535 63464 15757
98661 19421 19232
36130 17149 19232
29382 47798 26555
75320 27803 19232
66414 61181 61171
27468 70172 19232
45985 63658 15757
31889 72930 10914
92706 23031 15757
94067 86766 19232
27803 64574 52645
41839 78503 19232
71546 70373 19232
25136 22017 88565
84275 16071 88565
37738 8107 19232
68233 4434 15757
60526 28538 19232
7044 24609 19232
66905 89596 10914
46835 58404 88565
16446 42320 15757
70942 13384 19232
55033 33594 19232
84564 66853 15757
80809 51983 19232
8729 70291 19232
74103 69027 88565
1052 66853 82476
1891 55852 15757
67920 76813 10914
10946 35348 15757
81504 59639 19232
62654 8729 10914
60611 39384 19232
21312 28492 61171
47701 73206 19232
30928 81229 19232
60526 88830 19232
23031 25224 19232
20484 62434 26555
66641 5408 19232
82231 31889 10914
93467 39275 19232
66905 87599 19232
15486 32024 19232
66854 37738 79084
94711 46333 19232
65418 535 19232
47104 36634 19232
20956 31759 10914
55805 78503 19232
89710 77151 66709
25164 66854 19232
30492 17904 19232
31647 34910 19232
24153 73797 19232
88565 32056 88565
37761 9425 19232
28974 21972 61171
66159 46648 61171
93601 38673 19232
15684 77167 10914
93862 31521 79084
19311 95992 46500
41240 13472 79084
63658 88565 10914
35550 92731 19232
78499 66130 15757
91484 10569 66709
48218 72680 10914
49367 20569 19232
46648 63744 19232
11382 2660 19232
99847 80655 19232
4034 79922 19232
54008 92864 19232
89651 25728 19232
17686 46500 15757
56223 41839 10914
49467 83521 88565
79 65353 19232
43495 15821 15757
535 46721 88565
71412 71166 17149
94610 66853 10914
41205 20087 19232
32679 6484 19232
85872 4434 15757
5259 97511 79084
41993 62313 19232
85072 36728 36728
41777 71754 19232
17149 74103 19232
31600 83303 19232
82366 38099 19232
59658 55805 19232
8137 33488 19232
28455 88864 79084
60183 85872 19232
99819 34760 88565
24250 81706 10914
80765 8261 19232
40619 1052 19232
30492 21972 19232
18415 72162 19232
90239 55542 19232
8818 8611 15757
3904 75896 10914
99847 75149 19232
69065 27444 61171
79874 21046 19232
39837 91484 19232
65185 26330 61171
9967 9125 88565
79164 89596 19232
25849 29342 19232
62434 57158 19232
61171 97958 19232
2931 6975 19232
85867 29224 88565
84519 89426 15757
58244 79190 76893
21065 97045 19232
38034 77760 19232
57684 89596 10914
6027 6578 19232
65652 52442 15757
80677 1926 10914
59704 93416 19232
51324 48950 19232
40224 72416 15757
49714 55845 26555
18281 80765 19232
85863 2350 15757
8261 36168 88565
19464 88232 15757
53386 59699 10914
51360 27100 19232
76893 8121 19232
70004 75197 17149
48648 42819 15757
15224 79858 79084
76427 28492 61171
36130 36216 61171
50164 93601 61171
59872 79020 19232
68147 630 15757
77902 86169 71262
1120 36523 19232
79190 94748 19232
56567 72162 15757
96349 64045 19232
12601 97672 19232
67469 24408 19232
38441 73206 19232
21574 67274 19232
63261 7710 19232
16619 15656 19232
51042 84268 10914
535 95347 88565
55818 68708 15757
69679 9977 10914
39987 50679 19232
50679 81706 19232
21649 82925 15757
6469 52148 19232
84004 73696 84625
39998 50679 19232
92982 68233 19232
62786 20074 19232
52731 90318 61171
8107 76953 19232
35300 12601 12601
41977 3497 19232
20466 46648 19232
20074 88791 19232
67920 27940 15757
10516 51360 88565
47104 51983 19232
88507 28815 10914
19464 20074 19232
9977 31889 10914
15656 55805 10914
25005 8969 61171
23031 6520 15757
89665 535 19232
57503 75735 19232
91279 78928 19232
66238 29342 10914
73383 89665 19232
10516 99866 27291
52082 44321 19232
49467 95091 10914
56586 73193 19232
57705 95461 10914
27456 11603 19232
29382 66414 19232
45788 66216 88565
79164 47104 19232
6975 93694 19232
48611 8969 19232
49660 57145 57145
64227 18442 10914
7895 6928 19232
97479 25352 19232
23909 62120 39748
8137 69027 19232
74556 28066 19232
53828 83792 19232
77511 42931 19232
72096 18281 15757
49467 84268 10914
94719 85507 26555
58244 2660 61171
41839 65652 15757
42320 89160 10914
84564 10569 15757
3497 75735 61171
38338 38943 19232
44338 24428 61171
19251 10645 10914
66627 38846 19232
47104 28492 19232
68323 92864 19232
83792 74572 88565
11876 25818 15757
75896 62313 10914
69120 54064 19232
66627 1891 15757
93467 15649 19232
85386 48218 91103
6466 95430 19232
6940 39227 15757
66701 54599 19232
22017 8729 10914
2348 79415 19232
48957 28077 79084
35874 97511 19232
93467 17611 19232
9158 63878 19232
79020 61873 10914
36130 85872 19232
43812 8156 19232
2931 66216 88565
74572 17926 91103
75149 93850 19232
20956 51919 19232
69946 43561 10914
86443 89875 19232
11718 45568 19232
11603 31863 19232
80655 92731 10914
81057 23546 19232
99819 15649 19232
6302 93862 19232
99819 75896 10914
68323 14590 10914
52082 65652 19232
61171 52668 19232
11976 46807 19232
27250 46893 19232
66130 535 15757
32024 90879 19232
43087 35300 19232
27861 90514 19232
25982 39748 19232
28066 66216 19232
18281 36216 19232
71792 34171 10914
65353 73696 19232
78049 21574 19232
1575 22838 19232
38034 51983 19232
96337 6484 19232
75896 6940 15757
94719 83521 83521
78049 85881 15757
8729 8121 10914
75662 67885 19232
49714 75896 10914
81057 14590 10914
30557 11718 19232
28582 35807 10914
74088 77760 15757
19541 79190 19232
9107 87082 19232
17611 62434 19232
42873 86205 19232
91480 40724 19232
36694 27908 19232
84759 19873 91103
24221 82858 79084
8938 15224 19232
43812 38255 10914
49091 50541 8156
15720 51237 19232
39987 17753 19232
73206 8107 19232
16424 19657 15757
49660 6469 19232
87717 31889 10914
28492 24069 61171
85863 32822 19232
68147 78101 15757
1872 65418 19232
73383 79415 15757
16071 30925 15757
88533 88791 15757
84803 40724 15757
34171 33594 19232
10738 47450 19232
63464 54419 15757
56136 66905 19232
9425 45043 88565
96429 39227 40498
65501 81504 79084
264 95732 19232
29197 64574 19232
51360 63583 88565
96337 8156 61171
73426 97525 79084
84625 97525 19232
58244 16071 19232
97966 55805 19232
27908 97907 19232
62120 44577 19232
58181 15720 61171
65353 43184 61171
2376 82196 19232
14590 21972 19232
2660 13548 19232
56636 51970 19232
63200 75800 61171
3715 41863 19232
72930 15918 19232
17468 10943 19232
12757 14610 27291
27861 3848 19232
20628 36634 19232
51114 66110 15757
81464 28066 19232
84519 11520 88565
12776 57689 32089
1998 76427 19232
22748 60367 19232
40112 13554 88565
80307 30203 15757
31299 41977 19232
95959 91480 61171
90514 74612 19232
88533 75896 10914
9425 57187 19232
93373 47450 88565
48611 15224 19232
21861 63464 15757
78751 40679 15757
39837 99548 19232
93601 15259 19232
15274 79602 19232
62434 8165 10914
74556 78049 15757
6299 45828 79084
435 44577 19232
76427 10914 19232
22900 35727 88565
99342 61133 19232
69679 93601 19232
6307 17330 10914
15757 8625 15757
40364 36133 19232
30774 5259 19232
66905 94128 88565
53458 19232 19232
58639 59873 19232
12776 27808 15757
43561 78029 19232
7895 25894 19232
39748 60526 19232
52347 31521 19232
36777 6307 66869
42932 40679 19232
83355 42990 19232
69468 6928 19232
52246 25728 19232
32822 22838 61171
97907 41777 19232
14590 77129 19232
79928 74572 19232
74612 32765 19232
47450 66709 88565
66905 99866 88565
88791 66701 19464
29382 27808 15757
49142 79020 19232
21649 13368 10914
93416 1948 61171
69767 82633 79084
34736 63437 19232
49714 9967 88565
93850 72603 61171
5408 34836 19232
43087 72726 17149
28342 68107 88565
94761 20074 19232
6466 41941 19232
24153 31600 19232
69679 79922 19232
6975 54599 61171
81504 77175 19232
535 55818 26555
68801 46500 15757
72096 63437 10914
7710 95461 10914
75800 71754 19232
57145 63530 19232
92731 8729 10914
8156 88864 79084
2931 62313 10914
54023 87090 15757
24609 99847 19232
28974 33303 79084
77988 25728 15757
79922 47798 19232
56136 5301 61171
28358 85324 19232
14610 13548 15757
26862 7044 19232
82366 83521 88565
52103 99847 61171
41863 12601 61171
54599 60526 19232
56107 27291 19232
28077 45828 45828
55852 28358 88565
52668 65418 19232
84625 78157 19232
33371 91103 88565
35550 5719 61171
64362 73383 19232
57689 44373 15757
45527 41147 19232
74042 77175 10914
79190 13518 19232
22900 98504 19232
77760 28342 15757
12586 67190 19232
75639 38255 26555
9125 99819 88565
77902 66216 19232
70090 64362 61171
40619 7691 19232
95461 40224 15757
30696 34731 19232
50164 46795 19232
66819 70172 88565
12409 40498 19232
95959 56586 19232
27808 38943 19232
36552 91958 19232
52837 83303 19232
85897 71546 19232
65682 55818 19232
57689 40724 10914
40112 40119 19232
33535 11448 88565
55818 41977 26555
10816 92735 15757
64227 79602 19232
94903 92792 19232
84759 15821 91103
41839 95992 88565
68989 85881 19232
63790 68233 15757
57705 23546 19232
21030 35191 19232
5719 35862 19232
16071 63878 19232
21312 29114 19232
95347 32566 19232
49747 21966 19232
6307 42932 19232
8089 1180 19232
61015 69144 19232
23908 95347 15757
86443 57145 19232
22900 85507 26555
70004 45788 19232
97975 69435 15757
11134 6619 19232
5382 27444 19232
97227 31299 19232
10516 8611 15757
45568 88232 19232
63658 23047 10914
48218 60526 10914
85386 2739 88565
21030 76953 61171
38713 6302 89426
99847 50134 61171
55197 78121 19232
32566 79602 19232
51919 48218 19232
61171 2376 19232
46929 39998 19232
25136 50249 88565
74177 59658 19232
67610 57158 19232
29382 50679 19232
53458 15918 76893
64046 31759 19232
93694 88544 15757
10516 33132 19232
77167 2404 88565
30203 35138 15757
27940 31299 19232
90879 59872 19232
17468 52574 15757
34910 64742 15757
99847 10569 19232
2931 21065 19232
43288 89651 19232
42819 42320 15757
78928 50541 19232
38441 15649 19232
10787 19232 19232
27100 19657 19232
55952 24221 79084
10738 97907 19232
77389 9864 10914
87082 80655 19232
18913 8089 10914
56249 77914 19232
93605 76338 19232
39873 41240 61171
47104 22748 19232
76953 36634 19232
82476 81347 10914
88533 27908 19232
90951 41904 10914
90289 38783 64045
85863 40364 19232
31647 65353 61171
90289 88334 19232
84004 48039 88565
89414 55952 8156
37013 31299 19232
45005 59580 15757
13368 55092 88565
11503 40611 61171
97672 84275 10914
84517 59514 19232
24069 35191 19232
94903 73283 91103
82535 28077 19232
4434 11134 19232
2660 24250 19232
11718 28656 19232
84268 60526 10914
46795 82858 19232
78101 98748 19232
74454 59699 15757
64046 10516 19232
82491 15259 17149
14590 35348 15757
15684 56664 15757
79020 38338 10914
84275 30557 10914
41777 46998 19232
66216 18442 10914
75735 41993 19232
34736 62120 99847
74556 43396 66709
9864 91484 10914
41565 47701 19232
13518 30492 19232
88507 79164 19232
37738 44321 19232
70172 78157 19232
68107 14406 88565
76001 81347 19232
37761 21046 38783
16731 963 10914
10914 51187 10914
35862 56669 19232
96429 40498 40498
94719 92982 19232
35191 78121 19232
48455 40498 19232
38034 17611 19232
66869 13368 10914
81706 97571 19232
82476 7895 19232
8773 77167 88565
86169 1052 19232
15274 72476 19232
11503 62129 61171
44373 22838 19232
521 12417 19232
66819 10787 10787
45435 9107 19232
76427 25005 61171
36523 17926 19232
77175 81057 10914
79020 83521 88565
44577 11876 15757
43495 28974 19232
19421 65353 19232
68233 60183 19232
63437 27468 19232
42819 34576 15757
62005 77151 19232
28164 98332 61171
71412 61181 19232
51919 27803 19232
3370 39275 19232
48611 264 19232
73426 79602 19232
38846 94128 19232
55845 23546 19232
50655 34865 19232
30774 39712 19232
25164 38713 15757
74556 75149 27291
46929 77129 19232
11932 8812 19232
81499 32024 19232
74103 69760 19232
45649 35807 88565
7710 55845 10914
23005 17904 15757
92982 43087 19232
44468 66905 15757
2931 74454 15757
73516 66701 19232
13554 27761 88565
60752 53828 61171
27908 34865 19232
21211 62313 19232
77988 49626 19232
57705 89135 15757
5719 36216 61171
38395 52082 19232
10645 43184 19232
1872 62313 19232
88830 70172 19232
6975 23005 19232
31299 1335 19232
85072 45527 19232
29114 21649 15757
90557 19420 10914
32037 79739 19232
1948 3715 19232
31647 45435 61171
90318 42236 61171
23837 76338 15757
75800 30925 19232
11718 74103 19232
6940 28538 19232
78157 58639 19232
35138 62786 19232
71754 14406 10914
43288 17468 15757
72680 48218 10914
85863 32679 15757
51237 2147 15757
84759 6469 19232
3904 91014 19232
50679 86846 19232
85881 6469 19232
65163 1214 15757
65353 34778 19232
53458 49626 19232
10946 23047 10914
86169 52602 19232
65353 35348 19232
66216 52837 19232
7133 75662 19232
58793 74177 19232
2660 45043 19232
38557 10616 10914
85617 49747 15757
33786 98504 79084
86708 30216 19232
22430 21972 19232
34836 19464 19232
81464 43087 19232
52837 74821 19232
31647 41544 79084
99548 50096 19232
54064 36447 19232
7785 49714 19232
57387 66216 88565
83521 41240 19232
81347 72680 10914
31863 97907 15757
96349 19464 15757
65652 84931 15757
28974 65418 79084
15821 43495 15757
89414 14610 19232
57684 8969 19232
5852 2348 19232
7691 11382 19232
43087 64362 19232
68233 72476 15757
11926 87795 88565
97045 91014 19232
50856 12409 61171
51970 95992 88565
16731 30492 19232
82231 37738 19232
21211 27291 19232
93310 43371 19232
11537 75639 19232
12417 11926 19232
29012 66641 19232
78121 67050 17149
1120 65501 19232
32104 63790 19232
71754 47104 19232
89135 50856 19232
89160 67885 19232
66216 87589 19232
50249 99097 26555
51919 43087 19232
45435 48218 19232
79084 82196 79084
13384 64187 76893
49533 79602 19232
36777 435 19232
31299 68708 19232
75662 83355 19232
8979 52668 91103
41904 22748 10914
32056 89414 19232
34343 37051 19232
42931 30492 19232
20569 88864 19232
68323 28435 10914
34865 75035 91103
98504 34836 61171
84759 49660 88565
82231 28002 32679
63658 4423 10914
99342 62434 19232
54064 89710 19232
46998 66207 19232
36447 34760 15757
10516 35807 88565
88864 69468 79084
69230 88791 19464
73797 65652 15757
85072 77914 19232
87450 28974 61171
66110 98661 15757
81499 75197 19232
63790 41486 88565
22900 36634 15757
78503 77167 19232
25484 77749 79084
43093 62313 19232
85324 37738 33786
1872 57035 19232
38034 85881 19232
8938 83900 15757
39998 7967 15757
97045 71412 19232
40619 76893 76893
39227 8938 10914
21574 11382 19232
60093 6195 19232
6940 17753 15757
27291 96093 19232
72726 1926 19232
81184 31521 19232
42320 8089 88565
63744 7044 19232
17926 16424 91103
48648 60367 19232
56636 5408 19232
54419 12601 19232
37013 81464 15757
83303 59466 19232
38673 27456 24408
33535 71262 19232
17753 2052 88565
92458 79602 19232
69946 41839 10914
41977 41544 19232
10787 68233 15757
8625 21065 19232
76809 82858 79084
70004 43093 17149
13384 3497 79084
45985 31521 19232
52837 17468 19232
78121 98504 19232
93605 630 19232
11537 88565 19232
31759 53386 10914
73206 71262 61171
87717 58181 19232
4434 71754 10914
85872 29012 15757
71062 66853 15757
67408 32024 19232
38034 94610 19232
72680 90514 19232
77914 83941 19232
78029 630 19232
69760 30216 55952
66819 29116 19232
16619 40119 19232
48218 19581 19232
65163 28884 15757
7133 70291 19232
57684 88544 10914
50096 25818 10914
67474 81706 19232
25164 77036 32679
57145 21972 19232
66819 45527 15757
39837 49142 19232
25484 1120 19232
10914 90289 19232
10516 17904 91103
98748 27861 19232
62220 21861 19232
92735 27908 19232
13281 49533 91103
62129 47450 19232
31299 45649 19232
67240 8611 19232
45788 89135 15757
13384 88830 79084
24069 98661 19232
98097 24428 19232
40181 8625 88565
32679 70373 88565
65501 51187 19232
97966 21198 19232
34760 10516 88565
35862 15649 49626
12742 8137 61171
64187 264 61171
34865 90289 19232
23297 6299 61171
79084 37013 19232
90551 68801 19232
48039 25982 26555
27861 43495 19232
963 68801 15757
49142 75035 19232
52535 27291 88565
55818 49533 88565
39323 15892 19232
24153 91480 19232
56136 78499 19232
15656 87450 19232
6299 48611 19232
61133 13281 19232
75149 41863 19232
18995 6400 19232
67240 15656 19232
62410 94748 19232
13518 8089 15757
11718 92735 19232
66030 15656 19232
59704 35550 19232
60367 27250 19232
25728 5852 15757
77749 90951 19232
58793 87082 61171
19503 45788 19232
68147 19464 15757
15274 97511 79084
80809 85324 79084
89651 54008 24408
63464 51983 15757
57387 86205 19232
2350 66414 19232
11153 71062 19232
68801 82937 15757
57011 91279 19232
34507 66905 10914
65185 50856 61171
16731 11503 19232
79858 20074 19232
54008 44338 19232
22900 57187 19232
7691 8137 19232
52574 59873 19232
39998 85507 88565
64574 69946 15757
75320 52645 19232
65418 13281 19232
19464 42819 19464
58181 12417 61171
88544 34731 19232
31759 41904 10914
52645 89665 19232
55197 84803 15757
89505 8979 77167
67469 19464 19232
46333 93862 76893
97571 86766 19232
25849 39275 19232
81706 28066 19232
90978 32900 61171
6195 61171 19232
15259 95213 19232
19581 94067 19232
87090 28538 19232
5301 47137 19232
71754 42931 19232
74821 29114 15757
86766 32765 19232
41977 27808 15757
27808 27761 15757
45828 34171 19232
33132 15274 61171
83752 94997 15757
94997 93477 19232
81499 48611 19232
89414 69760 8156
61319 99342 19232
2404 52082 19232
86639 59872 19232
23546 88565 19232
30586 84625 19232
91699 85617 15757
84625 4423 88565
6469 78928 19232
87599 72680 19232
38673 90557 19232
87717 78928 88565
39873 10816 19232
42931 81499 19232
62313 37393 10914
39987 36216 61171
45005 66207 19232
6027 75896 15757
12742 82366 19232
58793 66207 79084
2348 34760 19232
36634 55845 15757
35300 66853 19232
56136 2660 61171
73696 26430 19232
59192 62120 19232
40119 36728 19232
15224 8165 19232
11537 19873 19232
40763 82535 15757
3762 79602 19232
81706 76809 19232
6975 78157 61171
56223 77167 10914
66286 23525 15757
77389 19311 26555
91279 90318 61171
94914 7133 19232
12586 28002 19232
24221 30586 79084
17611 59639 19232
27861 86443 61171
44850 75735 19232
40874 77902 77902
1120 90004 15757
15821 62005 19232
25005 78049 19232
14467 27761 88565
66414 6400 19232
37077 94166 19232
86846 45985 19232
62786 2476 79084
52791 96337 19232
41904 45435 19232
81184 90879 19232
94914 91958 10914
58639 46835 88565
97479 63437 19232
55033 90318 19232
36133 67050 19232
80282 17753 19232
13368 76893 19232
13368 66819 24250
99819 31889 10914
90551 84275 19232
66130 82231 15757
21030 30586 61171
32013 44850 10914
65981 20569 19232
63200 82476 19232
68139 48611 19232
95192 75639 19232
21046 49367 19232
16619 26330 61171
41904 8261 10914
48455 12742 8156
62654 66618 19232
92867 11603 19232
27861 33786 61171
72726 36634 19232
18043 84564 19232
30925 10914 15757
3056 77749 19232
15821 45435 19232
48304 8625 88565
87717 80809 19232
73426 85863 19232
7890 45788 19232
52731 45043 19232
57684 94914 10914
62385 26430 61171
56249 69120 19232
52442 31863 15757
9125 30212 88565
59658 11926 19232
25818 76338 10914
72843 59699 10914
25728 57387 15757
84517 63744 19232
46795 51042 10914
16446 31397 19232
28884 55805 15757
91059 78029 19232
88469 80765 19232
2404 50249 25982
14865 6929 19232
97966 38673 19232
77914 35874 10914
84275 6629 10914
44468 50679 19232
50134 66030 79084
59192 91484 19232
24609 91014 19232
5719 43495 19232
963 73193 10914
65163 27916 15757
11382 49467 19232
69230 97045 15757
28435 56436 19232
75639 44321 15757
87450 36694 19232
86443 30212 19232
72843 13554 88565
48950 42320 19232
52148 42990 19232
55818 6466 15757
61015 69870 19232
2052 75639 88565
23546 66853 19232
66149 93756 19232
31397 75800 61171
3715 87090 15757
78499 52442 91103
40611 11718 61171
51970 83355 19232
23005 31863 15757
55852 27250 15757
53828 38034 19232
65163 51983 15757
65682 45043 19232
92864 41240 79084
77036 27916 91103
58404 95430 19232
78049 19894 19232
37393 68708 15757
17753 41777 19232
37077 61133 19232
79928 2348 19232
17686 20484 15757
2147 38099 19232
26047 81504 19232
87599 9158 19232
77760 17926 15757
33535 2660 19232
18415 15536 19232
48648 64187 19232
30928 64574 15757
11718 46646 61171
1335 23908 15757
66905 6466 15757
75505 22838 8156
6928 86169 19232
72843 93862 19232
65351 79928 19232
18442 14610 10914
3762 28164 79084
75505 70004 19232
44648 6195 19232
84112 50249 19232
29382 92731 10914
20087 1891 15757
42901 75639 26555
23005 28164 19232
11134 38395 19232
92706 51042 15757
95732 76813 15757
91279 3370 19232
27456 38713 19232
65163 85000 19232
8979 48218 65351
66159 56567 19232
36634 31600 19232
19464 11503 19232
77036 37555 15757
38723 52791 19232
93477 52442 19232
37051 90978 61171
56249 18415 61171
1180 56223 19232
90318 97227 19232
8107 264 19232
16424 70090 19232
45527 2476 19232
2052 21312 19232
25224 30774 19232
57353 39227 88565
51324 93756 19232
32089 41205 19232
45005 1575 15757
69065 28342 19232
99036 91059 19232
36447 83792 15757
77036 29197 19232
74572 30774 91103
49714 30203 72096
99036 29116 61171
40619 59658 61171
90557 83303 10914
24153 52148 19232
98286 26267 61171
15536 55845 15757
10914 6299 19232
99342 19232 19232
66110 49714 15757
99036 82491 19232
25849 89207 79084
45005 72843 15757
61181 37393 19232
12586 88565 19232
27916 75808 88565
72096 71166 19232
13368 22017 88565
15684 25164 10914
62786 89665 61171
33517 34836 61171
1998 78928 88565
1061 28164 19232
97479 15536 19232
53458 66286 19232
77988 27540 19232
50164 90004 19232
78029 14406 19232
48957 12601 61171
95959 77151 19232
98286 15536 19232
31889 435 19232
96429 54782 15757
55845 52645 15757
52535 55852 88565
66286 85000 19232
14742 38723 19232
33488 76248 19232
3848 54064 19232
78499 22593 15757
89160 66130 15757
47798 99866 88565
84519 21065 19232
15224 55033 19232
66383 77902 61171
8812 81706 10914
36133 72726 19232
90004 85867 15757
56636 68251 61171
33786 19541 19232
16446 87090 15757
4034 44373 15757
78101 8812 15757
18913 41147 19232
38723 77511 19232
25352 85503 19232
70090 27808 19232
93605 99036 61171
77129 79858 19232
54599 49747 19232
79602 26006 19232
59704 22017 10914
50249 2739 26555
52148 66110 19232
78101 28430 15757
72162 97571 19232
87795 71412 19232
1052 24408 19232
52103 52602 19232
45788 5719 19232
42809 44648 19232
28066 91279 61171
60611 69230 19232
49142 91699 19232
18905 39275 19232
19657 74572 15757
56107 88864 61171
1926 68107 10914
48039 5408 26555
93862 46929 61171
63261 80677 19232
43983 66030 19232
72416 90004 15757
70020 86846 61171
521 49626 19232
44338 14590 19232
26430 5719 64045
32900 25728 19232
53386 37555 15757
18442 52731 19232
42819 97045 15757
66701 1335 15757
14590 22430 10914
27444 24153 19232
61319 62220 19232
69870 6629 19232
61873 19657 15757
23031 40364 19232
43983 63658 15757
85324 48957 79084
43983 72162 15757
41915 76248 10914
18913 84625 10914
6629 14406 10914
14590 76813 10914
45985 55818 15757
6578 59639 19232
81504 40679 19232
97907 264 19232
69767 59658 61171
41941 45649 19232
93850 2147 19232
32566 6928 19232
21030 19581 61171
48304 16424 91103
98661 26048 88565
59658 65682 61171
3848 59873 49626
53458 99036 79084
22748 62129 19232
14590 59872 19232
32566 56136 61171
97571 66709 19232
17686 521 15757
19873 97672 10914
30774 18913 10914
17753 12776 10914
80664 31863 19232
64362 11879 19232
9425 79084 19232
94610 88469 15757
62220 46648 79084
95959 51919 61171
26267 91014 61171
8729 49367 10914
13554 89875 10914
89596 65351 10914
77167 14865 19232
78503 55033 19232
84275 55805 88565
78029 85617 19232
55033 56669 19232
17330 77511 10914
66853 82925 15757
73696 93373 84625
74556 47798 88565
93601 41993 19232
7691 43288 15757
55033 77988 10914
18043 17330 19232
79 86708 26555
84564 8698 15757
52347 14742 10914
31521 89135 19232
12742 65501 8156
74572 15821 91103
30216 93756 79084
69120 13368 88565
52103 59639 19232
78029 77760 19232
8121 85867 88565
11760 48611 19232
38783 264 61171
6299 63261 79084
59699 65185 19232
15536 1214 89426
74556 45005 15757
46929 86639 19232
40874 55805 19232
54599 39748 29116
2931 68801 15757
46893 56436 61171
65682 60602 19232
84275 39384 27291
42873 34731 19232
81499 83752 15757
84517 48648 19232
15892 8137 19232
14742 46795 10914
59580 78503 19232
25728 32765 19232
72096 1998 26555
42901 56567 10914
37622 75800 19232
71412 60093 19232
37051 79739 99847
12776 30925 15757
40724 89361 19232
28089 20074 19232
80664 65185 79084
94128 6400 19232
11879 44577 88565
85072 59704 19232
79415 39987 19232
45493 15892 19232
70090 88507 19232
2052 72162 15757
69120 52645 15757
22838 86443 79084
36728 73797 19232
43288 9107 15757
39765 6940 19232
6619 99036 19232
59514 58639 15757
81464 29197 19232
70373 19464 15757
94748 4423 19232
50134 29342 19232
28089 8818 15757
16731 93756 19232
26047 67920 26555
66149 96093 19232
3497 66905 19232
37051 49626 19232
93477 61510 61171
30928 69679 10914
22748 95213 10914
29193 46795 10914
86205 24225 19232
30925 66905 15757
95213 92982 19232
60611 70942 19232
521 95091 10914
73193 6929 10914
17904 65351 77167
35191 73193 10914
85324 46807 61171
25818 63464 15757
1926 69196 71754
60611 85507 19232
6299 69767 8156
80809 8729 19232
7895 80765 19232
30586 53266 79084
21972 99866 19232
48648 74572 91103
10738 87795 19232
99342 96097 19232
47798 99866 88565
80282 587 19232
23047 25982 88565
93477 39275 19232
65353 17611 61171
15649 18442 19232
28435 24225 15757
7895 71792 19232
75735 49091 61171
12409 19420 19232
64362 83355 61171
44338 38034 19232
29114 94914 15757
38943 41863 76893
81184 82937 15757
51187 6629 82476
93310 82925 15757
40112 32765 19232
75035 18913 10914
10787 79190 19232
57387 54419 10914
18913 19464 15757
70172 19232 19232
11134 7044 79858
17611 68989 61171
32900 36133 19232
21972 59873 19232
21030 33405 19232
66854 22593 19232
66627 89651 19232
92982 57035 19232
32679 52574 91103
58181 87082 38783
61785 32765 61171
46795 95091 10914
66130 8121 15757
96337 75639 19232
76427 93756 61171
75639 66819 88565
65652 27444 19232
43396 60752 19232
29342 54782 15757
33132 50096 19232
62434 52535 88565
42236 52148 19232
14742 88864 19232
77175 66819 10914
76427 99866 19232
95461 19541 10914
66618 95461 19232
38783 10738 38783
52837 63200 61171
6195 66869 10914
35036 15918 19232
57035 25352 10914
56567 95213 10914
2348 5852 19232
21030 39837 19232
96097 42320 88565
29012 36130 19232
73696 85000 19232
87589 30774 19232
90557 75662 19232
74572 73426 19232
39873 28455 61171
28656 30203 10914
7710 35300 19232
71166 60372 19232
77389 39967 88565
49367 29382 88565
98661 63761 19232
49142 6363 29116
37119 8812 19232
41977 55852 26555
75320 56636 19232
35862 10616 19232
89414 89207 79084
12586 40724 19232
60367 68107 19232
59658 80809 61171
74572 99342 19232
61015 79928 79084
15684 39873 19232
35191 77389 88565
18905 72162 15757
1214 52668 15757
34171 8625 40498
91014 98097 19232
87717 45493 88565
44850 21966 19232
81504 29193 19232
8729 57187 19232
67050 2376 17149
39998 93477 19232
61873 98748 19232
42932 6195 19232
35550 78101 19232
17753 55845 88565
45005 52535 15757
84564 27803 52645
43288 9967 15757
6629 71062 15757
26862 73797 10914
16071 7785 19232
82491 79415 19232
42932 8979 19232
94997 71060 88565
77988 95732 15757
19311 93850 19232
8089 47701 88565
60611 39998 19232
10645 24609 19232
66110 58404 15757
38099 59873 19232
6578 41544 19232
15486 64440 61171
28002 6302 15757
49626 13384 19232
70291 6929 19232
40119 47985 19232
59704 89414 19232
64227 99548 19232
33517 88565 19232
62434 47137 15757
35862 15224 19232
10645 33594 19232
40119 89710 19232
54023 20956 10914
39748 60372 19232
41205 15656 19232
77988 24609 19232
27250 23908 15757
76001 16424 19232
25164 91014 19232
56436 40181 19232
2931 83752 15757
6520 59580 15757
63878 6975 61171
66216 11879 88565
17149 57011 17149
3370 87212 10914
82535 66869 10914
94748 34910 19232
11537 96429 19232
24250 42320 24250
39712 1335 19232
66383 27468 61171
85386 88334 91103
79874 41863 19232
81706 34865 10914
19873 47137 15757
25068 69679 15757
3848 69946 19232
10569 45005 15757
91484 31647 19232
68251 87082 64045
1061 66641 19232
23047 54419 10914
10946 19251 10914
2350 42236 19232
7691 46333 19232
60093 98661 19232
67838 25164 32679
95091 98348 15757
8773 70020 19232
23005 1180 19232
63261 66030 79084
68251 25005 61171
12417 67050 19232
72476 74088 15757
98661 20569 19232
57503 8137 19232
15918 84275 19232
24069 37393 19232
5591 88507 10914
91103 52645 15757
95732 45493 15757
28435 8165 10914
85000 10638 61171
98504 79415 19232
80765 19420 19232
86708 22748 10914
32024 61015 19232
36552 66383 61171
25484 54419 19232
31863 94903 15757
73383 65351 15757
23297 38783 61171
95461 78751 10914
72680 1948 19232
19541 66383 19232
79602 5719 19232
69435 33371 15757
12742 32037 19232
44577 72843 26555
61785 24153 19232
36634 21030 19232
52574 28002 91103
45527 73206 19232
41839 63878 19232
81208 66905 26555
59466 78751 19232
80809 24609 19232
35138 15406 15757
95091 8156 19232
6469 92864 8156
31521 42819 19232
69767 26048 19232
78499 56664 15757
76953 37761 61171
6469 95732 19232
19873 79602 19232
43371 38034 19232
58244 98348 19232
56436 53458 79084
20074 51919 19232
90551 69120 19232
15259 93310 19232
22593 15757 15757
91480 30586 61171
41993 78157 19232
63437 4034 10914
52082 99097 19232
85180 19873 19232
49467 62385 19232
9742 42873 88565
25982 36634 15757
27861 39227 19232
95192 69870 19232
94067 30203 15757
56586 99548 19232
38713 93694 15757
92792 69027 19232
79874 14865 19232
92458 47986 92458
10787 35874 10914
92792 81229 61171
5719 6484 19232
34576 94166 19232
35036 88830 19232
31960 66207 61171
94761 72476 88565
36523 61785 19232
94761 67408 15757
37622 535 10914
34576 4673 19232
41863 43812 19232
79952 38723 19232
10943 87795 19232
69870 88334 19232
25728 25484 19232
59699 41147 19232
