9 82 90
52 77 90
43 24 52
40 82 90
77 22 90
82 24 90
19 94 52
52 35 52
30 97 90
36 67 52
67 12 93
9 89 52
16 19 52
75 2 90
52 40 52
13 9 9
76 99 67
75 70 90
36 93 52
55 96 90
75 24 90
59 89 52
97 9 90
43 39 90
94 2 52
61 66 52
62 96 90
52 36 52
55 77 90
67 61 93
16 67 52
96 43 90
35 92 52
93 77 90
82 22 90
89 30 90
89 42 90
77 82 90
88 95 90
67 36 52
88 24 90
70 61 52
90 13 90
58 55 90
42 55 90
84 89 89
97 99 90
10 16 52
93 14 52
81 30 90
99 55 52
24 96 90
90 52 90
8 92 52
40 71 52
21 30 90
71 43 52
43 12 52
67 9 93
93 84 52
52 8 52
40 52 52
22 67 52
10 59 52
76 98 98
55 76 52
16 52 52
16 95 52
98 94 52
35 55 52
43 88 90
37 19 93
96 24 90
61 92 52
16 88 90
37 67 67
16 43 52
55 42 90
97 71 90
22 30 90
19 9 93
97 90 90
93 40 93
42 75 88
77 22 90
59 58 90
37 59 93
13 67 93
59 98 93
93 36 52
40 55 52
61 81 52
81 99 52
9 47 52
8 14 14
13 70 52
61 21 52
70 75 90
94 98 52
95 2 52
