310
360
162
223
107
167
235
56
335
139
23
492
147
171
423
444
200
72
144
156
12
108
72
129
256
477
96
286
27
196
15
12
291
228
242
16
402
141
370
461
189
437
158
31
108
60
176
391
108
21
273
35
368
234
351
20
376
447
485
226
67
297
145
55
120
244
450
236
356
142
194
351
337
452
181
380
221
405
395
97
421
382
455
134
26
171
48
263
132
367
265
101
316
102
90
381
171
78
369
434
109
16
412
50
146
476
262
227
46
479
18
327
192
379
257
246
499
6
131
132
214
123
229
500
66
326
427
165
120
147
350
285
489
207
400
192
491
447
121
311
36
233
174
201
249
313
388
441
263
271
84
471
91
394
326
61
395
396
424
237
384
402
109
100
7
246
141
359
473
429
316
237
404
308
131
458
314
250
56
457
371
159
224
328
204
96
285
418
64
371
54
490
352
420
430
7
163
327
84
329
31
394
428
461
344
495
200
200
15
146
31
382
438
170
384
452
163
330
178
214
438
341
91
398
65
29
324
37
99
413
312
22
367
114
216
147
406
291
229
230
175
73
203
26
2
33
457
210
286
306
153
191
375
272
169
187
54
471
461
67
248
264
80
28
308
235
151
60
317
417
231
376
9
173
78
138
423
461
482
498
205
277
44
481
67
196
261
85
373
146
336
57
246
384
214
349
81
9
495
276
473
173
125
382
373
167
205
144
23
256
481
