22 285
16 10 310
8 11 235
17 6 415
6 4 480
13 3 426
16 1 275
12 20 134
17 0 465
11 0 408
7 12 319
21 9 375
12 9 51
2 8 236
13 21 311
9 4 245
8 3 138
15 0 291
21 7 427
4 8 423
14 16 99
9 12 208
16 13 416
2 12 92
8 14 92
5 1 249
19 11 423
14 0 140
8 15 78
6 15 423
15 20 18
15 5 124
6 20 73
3 1 208
3 20 61
4 12 219
14 21 46
8 7 423
4 9 142
20 12 238
18 19 152
18 8 219
6 7 286
18 0 400
4 2 105
2 11 176
11 20 341
13 6 205
20 21 337
0 21 189
12 10 301
1 12 341
19 17 64
20 6 215
4 3 198
19 15 112
19 16 79
11 21 344
10 4 2
21 15 278
18 14 201
5 11 278
8 9 388
0 3 190
18 4 286
9 3 164
3 11 330
1 2 340
16 8 171
0 6 400
12 0 113
13 19 93
3 12 94
2 20 271
20 19 242
16 18 417
7 15 441
3 13 40
10 17 399
2 13 115
17 10 214
5 21 155
13 2 104
3 10 395
14 6 268
5 10 314
11 2 2
20 17 299
13 17 120
5 7 292
17 19 121
17 1 376
10 18 45
21 14 166
9 6 13
13 7 379
2 3 287
4 17 116
5 17 409
16 9 153
8 21 174
12 1 197
21 17 393
16 3 165
0 17 61
17 15 441
17 9 101
14 15 25
1 4 44
8 20 204
19 18 79
4 0 308
14 3 466
15 16 32
11 18 72
9 0 38
8 2 412
1 16 463
20 14 478
13 10 296
13 5 13
2 18 137
21 0 267
13 16 385
17 20 457
15 9 56
17 3 245
11 12 71
13 15 253
1 5 240
10 7 1
9 20 57
18 15 180
5 15 483
6 16 333
4 13 344
20 13 155
3 5 6
10 15 466
18 20 230
7 18 169
1 21 182
16 2 288
17 11 77
9 2 66
1 6 247
11 10 450
18 6 87
16 20 201
8 16 187
16 6 87
12 5 8
19 5 109
7 2 7
7 6 277
16 19 99
15 8 267
13 9 317
14 12 125
15 12 172
8 4 181
0 9 172
14 13 132
3 14 484
1 7 291
10 0 21
8 10 134
19 8 237
8 6 98
21 16 167
12 18 251
8 18 86
20 3 237
8 19 484
3 8 197
0 15 296
9 19 451
11 6 412
8 1 401
1 8 473
17 21 434
0 20 38
5 13 267
0 18 237
12 7 304
6 18 148
18 13 312
2 21 356
14 8 438
18 9 380
20 2 397
11 17 424
15 17 420
6 1 328
10 21 30
9 7 76
16 14 349
13 20 169
16 11 484
16 17 81
21 20 43
21 11 286
7 0 193
5 12 408
18 11 220
11 14 253
9 11 443
18 17 37
13 12 50
10 14 415
17 8 304
3 18 114
21 2 292
15 18 483
11 15 21
8 13 316
14 2 22
12 15 173
15 2 22
3 9 213
10 9 293
15 21 202
9 14 76
15 19 441
3 15 219
21 19 343
4 20 335
13 1 327
11 3 77
4 5 79
20 10 206
16 7 331
0 2 373
6 0 128
13 14 473
15 3 410
11 1 79
13 0 180
10 2 463
6 2 234
16 4 87
2 0 238
15 10 446
6 5 338
12 8 158
11 8 237
15 1 174
10 3 462
0 12 408
2 1 65
14 4 300
3 6 242
11 4 120
6 9 308
0 8 459
4 16 98
1 18 355
20 0 381
17 5 393
5 0 350
1 17 275
0 16 405
8 17 230
12 16 344
17 2 174
19 21 260
5 4 158
17 7 279
1 10 474
2 17 422
5 19 303
21 8 31
1 13 102
11 13 361
19 14 235
5 8 328
16 21 256
7 20 166
1 20 322
17 14 477
9 13 187
19 4 49
12 13 136
13 11 368
8 12 132
8 5 14
13 15
