33 507
13 32 381
31 14 543
4 8 481
26 19 849
20 1 908
19 0 723
20 13 720
11 18 289
10 5 841
29 27 1075
29 21 839
16 29 812
31 27 245
0 23 321
3 14 706
20 4 812
16 10 201
30 11 746
22 19 642
15 18 37
30 31 810
3 9 129
20 14 1010
22 31 980
18 29 467
15 7 718
3 11 61
26 31 751
26 24 394
3 19 405
29 11 633
26 20 275
13 25 1053
5 17 359
11 32 401
8 24 846
23 26 346
0 3 961
30 5 48
12 23 803
15 4 828
8 23 1057
0 15 265
6 12 272
23 8 235
22 28 164
8 2 509
32 29 608
12 21 302
30 7 507
10 12 226
2 21 375
8 17 778
12 25 486
23 24 551
25 31 1084
7 5 245
15 30 25
18 27 75
25 12 991
1 21 462
29 17 160
25 5 131
2 12 292
21 11 196
17 31 767
20 18 189
14 31 461
12 2 661
6 5 17
1 27 564
18 31 534
18 15 54
15 3 984
1 7 406
2 20 629
15 20 610
19 22 532
11 22 723
3 28 835
8 25 456
0 2 84
5 12 457
28 15 1057
14 1 410
20 30 167
4 16 931
32 5 384
25 8 126
11 13 631
14 17 434
22 1 1006
14 6 210
11 20 51
11 14 813
19 4 554
5 32 407
26 4 1068
24 9 411
23 14 429
26 14 898
10 20 1078
29 5 1011
28 24 516
1 3 529
15 2 937
0 10 465
16 14 302
14 22 549
24 12 689
26 27 152
24 1 24
16 12 566
10 11 254
28 26 736
16 0 996
2 11 842
1 0 527
11 6 72
19 26 879
21 15 882
23 3 657
8 26 636
17 1 846
15 10 1010
32 26 236
30 19 1063
15 21 480
15 32 616
31 24 370
30 2 555
6 14 428
10 26 986
18 26 381
2 14 256
18 24 19
21 20 415
5 1 578
4 19 717
23 32 60
32 20 68
17 25 242
27 1 465
22 16 231
10 9 602
16 32 946
23 25 1025
5 29 328
8 4 1034
20 11 164
21 32 607
24 28 1045
21 25 411
29 30 596
12 8 580
13 22 511
1 16 59
0 26 141
14 32 482
31 13 787
22 12 568
11 10 691
13 2 47
28 2 115
23 22 996
3 27 536
31 19 164
8 1 462
3 7 820
27 5 680
9 32 978
15 24 743
27 19 1036
13 9 275
26 22 634
18 17 787
17 16 608
21 26 527
31 15 4
15 25 722
17 15 316
26 32 167
5 7 169
6 32 771
10 22 138
14 28 108
2 22 966
14 20 978
21 31 731
15 5 604
12 11 361
17 22 676
17 18 573
18 2 785
29 13 46
28 10 225
14 25 926
5 11 508
26 12 310
0 24 817
31 4 942
25 22 953
10 29 1024
16 18 514
25 10 255
19 20 286
27 8 244
9 24 328
12 0 1071
31 12 874
10 27 73
19 30 983
11 21 197
16 25 858
27 17 145
23 20 833
5 23 287
29 2 102
10 19 223
19 23 714
7 8 535
6 3 247
16 6 929
10 32 629
18 12 408
13 30 197
24 27 156
31 0 682
23 16 754
28 0 864
22 14 727
22 29 1010
22 4 21
31 11 1032
4 13 190
5 15 340
21 19 1046
12 16 413
17 20 5
27 22 1008
23 10 1064
9 8 616
18 9 860
6 16 8
26 13 693
18 25 1003
30 1 688
6 31 818
4 26 506
19 25 630
15 13 859
24 22 226
30 14 549
23 12 1017
21 9 512
26 6 960
12 17 66
28 17 430
30 18 619
14 26 183
23 17 32
21 5 545
25 28 957
13 16 132
9 19 383
14 2 433
24 14 888
6 1 1028
17 13 983
12 15 512
6 27 255
24 10 260
2 0 431
31 3 601
14 8 499
13 10 976
5 10 787
25 9 876
8 10 485
4 25 619
11 16 741
32 9 43
31 7 557
26 17 532
6 10 830
5 2 265
20 21 262
21 24 245
5 26 1037
27 23 828
21 23 469
12 27 904
31 20 493
17 8 413
13 27 831
4 30 208
7 13 222
26 7 411
28 16 309
5 27 1085
20 8 575
25 30 137
7 12 196
5 13 149
29 31 861
19 18 41
7 29 983
8 6 79
22 5 273
12 4 514
17 28 1039
8 15 611
21 27 166
17 0 223
6 18 365
19 13 119
19 17 766
0 5 692
5 31 679
17 24 212
28 22 294
27 21 894
25 3 1050
10 15 379
11 23 119
16 30 1068
0 30 1029
25 4 918
11 26 775
6 15 579
14 23 670
16 24 181
17 27 315
6 7 1012
8 0 130
3 31 997
4 14 154
24 15 1043
27 15 481
3 1 620
20 19 482
7 1 937
7 14 982
6 8 925
32 19 946
3 30 446
28 6 343
23 2 693
20 32 783
32 10 626
20 7 1037
16 5 588
28 31 193
32 31 387
3 25 436
14 7 77
31 29 1057
14 27 280
19 7 381
32 2 371
20 0 97
8 11 287
13 5 953
30 27 561
23 18 584
1 9 634
16 31 534
9 3 745
30 10 634
2 5 80
12 7 110
0 4 411
4 32 30
29 26 786
1 10 1086
1 19 548
16 7 564
15 31 479
11 30 434
19 16 340
13 19 762
10 21 544
13 6 547
27 32 717
12 18 360
18 5 384
9 14 900
26 9 529
5 3 948
25 7 824
26 15 679
12 3 923
1 24 617
11 9 239
13 7 776
11 28 1083
11 0 667
3 26 974
12 32 646
16 2 1027
18 20 425
24 18 744
9 25 187
21 4 311
1 32 398
6 19 2
20 29 651
18 7 643
32 3 232
29 14 614
31 6 177
29 0 716
13 17 261
4 12 733
13 0 114
23 5 859
0 11 297
4 3 707
20 17 207
31 5 900
7 30 699
6 2 839
19 12 127
21 10 217
5 30 252
29 23 90
16 23 891
21 2 287
20 27 609
29 19 107
23 30 59
8 5 449
20 26 946
19 15 1037
16 21 496
5 24 975
10 18 641
5 18 591
22 27 714
7 21 204
20 10 486
12 31 975
16 11 925
23 31 408
3 6 1079
13 28 425
7 2 746
26 25 1046
1 5 157
7 25 840
1 11 626
12 13 162
22 18 4
13 23 306
32 13 461
27 18 1040
8 30 852
21 14 522
25 23 1045
10 31 577
31 32 471
32 22 323
25 13 496
12 22 61
11 5 715
10 30 464
27 31 625
3 20 712
10 3 204
30 23 246
7 27 882
20 31 926
22 2 752
19 28 455
13 18 916
2 19 1005
5 20 219
2 15 915
21 8 41
32 6 490
9 17 1048
22 26 349
11 17 980
2 27 751
14 18 929
7 20 343
29 20 228
8 9 406
23 9 498
7 19 259
10 28 983
3 0 213
32 30 805
23 29 333
0 18 312
17 29 827
3 16 1003
10 23 803
20 16 615
14 21 723
6 4 587
3 12 935
18 32 1001
26 11 429
2 32 753
30 20 825
29 3 297
5 25
