74 1490
8 61 5203
35 16 4611
32 33 4950
61 13 1866
61 73 3359
42 36 2464
0 52 1797
54 68 3598
56 30 3963
73 71 5425
40 32 4564
56 48 4121
56 20 4396
68 58 3081
25 32 3838
32 34 1975
25 8 2064
55 6 1649
39 57 2399
51 27 543
23 14 3369
41 62 3581
9 49 511
38 73 2161
3 73 5085
68 73 5016
49 65 1834
38 6 95
65 1 1268
72 55 4186
20 16 5043
69 43 590
8 63 796
42 14 2624
22 66 1850
40 56 1546
70 37 4783
37 2 2450
34 21 4086
42 9 54
3 61 4180
11 60 3198
30 12 4715
20 6 4913
18 7 1615
2 13 3066
40 15 3157
40 62 4655
6 26 3212
42 41 1300
32 51 847
25 5 167
54 40 1588
51 7 1266
59 21 3421
25 27 4233
19 71 2568
20 57 2155
25 47 3951
67 26 5352
18 34 1442
66 42 2680
16 11 1854
11 32 2855
54 0 2943
63 40 2847
45 56 2378
26 46 4126
72 63 1849
51 71 3299
28 70 4183
45 36 1206
49 37 1343
3 42 1889
38 66 5050
5 48 3905
73 13 1830
33 37 2142
18 29 3907
13 33 5215
67 14 480
30 38 2514
56 23 2773
39 71 3026
57 61 973
39 14 5415
28 68 3230
33 69 4350
16 28 2314
18 50 231
17 13 3562
10 51 1190
3 72 1058
58 6 4808
24 70 4887
24 0 1327
28 55 4222
0 71 3285
48 42 4306
47 32 4211
41 24 5309
7 3 1183
56 33 2869
54 67 1740
31 43 2985
43 4 4453
70 65 4584
28 64 1847
43 54 4156
43 42 2835
13 57 4725
43 38 144
47 65 2941
52 34 3824
51 0 3581
69 56 170
14 8 4074
62 4 3532
52 42 1142
67 43 5472
29 10 2383
32 2 4916
55 30 1013
54 35 963
47 67 3100
3 41 4684
45 5 1969
28 57 5417
24 38 303
72 16 174
50 37 3805
72 64 4425
72 38 124
72 4 647
37 49 3713
26 42 5209
27 13 448
55 66 4029
48 40 2155
6 72 2162
47 50 1188
16 33 222
42 57 1964
44 0 20
7 19 69
55 70 4021
45 49 3780
73 57 5179
42 25 4461
22 30 3287
7 8 5023
50 47 1342
0 14 4428
15 45 2449
27 4 191
73 16 4988
24 72 5116
63 16 1878
6 60 5204
48 33 2974
54 20 2488
50 57 3721
49 7 4085
26 6 1992
29 67 2717
70 12 2559
13 25 3674
34 32 1886
61 19 3112
25 31 4349
19 14 2063
11 68 4950
8 70 1627
33 27 4836
43 44 4149
5 21 4033
3 12 3950
62 24 638
29 52 4503
40 23 5254
45 33 612
14 6 363
15 60 488
60 5 1398
9 43 101
55 32 3771
9 60 3592
48 5 211
22 50 444
54 25 2766
32 72 3746
25 48 4919
7 25 5358
38 36 4259
65 64 5072
13 68 821
14 52 3683
55 69 4773
13 27 119
55 44 1205
26 15 3462
55 40 3156
2 29 4634
42 39 2753
46 29 3725
26 18 4132
32 19 3988
8 1 1235
44 26 1358
24 2 1169
25 13 4409
50 60 1061
28 48 1700
64 31 3823
64 7 3293
11 73 4255
13 73 2697
50 4 2431
30 46 2367
58 36 5049
30 41 1607
20 10 214
23 26 2638
23 15 4025
46 30 1467
70 71 4420
56 38 406
20 32 4191
23 2 2571
10 52 3572
47 44 53
12 69 678
50 29 1885
14 7 4737
38 16 4562
52 68 4745
15 26 2894
48 61 3966
44 73 3902
17 5 4875
53 38 2442
73 64 1597
17 21 1956
69 23 690
33 71 721
18 24 4069
72 73 977
44 17 1059
73 3 1531
67 16 5435
43 64 970
33 0 4347
37 23 1347
7 61 2979
20 73 1618
23 25 4924
44 53 3054
55 57 2652
28 1 1356
53 11 2803
4 29 4405
64 43 2205
50 18 293
18 30 5187
9 15 2166
34 20 3123
21 36 5032
18 53 1153
72 22 809
51 22 1083
40 7 2089
21 60 4284
64 12 1179
69 55 2018
25 3 4123
8 14 2422
12 37 3142
66 15 275
26 60 5338
13 44 1795
52 31 2945
0 73 430
57 8 2286
43 49 2214
19 37 3432
15 44 3059
66 30 3666
19 6 241
17 73 1587
9 53 5403
41 7 4078
20 12 795
21 0 1723
24 73 5049
16 68 4318
29 32 3491
14 11 3819
10 73 4420
60 25 596
8 73 4068
68 46 4936
37 50 3676
63 55 2282
14 39 5406
14 9 111
0 11 1953
30 14 2896
25 58 552
11 4 1500
69 64 3705
40 17 4217
49 2 3961
42 45 4658
0 8 4837
11 30 521
66 17 4457
7 21 3281
17 7 1169
26 13 2158
31 17 4665
25 41 1561
0 13 724
19 58 4231
41 26 1637
40 47 3434
33 14 5391
63 57 1420
60 17 491
13 64 1746
65 69 532
49 36 4623
33 65 3450
10 72 5455
68 62 4211
3 64 3081
31 13 663
71 18 3250
15 18 1937
57 62 3542
47 11 4646
42 11 4497
46 66 3401
13 31 4438
31 9 1810
1 71 3521
49 40 2480
47 52 4720
63 68 251
2 60 2721
24 59 4496
5 47 4596
7 57 3941
64 13 2586
73 67 1226
22 51 267
27 51 2843
23 40 4682
43 72 357
59 39 1466
70 61 1252
39 38 1260
43 9 1749
54 64 2860
55 21 569
64 36 1532
67 20 3961
23 51 869
58 51 4107
39 2 3063
43 62 2278
5 0 2105
4 23 1761
72 0 3883
16 8 3109
34 28 4938
42 0 4758
28 20 8
11 28 4466
48 41 3912
5 66 300
37 39 4193
15 37 5051
29 64 532
44 57 3770
61 53 2864
50 56 4700
31 54 9
36 6 2257
37 55 3232
40 33 836
61 69 1639
59 70 1559
49 14 1268
64 19 289
50 65 780
29 57 2520
42 70 3766
32 50 2982
49 22 3723
71 1 2845
21 8 4920
44 4 4469
73 10 4370
25 51 1844
70 44 1504
54 31 4476
50 63 4287
1 55 4360
60 22 1254
53 16 3409
21 71 1602
17 57 2019
43 18 2119
25 39 2393
38 13 2553
53 34 2397
50 36 2314
24 71 1044
61 17 3559
36 73 1605
64 29 5374
66 26 1071
46 12 5392
14 43 2873
15 17 405
71 35 5023
7 35 5398
29 19 1800
9 5 619
6 29 4040
2 5 5455
2 34 4343
11 17 1347
31 64 1479
30 64 194
35 50 2194
58 59 1708
57 13 5196
64 1 2941
48 28 484
51 14 4665
26 5 924
26 25 2938
10 5 5378
66 14 2580
46 3 67
56 45 4090
54 5 3432
3 46 398
62 25 3875
15 54 84
59 17 148
72 71 4645
36 32 3533
64 25 5082
18 64 859
66 12 5318
40 44 677
30 43 3421
51 23 1114
36 70 1406
68 10 2609
45 60 4155
49 27 163
32 14 2052
36 67 1078
45 71 478
17 0 2816
48 31 1362
4 32 3007
72 70 1137
28 12 2762
38 32 2846
21 22 4212
47 40 968
63 64 1445
51 10 4950
57 14 3510
34 50 1875
41 65 5033
36 49 3270
59 28 4126
50 2 210
48 72 5196
17 46 2343
4 52 3064
0 21 343
22 70 4417
53 63 468
1 69 2534
19 28 5068
10 13 4511
60 68 1552
5 62 3653
4 19 4092
40 38 3344
33 2 3414
43 26 3676
56 50 3139
31 42 4563
48 10 1412
51 60 3628
55 43 1072
13 50 4045
52 30 5205
59 51 88
39 49 884
45 47 1179
27 45 2165
13 40 1050
38 49 667
14 71 3918
1 63 4251
60 1 3549
5 58 500
65 10 4047
10 66 5368
27 48 3955
26 8 1912
11 38 4018
71 27 4279
46 21 1137
2 24 3631
30 51 4949
60 15 5070
15 19 2698
4 21 1073
52 22 3365
53 45 5307
48 66 40
35 3 2989
41 15 2716
41 0 3756
47 59 4524
29 2 5344
59 8 4758
51 49 1090
45 46 3408
17 59 4014
68 55 2094
35 62 3339
59 71 336
61 52 4218
10 14 3572
15 47 2550
45 70 5356
11 22 3281
69 52 2350
23 57 116
67 22 1627
20 27 1645
56 68 876
22 7 758
34 36 4572
8 30 3284
6 13 1032
61 42 4621
13 60 4333
24 56 2076
68 48 4209
34 64 538
67 72 1029
21 33 2576
63 67 2845
22 46 5100
43 46 4602
35 27 463
43 32 1116
18 1 5150
59 46 1702
62 37 268
7 13 4260
19 33 2215
14 58 58
59 26 1936
54 37 1673
27 60 1749
29 27 2210
71 41 1084
59 44 5003
37 19 2237
66 44 3012
46 59 2998
8 54 4220
33 22 1725
65 4 2502
71 62 3022
17 10 3233
49 50 2184
69 50 800
62 6 3046
73 37 14
60 58 4992
45 11 4863
64 33 4321
69 72 3186
0 4 2213
8 0 1452
32 70 165
68 49 588
67 55 1841
56 4 3321
21 27 3392
39 23 129
22 31 2914
5 31 2465
16 13 1429
4 54 2005
50 70 583
63 29 3251
47 0 3023
69 44 3014
1 52 962
46 44 4956
23 60 3270
67 7 4978
58 73 3734
10 34 4626
21 23 202
58 42 3223
37 71 226
58 34 3698
28 43 3244
5 33 3718
22 8 5150
0 39 1598
2 31 3740
67 38 3447
73 31 2706
5 51 1051
3 6 4484
40 22 5395
59 20 4808
5 56 530
23 16 3858
65 26 1772
43 51 5142
44 62 1895
16 31 25
49 25 2140
18 40 3428
66 54 3247
59 65 1537
32 16 1519
5 37 3377
6 49 687
4 36 5467
14 35 1340
28 44 2387
39 19 3973
25 70 4848
24 55 566
69 73 3261
56 54 858
24 13 3969
63 26 1046
61 66 2727
63 62 3050
2 62 2964
57 31 795
11 55 867
59 11 4972
62 5 2462
57 12 4492
15 66 2859
46 14 1895
13 59 2398
56 71 5431
16 7 1980
15 43 2771
67 17 2767
21 34 4224
5 64 1805
16 49 5407
44 8 2908
71 33 331
3 11 625
13 1 2870
55 27 3886
58 48 2301
42 23 377
40 60 3786
12 23 5471
4 33 3909
60 16 1481
52 9 5354
9 73 2481
37 45 608
15 2 1419
11 36 5387
24 47 4723
22 49 980
20 35 4999
18 17 2593
54 26 2413
39 36 3786
24 4 1487
33 25 583
52 58 871
49 1 5281
8 44 337
49 63 4032
73 6 1862
52 28 4869
44 13 2916
49 11 3954
72 27 5072
62 13 1436
14 34 3191
39 0 3978
13 61 143
63 50 3141
37 21 5103
5 3 2451
4 37 964
22 1 4455
20 31 2305
10 70 727
6 5 357
20 15 5276
70 28 5469
66 35 4970
3 14 5010
28 2 5372
12 18 3057
19 35 1019
73 41 2746
44 68 4723
7 26 4217
70 32 845
56 6 3682
41 51 3934
49 26 3628
45 9 2250
15 1 5451
32 67 3416
41 31 3708
49 17 1505
11 48 225
6 1 4274
63 61 5007
63 35 206
61 72 4182
13 55 3368
26 44 3876
27 49 133
72 56 102
61 30 3139
31 7 3330
39 41 459
2 43 2930
28 65 4832
28 30 4296
57 18 1902
47 66 2944
30 0 612
10 54 503
22 13 4903
7 67 3361
60 36 1835
25 22 5265
55 22 3352
18 52 249
65 20 4509
50 61 3075
17 30 5310
70 22 541
22 47 5418
53 24 2441
6 65 476
10 16 4445
62 27 4999
21 47 4331
16 9 2558
32 54 5136
70 24 704
67 59 2137
11 56 478
5 57 435
0 26 2238
55 10 4892
42 34 2815
66 21 1140
67 62 5149
51 64 3725
9 0 5475
32 8 2719
56 0 4973
42 6 5184
10 44 385
11 58 5343
1 9 257
32 9 4810
62 56 1456
28 61 596
9 30 766
67 18 288
23 69 537
61 57 2055
59 68 4828
36 44 4160
26 35 4103
59 3 4832
39 73 4103
6 31 1353
27 56 4174
20 28 2292
25 20 3293
9 2 1181
36 24 2654
29 21 2118
48 49 1961
2 1 4677
67 44 5023
37 24 3274
1 28 1717
33 9 4294
0 32 3972
57 56 2741
45 13 5050
53 36 1171
4 2 2413
52 69 1639
60 13 4429
8 4 5331
52 6 4186
3 70 4548
60 24 2081
5 18 2842
26 57 3300
35 2 5280
68 50 2165
44 41 3766
49 72 4806
68 16 1848
50 6 4335
62 20 5144
35 36 2104
15 9 5111
67 69 1646
10 36 570
14 38 1089
47 23 785
58 41 4895
34 35 5160
45 42 3228
58 65 5280
67 35 1174
47 33 4038
70 20 914
33 31 1861
43 50 777
72 40 4643
39 72 1663
15 3 2689
12 30 1574
44 38 3336
39 32 2266
27 31 3019
68 9 4821
5 7 3261
20 69 2612
53 20 5441
61 48 3513
1 22 2774
33 32 1774
66 48 4442
32 57 4110
40 3 2625
42 18 1704
61 34 4742
50 58 4134
59 50 1814
33 6 4904
69 27 461
28 6 215
72 6 2541
58 52 4522
43 34 2514
20 53 3658
10 38 3947
73 45 4365
64 35 1681
55 42 1707
26 3 5108
47 27 4691
36 17 1275
33 68 1190
60 69 3734
22 34 4024
34 23 4448
38 52 2259
4 8 849
51 65 43
18 58 1125
50 8 825
40 71 3121
71 28 1128
52 55 2269
17 39 1594
48 17 2116
36 66 294
1 10 4846
51 61 5273
15 57 5405
34 42 638
55 72 5241
40 1 5188
23 37 2183
32 17 3388
52 53 3912
47 28 2982
48 71 2135
49 12 2984
69 5 1231
39 3 5132
1 21 1253
17 18 2732
30 58 2840
54 46 158
21 52 3301
14 36 2952
52 41 4745
45 65 1214
37 15 5174
24 19 4238
47 1 977
62 36 3567
11 54 5127
36 62 1006
36 2 4599
48 67 60
23 72 5005
7 38 999
68 18 3160
22 55 2715
53 4 5316
23 41 3229
65 39 3357
64 67 4252
3 10 5476
40 72 4826
65 19 2195
71 37 170
47 16 2677
55 19 940
2 68 2133
8 45 4210
11 47 5467
11 69 4923
38 40 2187
62 47 1180
7 72 5191
10 47 3141
61 31 1525
40 34 1727
27 44 1306
72 47 945
55 35 661
4 47 4906
3 27 1042
21 39 2646
4 67 3048
51 2 5207
7 46 2714
14 53 1131
28 59 970
8 69 596
45 4 3899
70 57 1582
41 55 1985
36 71 4196
43 16 264
2 9 5097
63 73 5047
21 3 3364
68 15 3867
21 14 2441
19 49 2393
13 72 932
1 41 3677
46 62 3954
10 39 1044
49 32 2017
3 38 1393
8 60 971
2 14 3184
27 22 4612
32 39 5131
67 58 4650
24 42 582
20 37 404
69 48 2073
50 7 864
33 36 4223
66 38 370
3 28 4795
32 20 1117
16 6 4570
24 62 1595
44 32 606
49 43 1785
30 54 510
71 68 4389
40 10 5053
73 38 3517
58 8 1513
2 22 4124
27 52 596
25 14 1300
49 56 575
22 27 2312
45 29 1120
36 37 2124
52 40 2615
19 67 2988
6 45 2689
35 56 2454
65 56 2560
25 72 830
16 55 112
73 27 2820
66 43 3680
44 56 2643
46 39 1923
55 61 667
42 7 5138
34 5 735
73 58 3451
53 37 2022
30 31 5056
30 59 1290
11 5 3919
8 12 2699
31 62 5258
30 21 2810
17 33 2028
21 46 1527
57 71 1110
31 71 639
35 68 4325
66 23 279
23 1 3983
34 24 3311
14 17 4787
18 48 1790
59 13 1760
26 10 1400
15 24 4803
67 12 4662
62 51 2049
56 31 312
54 23 4318
20 67 539
27 23 1664
11 18 4933
71 12 446
4 0 1932
28 52 4199
60 18 1691
8 39 2431
18 54 1568
5 55 3410
51 56 5313
56 67 845
52 7 1565
27 1 281
35 58 865
14 69 1553
56 41 3053
21 11 1402
48 59 1761
72 8 2022
56 40 755
3 22 4242
53 71 1417
60 41 4789
48 13 1831
58 37 3242
59 12 4609
56 62 477
10 1 2046
69 58 5411
22 3 4308
0 63 3420
13 29 4281
7 41 1789
47 24 2805
46 58 4103
57 43 2516
12 62 4275
16 38 1196
16 17 3955
69 61 4481
3 7 1402
58 63 1594
3 23 2432
42 8 3676
13 51 5140
49 13 2692
53 17 4355
70 21 4585
40 39 2526
13 4 1772
29 45 4976
29 16 3014
12 57 326
3 43 444
46 63 192
3 32 5365
4 45 3557
20 52 2850
2 0 4004
73 63 1187
64 71 2702
36 15 3352
66 55 733
16 18 1902
18 46 4111
63 41 4634
70 58 358
2 70 3394
2 20 2876
70 4 3170
0 34 714
3 51 4955
3 49 2259
12 53 815
63 24 1523
71 22 2622
45 59 3603
28 41 1205
1 46 4781
68 7 3950
0 29 5087
53 18 4907
55 5 3409
18 69 4543
73 23 4899
68 34 1705
48 55 669
24 22 995
35 30 3252
1 23 1486
36 0 208
1 16 3092
0 24 13
67 32 4051
39 67 1303
65 16 84
9 14 1593
18 31 2906
72 23 2291
55 26 3300
62 55 3986
30 22 3542
13 15 2718
6 71 352
40 9 2255
10 58 4812
66 11 4632
10 64 796
46 67 2167
26 23 1659
1 40 984
8 40 3574
26 37 1258
29 36 3836
54 11 1427
54 12 5190
7 16 3787
0 17 898
33 26 1367
12 40 4368
48 38 3986
35 53 5288
59 19 2245
66 64 2686
58 55 1111
43 21 3103
17 35 4567
36 33 4615
50 16 1856
64 54 1309
34 3 5255
24 3 87
2 38 3513
7 51 5352
9 39 1467
5 27 2296
61 70 2122
35 20 552
10 30 3630
41 39 3777
24 45 5433
66 25 1394
19 30 1419
48 29 1154
16 70 1506
20 23 782
32 30 2858
73 70 3401
63 17 794
57 66 781
43 3 142
65 71 1786
61 1 2509
3 31 1134
3 47 838
53 31 2714
28 34 2374
72 20 3568
1 72 4329
54 43 4392
44 30 1785
55 11 1705
61 35 1906
15 58 5459
71 31 3835
51 73 2564
30 69 1535
8 55 1491
25 6 153
49 24 4237
15 8 1968
57 34 542
67 71 372
9 11 4666
1 3 2705
1 26 699
65 48 1234
30 10 1982
40 55 3410
37 20 4551
2 42 4701
57 44 3532
60 31 5141
38 55 4280
45 0 2567
29 62 3749
44 18 5257
62 15 2125
61 54 765
54 36 1298
12 51 3298
39 44 4941
71 50 4879
27 0 1416
18 11 2157
7 43 5198
41 14 165
54 19 1693
48 50 21
1 12 253
61 24 75
15 56 3575
73 36 4160
6 63 4300
71 10 745
23 59 4204
36 10 5224
38 53 2247
20 58 1305
18 28 2187
57 16 1512
28 54 2183
32 7 1502
45 54 2674
47 48 173
51 35 3110
33 64 2385
23 46 3993
6 17 4493
49 67 4212
35 10 3141
2 46 1145
36 28 1000
51 15 4464
11 63 390
67 51 166
36 20 2963
67 28 592
41 48 4405
6 52 4282
32 22 4500
68 30 2478
54 32 1646
33 67 4257
44 45 5273
48 15 140
53 41 129
44 50 5445
22 65 3446
65 57 5311
69 34 5106
5 6 4920
63 0 1663
18 45 252
33 5 365
53 30 2541
8 32 4802
50 27 4881
46 45 2183
68 21 3717
16 34 4318
62 57 4532
12 31 4324
70 50 3079
11 57 2712
71 9 3779
39 60 3426
29 30 991
25 59 2609
2 37 115
2 54 3112
73 54 3372
35 48 4876
73 55 2304
46 72 4893
69 70 2792
8 11 196
61 10 4323
72 44 4586
11 16 3981
50 41 3519
25 50 617
44 29 890
23 29 5343
20 25 2077
49 46 1607
61 14 1432
57 24 4559
51 8 5212
41 23 83
14 32 4828
54 17 1991
22 64 4619
21 15 445
21 56 2847
56 55 396
27 17 2383
73 21 5138
21 45 4721
50 46 827
25 56 301
47 43 2824
63 22 4645
38 44 2649
63 44 3322
8 46 2545
21 63 1172
38 67 4309
46 25 5211
59 10 3910
25 63 2073
40 5 4013
28 35 4195
10 48 3351
6 55 2435
6 9 3275
50 14 4404
28 0 1555
16 36 912
26 62 2997
39 31 4735
36 42 5169
14 68 1036
9 70 5033
73 48 3870
67 2 1350
26 24 4628
70 25 941
58 3 4188
38 57 3605
13 71 1836
62 32 2152
40 2 2895
73 0 3777
16 15 4959
34 70 5132
55 60 2287
4 40 2746
59 23 3137
31 70 462
41 12 2805
68 66 2388
50 51 5313
1 42 2553
32 0 2891
69 32 5068
9 29 4070
32 23 3224
28 17 835
47 71 4695
70 49 746
5 29 2185
10 12 1188
70 54 1342
38 45 2371
9 6 4022
62 58 2599
37 40 4991
35 32 574
6 46 1488
20 38 184
17 8 3975
62 3 3060
45 8 2430
22 40 1527
58 19 2989
58 69 1521
49 58 2787
61 26 2226
22 53 1398
65 44 318
1 57 3057
41 8 4550
7 52 1840
37 0 1524
17 26 4332
40 48 1079
6 22 4081
2 69 3003
17 32 300
19 34 1065
2 65 3672
54 66 4971
61 71 796
62 60 4844
15 28 1501
19 45 114
12 67 3350
42 54 956
9 64 5264
0 22 3608
16 63 4704
7 29 441
44 47 2995
55 31 3788
73 17 2187
57 4 2156
60 65 2859
71 45 1065
19 54 633
22 37 1913
65 35 727
48 14 2625
22 35 147
36 53 1044
21 59 2975
29 34 4951
0 69 4495
13 62 2838
6 51 5097
17 55 3813
42 38 289
22 20 1991
59 63 2358
17 22 3912
19 26 2768
71 73 3200
52 20 1206
6 61 4581
29 56 3127
17 64 56
9 24 2879
45 41 5462
48 9 896
54 72 2600
51 55 4344
50 11 4621
46 55 1976
8 31 1435
57 73 95
13 32 1452
65 54 4157
62 49 5037
18 4 3387
65 33 2927
3 25 3751
63 34 3073
13 49 2419
66 65 4856
61 36 796
27 61 370
5 54 4380
30 61 4030
7 50 4640
60 61 912
45 67 1009
44 13
