100 6149
9 34 961
57 2 7483
51 29 5169
55 39 2111
50 77 1226
16 91 4188
39 74 4219
52 68 8681
54 96 2778
51 45 2719
51 3 8138
71 51 5412
75 14 1391
57 68 9250
52 99 194
42 55 2926
26 73 5514
63 82 6810
79 87 2232
24 66 1645
33 88 2854
97 42 9602
31 15 3972
14 2 5954
37 72 7148
44 59 4391
58 34 5843
73 99 5661
21 34 175
87 41 9217
19 99 2255
12 57 769
33 68 885
6 63 8562
88 77 2429
72 59 6036
73 49 9847
4 37 2743
53 11 6130
73 58 4851
95 17 9586
71 97 5061
88 16 727
67 28 8049
78 14 871
97 78 1406
54 68 7232
91 88 751
57 84 1477
48 22 7369
41 80 2318
13 81 4189
90 12 5308
72 64 1506
81 37 5467
33 79 1215
88 69 9265
40 33 2952
90 98 5534
79 59 6451
77 41 3379
90 0 5235
89 5 5737
96 41 5608
10 85 4167
40 48 7960
87 55 2908
48 78 5353
36 85 1946
13 92 1438
5 70 674
9 94 4277
69 24 2805
71 77 934
41 4 5750
87 89 3724
14 66 2375
2 67 266
94 93 4067
58 89 358
39 57 4787
15 2 805
95 19 6343
47 60 4128
6 14 1978
51 64 585
46 24 3671
96 0 1627
79 43 4024
35 46 4920
13 54 3273
28 95 2129
15 65 2713
81 20 4636
3 98 5558
68 64 2585
34 31 965
53 18 8774
82 24 5941
78 73 2151
69 33 2262
43 18 5403
92 41 569
55 46 3654
85 41 9174
54 94 5706
22 37 2089
58 4 9895
61 5 6892
43 99 2834
23 86 4160
53 55 8230
72 2 1002
74 40 309
23 49 1675
38 27 7442
2 83 9048
42 15 6782
86 50 4772
56 41 9339
30 38 7043
90 75 666
34 70 8963
88 97 7175
54 56 8944
43 58 9471
42 52 4051
96 32 1638
51 84 2891
20 31 9538
40 94 1817
28 82 142
98 77 7212
81 41 9959
99 0 8193
58 91 9283
32 42 8689
73 31 9682
16 11 4780
87 52 3675
76 94 9718
55 18 2004
55 65 2353
45 75 7691
88 61 3281
25 4 1886
63 78 6533
46 25 3833
76 97 1197
69 39 8137
83 70 1588
60 97 904
59 40 9268
4 58 9818
75 51 1292
51 55 6862
63 9 6603
9 93 8704
93 29 5072
65 51 6527
94 68 8875
75 50 3598
92 88 9053
36 69 4390
77 26 8305
32 97 3016
55 25 4406
55 22 213
44 10 9219
99 53 7173
81 88 9077
81 35 3543
97 76 5175
25 9 2122
55 16 1833
46 91 1227
12 34 3077
18 66 748
38 49 6306
18 20 9074
48 35 5298
44 0 2456
26 76 7521
87 19 1291
11 39 3434
83 50 3543
17 89 8693
15 7 9374
97 58 5317
40 21 4235
70 71 1474
45 19 3516
22 36 9790
93 88 9980
46 93 5715
93 9 4726
69 92 7303
79 84 329
19 82 6472
48 45 7024
88 94 2766
55 48 5015
38 17 5526
76 83 4649
61 60 3380
42 93 8104
22 14 9536
25 36 1458
51 57 9051
4 62 6087
18 86 9769
50 2 5557
71 6 9083
83 87 8582
8 29 989
80 75 8386
56 22 6335
34 8 5591
79 71 4594
26 41 913
1 62 5018
89 3 3388
35 44 4549
47 11 8248
61 39 1531
95 57 4712
67 80 7387
84 48 7848
50 45 173
53 19 3575
85 63 6310
47 19 8607
75 26 5756
7 51 2736
58 3 7502
81 54 363
10 59 698
11 42 8786
62 35 5178
10 40 4641
65 62 9573
12 47 3464
40 51 3509
30 50 1123
21 73 1949
72 61 889
17 1 8654
77 47 2910
49 54 9100
62 68 2021
42 66 8409
74 90 2326
46 13 6660
61 35 5672
19 89 5844
63 22 5601
11 56 8831
72 16 8300
70 48 9309
43 6 778
0 85 8319
24 36 171
38 1 4570
50 76 1089
45 20 3545
31 72 9932
53 7 2805
33 49 6537
95 7 6440
24 73 2901
99 28 2374
25 23 7902
18 71 6826
97 94 6580
85 57 7383
19 49 5647
73 76 1348
51 50 6192
84 27 9228
90 93 6825
12 53 4723
69 69 8665
72 31 5923
88 99 2572
41 5 8900
98 25 4613
58 96 8473
48 74 7382
68 46 4299
54 47 3618
59 58 4391
63 5 690
60 16 4263
57 89 9469
41 91 1768
14 1 5038
80 92 4497
86 53 797
10 84 9141
89 58 2024
86 57 3877
0 71 4298
72 37 712
3 6 6373
77 76 6156
55 47 9397
2 60 7553
80 58 4045
28 48 2331
30 9 3806
22 12 8236
6 88 2353
38 83 3952
67 9 6670
47 29 5901
54 88 4386
16 71 622
39 88 5059
59 91 8239
22 79 2077
92 89 4493
3 47 1451
59 46 6900
37 87 1877
83 84 1213
95 68 2027
46 57 3529
8 91 9807
92 60 1311
34 93 7382
2 1 2969
49 23 9639
23 19 3886
3 87 3191
20 70 7842
59 23 1126
57 99 8983
42 65 668
19 33 7312
60 34 273
8 80 7055
38 54 6845
80 43 2637
82 78 8732
57 5 5038
32 87 7619
40 70 2817
26 86 7450
16 18 4279
37 2 3137
32 36 9507
11 18 6452
10 49 6855
58 67 7485
78 21 460
12 92 6664
85 66 8159
31 49 6292
48 91 5382
71 4 2001
53 5 5345
35 28 1578
16 51 2638
98 7 6639
40 11 591
94 5 8590
73 5 2634
83 49 2564
62 63 6800
99 86 9290
14 41 9921
94 34 1903
91 17 3339
56 85 1356
7 97 8407
0 86 1709
79 99 1394
60 42 9434
25 91 5761
14 33 2487
98 33 7668
17 0 3417
19 4 5103
3 78 6744
13 50 6632
17 14 6854
88 13 1000
52 38 2164
90 61 2949
11 2 827
65 70 7177
30 13 5620
5 67 3217
60 32 6804
60 44 9244
47 71 3369
65 61 4141
25 39 5039
36 6 7729
53 52 8382
32 44 1535
6 55 8099
91 22 8048
14 4 2809
89 70 1015
39 17 7215
90 44 1381
4 54 1958
30 31 9969
85 47 5069
25 93 112
74 52 9823
19 54 5959
43 1 8396
92 51 8806
56 70 3188
61 32 6377
49 24 5087
80 28 9603
88 83 68
88 96 3197
0 47 8955
73 40 4250
60 12 537
76 90 1770
7 74 6711
76 62 5963
49 12 7521
33 73 4959
77 43 8138
62 52 3008
71 75 6726
5 55 6931
26 5 2779
11 48 2015
90 95 4625
65 88 8628
63 4 5551
0 87 4353
73 10 6731
7 10 7458
72 67 9412
91 25 4669
47 67 6063
38 45 8568
66 31 3473
40 97 9880
36 88 613
71 82 8321
84 50 3635
9 57 2469
44 81 9586
20 76 268
26 82 8947
14 58 1745
13 35 5637
39 69 3445
41 53 5522
41 14 4665
50 88 515
4 0 1474
62 0 7274
20 36 7580
30 64 2134
19 55 353
42 80 159
80 46 6951
93 13 9416
12 4 3475
20 71 9287
67 50 2723
96 19 1441
28 94 8059
55 40 9628
78 3 6488
60 58 7632
54 53 4615
42 60 9907
46 96 3616
74 19 2274
45 68 3369
68 57 3493
27 59 1326
97 25 3867
8 78 7105
88 81 2233
52 49 6632
10 6 597
58 80 8391
50 14 801
35 8 6670
96 7 9726
82 76 3400
87 90 9100
26 35 7205
60 29 3026
86 54 55
86 76 1939
1 28 6170
50 19 6634
38 93 2030
80 40 8635
27 87 1256
79 2 3184
26 28 3377
4 73 7167
80 12 9988
6 2 1510
16 58 782
92 9 3117
47 59 2017
92 46 9339
93 89 5320
20 30 6461
59 95 3593
95 94 3395
28 59 3805
16 31 905
89 45 7848
42 1 9945
67 56 6865
24 39 6016
26 22 3218
23 95 7871
13 79 6101
94 89 7668
21 23 5200
9 27 5514
14 21 3560
63 34 6958
14 5 9936
83 38 9331
30 71 6590
91 41 5604
38 69 8116
51 32 1554
16 70 7790
29 67 3149
91 14 5710
7 32 1971
39 81 955
96 72 5597
15 83 3360
24 88 983
72 88 5275
90 55 5661
17 21 7501
37 93 9867
43 80 4911
59 20 5648
83 19 6246
75 47 2084
84 12 4166
14 85 3597
30 68 5876
68 96 2514
69 91 3539
75 52 4748
93 90 5988
86 4 8298
83 61 439
82 19 6049
50 95 5694
13 39 1928
18 77 4088
94 3 5890
46 78 2124
92 53 3374
5 87 7233
33 77 6865
99 18 8109
64 74 2839
62 20 4761
20 51 1884
44 77 6692
8 85 1152
52 20 9298
34 0 9113
42 30 1011
35 59 4299
58 27 7929
52 78 852
92 98 3030
14 78 1105
29 18 1463
98 57 374
87 9 6182
31 55 3550
46 8 9958
32 54 9108
20 66 7935
65 1 2646
80 74 995
51 21 7812
7 27 2429
27 8 1432
85 74 8854
9 43 1342
15 62 6402
77 12 8645
85 78 8682
27 45 6548
77 56 9394
48 66 7214
33 30 304
36 87 2805
82 37 3449
97 64 3852
81 25 1268
73 23 6386
73 19 9564
35 29 6937
48 99 3116
6 22 4295
85 30 3587
26 21 7002
79 31 7974
32 83 4644
28 35 8571
66 4 8026
37 65 550
99 42 650
92 29 8960
87 38 2578
46 71 2036
39 83 5132
72 27 128
67 1 3418
43 94 572
63 89 976
28 66 151
49 28 5201
91 44 8661
16 2 1151
4 40 251
11 22 5821
56 12 7538
12 22 127
89 94 5087
92 75 5291
9 97 3812
6 28 6621
74 89 7770
3 45 2018
76 56 533
30 82 4292
37 97 8853
76 86 9067
82 77 3716
27 41 3976
85 31 1807
90 88 1713
89 50 5231
51 22 4373
93 77 2390
31 88 5304
12 91 6852
91 85 4448
49 47 2175
13 49 6003
42 92 807
89 76 576
71 63 2682
79 47 1044
21 11 7575
8 83 2773
38 36 9319
76 53 6258
18 9 1615
85 67 7155
98 88 4296
79 68 9083
7 42 4621
50 9 2011
26 97 7181
18 42 3799
51 20 1822
38 87 1892
35 91 8795
72 22 5731
8 70 9246
40 78 6388
23 11 2273
35 48 1441
28 16 1023
9 1 1892
30 87 5528
59 78 4523
76 11 849
24 14 1659
66 50 9416
64 37 3900
67 60 612
55 3 2854
13 24 8854
85 7 2881
23 36 6181
87 30 1392
96 33 1568
95 46 5814
61 59 9830
36 19 9733
29 8 9964
89 27 4366
55 37 2459
48 75 9677
67 52 8484
71 10 7063
83 28 1685
34 86 7205
61 43 25
97 89 6160
29 14 5965
7 50 526
33 59 2211
64 20 7802
63 18 3561
88 25 4121
44 74 7801
1 47 7664
37 66 5002
9 74 6485
25 76 6426
27 81 2135
44 93 6009
33 70 1219
12 64 2645
20 72 8594
30 10 1028
12 94 1838
72 32 6102
28 46 482
60 37 6484
94 1 3644
64 35 5691
27 32 9743
28 51 2266
52 34 7297
61 72 6008
39 10 6334
10 17 3145
5 85 4184
73 78 6775
4 44 2620
61 1 4238
22 44 2895
13 0 5763
17 39 2463
44 58 7866
83 68 1785
48 25 8984
29 41 835
34 25 3735
71 45 8219
20 98 3458
17 53 3138
56 46 6000
0 92 2600
16 45 4020
80 97 3123
63 12 5968
64 15 1389
71 12 9991
68 90 1964
18 79 6337
3 33 11
86 67 7620
62 22 2852
37 23 4662
67 42 6699
31 3 9602
51 41 5795
9 72 1812
62 12 7809
60 96 5826
13 62 8812
31 74 8552
91 50 9349
85 76 4133
66 71 3605
45 32 3701
14 31 7376
71 73 6239
30 88 9710
52 96 6155
75 5 3225
39 79 4173
28 81 5418
18 65 1382
72 97 5990
70 13 2026
71 42 4016
68 43 5858
25 19 2632
67 84 8214
39 78 5380
4 71 4713
4 23 4
95 53 4459
17 77 6853
30 52 8512
57 92 3952
30 19 8981
18 75 9236
75 16 3034
15 78 2300
10 46 8649
15 56 8442
12 74 5312
49 86 8135
3 62 4026
1 39 3966
7 21 5371
69 31 4373
6 23 5529
11 0 8970
9 42 8824
60 80 5159
37 43 4768
68 98 8868
83 52 5807
76 92 9740
19 2 5325
52 41 16
21 13 1766
61 33 5276
53 33 2987
11 15 3026
4 69 113
4 30 2370
39 13 3416
31 37 979
1 11 8181
1 79 6403
55 7 7106
3 24 9701
16 80 338
80 95 7424
56 26 4208
17 4 2887
52 17 7421
35 30 5561
40 8 2807
0 21 9738
36 3 8260
20 91 871
90 23 1351
17 22 841
62 38 5261
80 6 3540
49 78 2569
33 55 3658
76 7 9441
85 34 8507
31 34 2001
57 23 1117
96 16 8240
46 15 6338
80 16 7655
49 93 2829
36 15 2763
62 26 9745
39 93 3269
15 89 8156
62 30 4206
36 47 7539
0 41 5639
53 39 2805
37 74 7624
24 67 3333
69 30 7767
32 11 6859
1 24 1376
96 30 1372
45 58 7983
46 45 2890
65 49 2600
33 53 3707
0 89 6810
5 60 2201
75 11 947
2 29 3181
49 55 1990
60 74 2084
16 10 9064
9 86 9134
7 1 6326
59 44 639
24 49 8339
18 62 6676
76 41 2300
49 50 7686
11 72 6524
32 68 1949
8 38 721
0 68 1213
94 21 7870
31 71 7379
15 38 1636
25 99 3782
91 74 5201
25 5 8107
42 38 4565
10 96 1669
83 78 4377
56 21 6133
54 35 2345
8 23 8550
38 35 2379
40 57 9645
14 37 8567
43 15 7034
22 23 8988
19 65 5861
44 6 1086
39 47 5888
40 67 5352
21 53 4444
26 62 5653
74 42 96
71 0 9529
82 3 7821
28 85 1960
22 21 4946
32 13 8105
18 69 7563
84 23 9233
16 33 2209
12 97 3127
7 41 8745
70 75 9407
21 47 7494
36 18 2051
19 88 586
35 40 1192
23 27 282
74 96 2925
21 71 4368
12 45 2206
78 99 716
24 74 3036
94 52 203
3 92 4861
50 99 2687
58 41 4603
78 63 9781
37 11 4106
60 81 3837
28 67 9221
96 25 3871
78 7 3868
41 22 2241
91 82 8140
32 34 3144
5 40 6560
96 97 5463
77 10 9173
42 31 4383
24 59 5447
82 39 6685
37 55 9769
42 3 5828
64 23 3882
64 58 8689
74 86 3834
52 36 8302
33 42 4125
38 28 7723
83 9 5295
45 78 9518
16 66 7619
91 45 3994
66 5 4758
51 94 3997
52 30 9646
84 18 1386
47 30 4551
36 41 4074
47 28 7506
57 9 2058
28 91 5571
49 32 8679
35 90 1636
15 40 3447
46 60 859
38 64 4335
49 89 3032
4 93 6878
46 92 5619
90 43 9432
60 59 2602
82 88 633
12 63 6190
61 24 7742
73 16 6998
2 91 2403
57 16 8108
95 64 3423
35 99 2987
63 95 9441
88 44 2571
62 10 3757
90 11 4236
94 18 1770
88 89 4414
10 21 4241
21 18 4791
23 8 4786
10 38 4733
1 51 2502
77 50 2411
57 96 7123
96 65 3803
47 70 625
91 13 2950
10 20 2205
64 80 1730
51 58 3997
77 44 4826
28 93 1262
65 97 5659
42 35 9750
24 89 3549
98 75 2153
31 56 6147
90 39 4097
24 40 9280
93 82 344
59 88 6742
34 91 8062
4 34 7054
69 47 7813
43 0 7708
57 64 6640
97 22 5732
36 32 7413
40 7 4937
78 26 9003
98 12 875
40 81 1542
63 20 5884
58 97 7943
26 38 62
70 29 4718
21 50 5709
0 77 9784
62 81 6635
35 24 2722
63 88 1344
27 31 4573
63 94 1891
76 61 388
24 31 4644
89 72 3651
77 86 2132
95 24 6144
0 96 5170
7 76 4516
50 30 2158
28 25 4376
88 51 5948
54 28 6985
96 9 514
12 48 2514
82 26 7118
54 44 8675
12 99 1917
26 92 9710
45 93 5984
36 28 9595
5 45 2054
25 35 5099
20 63 2327
2 69 846
67 15 5984
94 78 7386
14 35 8432
29 80 8913
34 85 3089
3 21 536
80 98 1082
18 28 3046
57 75 9330
13 45 5310
7 67 7687
62 74 8373
40 71 2515
79 62 9074
57 52 3920
15 12 3627
9 48 118
5 42 5328
71 49 4412
73 89 502
64 81 2903
18 47 8299
31 70 924
45 71 1526
88 58 9576
67 73 2584
66 34 2815
50 43 2420
59 45 1043
47 73 408
7 84 6475
83 41 9631
41 59 1863
67 47 5656
61 13 3290
87 2 1463
5 77 7470
45 11 9172
72 91 6953
79 9 5179
78 45 6198
6 62 9486
72 40 3102
38 68 1524
28 55 1954
2 26 217
90 87 5534
44 54 3942
0 16 8358
63 51 8067
87 12 7879
7 36 4852
3 16 9880
10 9 2610
18 83 3324
77 62 6714
60 92 1306
15 95 998
37 50 7606
22 85 629
68 49 247
81 99 9621
21 12 6647
20 64 7466
35 18 7194
70 85 4540
43 50 724
71 43 7765
50 37 6689
37 34 534
57 25 4672
31 22 246
5 52 249
67 82 1000
57 38 5217
44 79 6433
71 76 9078
58 23 7075
99 19 8435
62 57 7554
14 84 5497
9 5 6330
34 64 3928
10 68 922
32 64 8814
65 45 9614
65 20 5192
35 47 6438
97 48 6632
26 66 8877
31 64 9312
0 74 3694
89 59 8044
1 64 1247
65 80 9871
29 2 3905
44 48 4300
7 61 3637
77 2 5866
78 88 429
67 62 8060
75 41 3510
93 44 3818
11 62 2564
98 64 7501
98 29 7486
49 85 7448
62 89 5999
29 66 55
80 26 3630
26 93 8979
33 6 7956
26 77 4738
45 85 3603
59 98 307
18 7 8264
55 61 1072
58 10 3364
7 46 1834
74 83 7354
59 54 4207
81 52 5196
86 41 6221
93 18 2971
2 10 9102
11 92 4893
17 69 7879
82 51 26
50 83 3952
27 14 6164
34 45 1339
31 42 5585
37 91 9942
4 87 2156
86 1 2427
65 75 3299
3 32 5585
8 5 5817
99 83 8966
61 71 7407
30 57 5032
71 30 6887
79 80 9829
69 17 1470
51 23 6349
87 4 2496
8 34 3628
27 88 441
6 37 5155
71 57 6415
53 67 83
90 10 9974
54 17 2292
33 28 2097
68 87 3879
8 51 9805
49 71 7381
18 41 8372
91 6 1571
31 7 9024
97 11 6780
20 15 8025
66 0 7462
21 36 145
23 65 236
24 47 2445
10 83 4811
37 81 8278
27 29 9630
56 38 1048
4 45 7358
56 29 9659
82 61 7808
95 78 984
93 22 6013
11 83 5010
87 81 584
39 91 6356
77 78 28
33 24 1427
94 82 7151
43 65 3650
43 98 6528
39 90 6775
53 66 4673
66 91 1662
18 58 303
71 33 6481
93 61 5745
17 28 1209
89 23 8414
98 32 842
82 41 5896
95 36 9242
17 9 5982
32 76 9307
60 18 6908
61 30 2040
26 46 2134
22 4 4236
93 23 672
82 40 330
47 10 6104
81 89 8592
91 81 2058
38 91 9769
21 64 3620
14 54 4754
40 85 9682
83 75 1399
1 54 1038
97 9 4648
96 75 754
25 13 1839
69 5 2300
66 70 8331
75 56 3161
26 89 5684
3 44 7516
23 40 4348
50 40 6746
2 21 6031
94 12 7833
52 67 9337
75 45 9018
28 44 4774
40 43 3418
36 94 3495
53 1 1610
35 42 4537
19 57 7104
24 46 7594
37 59 8835
43 14 3297
67 34 1705
33 78 6448
8 1 2105
74 81 3686
82 84 1749
87 83 4473
73 44 9842
18 51 1082
93 24 6913
73 84 4279
68 3 9735
53 46 9950
12 17 6204
87 39 721
32 66 1796
71 20 8306
66 27 6125
42 54 4586
71 53 1050
2 80 9492
78 19 9538
46 9 2253
92 72 8965
25 98 6982
10 78 5471
91 75 6957
8 88 2243
74 67 6523
8 15 8783
64 88 9333
72 41 2002
93 81 2701
73 60 4434
5 92 7513
42 11 5170
24 25 5913
17 87 2578
26 19 1373
45 70 4240
65 92 5010
27 90 8356
89 99 1031
39 41 1125
95 84 5426
75 70 8283
5 81 8568
87 53 6789
64 60 4659
55 12 8865
49 20 4326
2 20 5693
86 31 8233
6 32 2137
84 20 6187
85 4 6592
3 63 2234
43 17 6025
82 72 7137
91 28 2946
60 84 6823
29 19 6463
21 37 497
41 28 6438
59 56 9555
45 94 2392
4 86 1861
14 27 4544
65 41 1180
33 61 2735
0 34 1298
32 41 6915
3 50 7829
31 66 7026
14 87 3162
67 30 2521
1 33 8764
5 46 3557
34 98 3100
67 3 2444
91 89 3985
38 30 9586
48 3 4824
62 87 4581
61 27 1095
5 39 9202
81 50 576
48 55 9455
98 96 9291
7 91 9616
90 94 2144
38 61 4528
75 84 7136
34 69 6287
37 0 7036
48 70 7348
82 73 8621
73 98 8461
48 79 1603
70 19 4409
18 70 385
46 55 6743
6 84 405
92 45 2536
24 63 1147
31 87 9769
18 88 6758
4 33 9481
39 89 48
44 64 4272
21 93 937
15 59 2732
43 19 7308
94 55 7557
42 20 5636
90 56 6941
24 57 5327
94 65 5921
3 18 4339
58 71 5879
1 9 8461
37 9 2197
83 40 8518
96 47 4204
79 6 6169
97 62 3741
48 33 9659
68 92 7340
72 12 4639
38 22 1653
89 30 9608
63 30 612
92 83 206
69 13 476
31 86 9321
94 45 4849
90 32 3842
55 10 575
80 81 1303
54 70 1785
27 35 6658
21 3 1152
6 4 9677
36 8 7827
86 78 4823
92 16 6425
67 81 6595
76 30 9385
37 82 9461
31 12 7914
9 52 7125
4 79 8041
32 84 8080
83 62 5297
1 78 2841
78 42 2322
41 38 7931
65 43 3783
50 3 3271
84 93 9019
97 92 1001
86 73 795
9 12 3050
19 30 3286
25 95 9045
33 4 3600
69 87 6003
99 95 9033
67 98 9275
84 99 7762
41 49 2296
44 60 2446
71 87 9485
95 90 6187
66 35 4855
48 85 876
27 71 4208
6 82 1940
79 67 7428
11 37 1095
15 45 6128
69 40 4150
76 42 2242
83 45 3764
56 88 1333
46 19 8359
95 73 648
55 59 141
34 90 2192
72 65 1467
33 75 9284
63 81 9338
52 63 5319
63 36 6549
76 10 7246
64 87 1077
14 26 477
76 89 1407
66 62 1010
6 51 9165
83 90 9908
41 70 8428
60 17 4010
14 53 1597
27 4 7323
83 6 8135
59 29 2649
98 76 6984
75 3 2635
85 22 5439
11 44 3462
41 0 1117
54 97 7762
12 25 5899
10 42 8333
3 58 2386
9 81 9287
86 33 9218
90 33 4823
30 54 9473
34 99 6633
39 16 2658
12 98 571
82 94 2994
3 73 5366
96 42 3599
36 96 9712
67 86 6146
13 28 7321
45 99 6838
40 18 5910
25 44 93
55 92 4490
38 82 452
37 42 6174
47 37 2271
22 95 860
48 23 4558
92 62 9688
98 66 6477
50 71 6754
66 14 886
39 59 2120
17 52 765
17 75 4572
89 31 5261
92 94 3450
5 14 5707
9 41 746
90 80 5788
93 62 6031
27 38 5444
44 21 6929
74 9 7669
99 10 7930
6 31 326
52 46 8336
43 16 1141
73 54 4925
5 66 8041
84 17 1581
16 87 9206
47 91 2211
91 49 3309
66 73 659
33 18 4343
85 1 7795
19 59 3055
20 97 1058
58 76 5066
5 74 9517
32 21 3793
44 52 1770
59 63 8223
91 4 5583
51 52 9428
19 74 3226
60 98 3730
28 24 8954
1 93 863
68 0 9785
22 61 5907
37 32 1170
87 64 7836
96 62 2830
98 42 4595
21 39 9203
60 57 5433
22 91 4858
8 7 706
14 12 8092
32 16 960
48 1 4391
74 15 9991
63 2 3610
12 61 4903
93 66 77
33 94 994
38 2 6201
2 70 7207
0 93 9932
3 8 762
49 45 4741
10 7 6582
90 14 9638
99 39 8651
91 86 8343
63 56 1333
9 2 6446
16 38 8047
59 62 4484
56 13 6035
21 26 710
43 54 9521
48 59 7801
54 37 661
28 63 5305
14 16 3729
60 72 6433
57 22 2589
6 5 3848
69 27 4333
41 47 5658
82 69 2962
93 68 7833
88 5 6630
22 73 934
89 46 3454
37 70 6873
6 79 7631
97 82 7230
72 15 1465
47 68 4439
31 92 8206
99 36 936
72 21 2430
29 46 8905
70 76 2218
88 41 195
17 86 3060
54 11 3459
4 74 8355
83 96 3082
44 57 8932
32 88 4058
33 89 9903
49 16 2895
62 56 3963
46 36 906
2 44 8642
78 50 3157
35 22 2817
77 34 4774
51 53 1739
57 1 4104
69 60 7986
27 61 63
71 92 6508
65 44 6415
80 21 6073
29 36 6169
82 83 299
59 69 9023
76 50 9062
94 59 7324
14 67 1708
12 65 931
46 1 8423
79 76 9112
59 13 5554
58 7 594
50 35 4101
84 9 7078
45 34 5728
15 51 6664
0 69 4207
41 64 8788
55 77 9908
16 86 1537
2 76 172
92 44 1777
44 27 4063
58 33 8507
40 61 5521
18 92 7770
42 32 1925
76 85 8084
8 4 7582
86 21 765
63 50 495
74 45 9607
82 11 9302
64 42 547
80 11 3919
81 34 2980
5 34 740
10 70 6144
78 0 1005
23 80 9062
38 90 1296
55 9 9377
30 63 2301
98 46 1201
68 59 787
40 10 6414
6 66 1404
75 93 6842
35 96 7452
54 27 6859
45 22 7889
29 17 779
28 20 790
54 52 6706
35 43 8302
71 21 9954
92 8 2742
14 40 8924
48 41 7576
90 21 6222
15 94 7332
31 4 3391
85 56 4063
96 89 1014
14 20 2344
97 14 5299
81 12 7700
77 4 978
82 79 9637
35 78 553
49 56 1029
92 47 4243
40 80 6627
2 81 2208
29 84 1275
1 7 5526
77 21 5626
47 18 3188
55 90 1805
13 52 5279
13 48 4194
79 94 8605
75 1 3222
14 71 4250
55 98 3856
43 32 3404
38 33 1022
91 60 2935
58 1 497
89 91 57
9 3 7888
5 15 9516
40 89 9816
89 86 7663
93 7 8958
70 62 943
29 57 4659
80 38 7047
36 91 3267
82 18 1774
7 82 9452
73 85 8285
71 83 6427
88 29 7147
37 39 8764
70 26 2995
80 62 2420
75 2 1774
42 37 4971
62 80 9708
15 88 6961
96 49 3209
51 99 4923
18 11 155
60 35 6829
82 43 6315
85 75 6662
76 52 3485
29 99 3342
91 23 8547
45 55 1158
61 4 8954
89 7 8919
51 47 4124
40 75 5277
10 65 7119
53 83 1492
37 64 238
87 79 9075
47 65 7242
96 52 5227
74 30 6177
8 32 8777
78 24 1937
66 72 546
70 58 796
17 71 6021
73 94 9701
29 54 9885
67 11 3732
85 65 9644
94 8 6365
68 4 7504
72 99 542
18 98 4911
5 10 4714
22 54 3319
46 52 3572
28 99 7153
57 59 9076
53 35 2418
70 82 7754
12 51 4255
86 25 2544
94 50 5901
1 82 2223
46 3 8593
45 46 2451
83 46 1834
19 32 5019
3 71 6369
93 25 2024
14 30 3906
85 29 5231
3 99 2086
0 54 2508
35 69 5845
2 79 8105
22 63 9924
99 11 7417
56 82 6662
79 50 8025
92 96 5924
91 83 5598
45 77 7299
92 22 3167
36 90 8504
52 72 1667
92 34 1034
59 74 7438
16 63 6242
28 98 2181
53 59 6327
12 33 5897
88 90 4866
60 56 7263
70 86 781
29 38 5345
61 85 729
58 56 2221
19 46 4645
13 65 571
65 64 4048
93 5 6785
58 43 9277
60 83 1985
65 87 7779
47 22 787
52 55 3317
41 39 9824
30 20 471
22 45 9121
46 56 5283
45 33 881
87 54 818
96 2 2759
95 80 9633
88 67 827
99 6 284
14 6 5995
54 77 7395
63 33 3426
80 67 8865
96 82 6545
35 12 5027
52 60 5674
13 26 1042
35 82 5808
45 86 4878
21 15 9036
65 68 4468
18 0 5712
93 83 6002
83 85 4495
28 76 3031
72 80 3702
50 57 1222
60 40 1759
38 81 176
57 28 1216
40 5 3308
30 48 2845
92 21 5633
71 9 2978
50 27 3028
38 11 7977
29 69 195
93 79 4353
20 23 9138
59 38 1912
36 12 6856
44 76 1529
84 66 6102
1 84 890
44 33 4940
27 0 4900
34 24 9441
54 64 650
49 41 235
50 16 8287
49 57 8866
94 66 1362
14 8 9923
25 11 7933
60 1 1904
78 79 3045
65 46 5529
60 14 1919
15 52 3981
70 33 2695
84 33 3716
18 10 8616
94 29 8228
86 32 2911
59 85 8003
30 3 9303
38 56 2560
48 84 6126
80 76 1885
44 17 5536
31 20 859
8 28 8130
99 63 6387
35 33 656
27 7 3343
86 38 1119
60 93 9711
54 89 7205
31 43 4998
92 20 9236
74 54 401
52 18 8767
58 81 9198
20 73 9294
95 66 9726
13 95 9992
3 48 1189
56 40 8233
22 9 970
39 9 2190
19 14 997
64 18 9305
33 40 5531
70 7 3154
64 33 5689
93 4 1020
92 77 5478
45 0 7675
18 21 7349
62 45 7082
86 34 3903
23 9 8740
47 2 3697
7 2 6164
2 64 2087
23 82 8449
61 66 567
56 91 3601
68 56 1247
39 26 3608
35 45 5605
11 86 4091
25 68 1317
63 26 9924
5 86 4879
8 30 5948
42 79 9073
79 88 5684
30 17 436
45 66 1183
65 23 8928
12 27 5136
85 28 2668
43 9 1883
76 16 9707
80 42 2451
6 83 1389
79 92 7635
57 81 4749
58 17 3967
7 22 9244
79 90 1771
48 17 5011
46 58 6643
15 27 6419
69 0 5198
28 69 7371
31 78 3859
95 10 7297
58 84 4205
37 47 8495
72 14 6537
89 55 2747
91 93 1420
1 67 3414
86 9 7035
1 63 4442
91 20 8900
59 9 8587
21 79 761
37 68 8439
57 71 445
82 0 1921
39 87 5452
75 95 1612
88 0 9240
99 24 5237
72 23 5988
50 60 8419
83 25 4886
12 0 8965
1 35 445
88 37 8044
42 70 3718
70 47 6192
53 60 6311
43 60 3153
76 15 2215
24 10 9052
6 85 421
19 6 920
23 70 4378
54 76 8941
85 83 1996
23 79 612
53 49 2437
19 52 5895
89 85 6306
94 32 3646
51 72 1960
1 31 8138
80 64 5884
37 40 8989
45 59 2427
56 47 4256
53 12 5541
31 68 3284
50 1 5340
92 33 5737
6 34 354
92 69 8982
49 51 893
91 0 4165
8 12 5163
49 61 1754
29 12 3527
29 48 1468
80 44 554
91 68 8741
1 3 6162
89 83 2141
81 2 200
91 57 3089
42 7 5879
4 53 9884
88 82 6583
15 53 7199
38 86 4305
54 19 3847
75 86 9136
34 2 2070
47 46 8719
71 26 5732
41 73 964
58 68 350
58 37 2921
81 77 4733
63 47 2971
91 40 7485
87 10 3192
46 50 6758
2 82 5098
90 70 3282
89 24 9073
47 85 822
42 14 7132
19 11 887
23 87 6614
21 22 2201
5 18 5883
79 98 4526
87 50 4150
70 91 6475
60 27 3471
94 33 6883
50 8 967
64 72 388
43 66 5253
98 81 1000
70 68 6495
0 23 9227
66 80 9539
59 89 531
32 23 7249
10 5 5320
83 8 9087
85 45 196
32 20 1309
94 11 2886
42 33 491
14 45 2349
81 45 6870
42 61 371
35 53 4271
59 65 1100
76 0 8694
34 44 514
47 79 4005
51 9 224
12 71 148
11 70 188
79 78 8837
67 97 9822
75 96 1336
93 10 9601
41 42 4710
41 33 8168
54 69 797
74 82 4684
96 50 5360
99 4 9940
32 5 5532
10 77 3469
60 7 844
5 31 8687
36 65 7136
73 51 4167
76 60 2387
10 58 4290
92 37 5060
94 86 3467
32 96 2221
63 92 7711
8 45 8365
65 63 9415
81 22 55
54 3 4709
35 77 5628
89 53 8749
41 99 5325
90 4 6007
20 80 52
41 60 8150
1 6 3976
74 53 1768
12 49 8657
83 97 4301
21 94 771
80 50 5821
1 81 5494
26 84 4879
64 90 5382
69 75 299
45 76 9682
13 19 1329
31 2 7679
51 98 1208
89 29 9962
58 63 9429
82 63 7032
27 94 746
33 5 1920
54 36 6215
95 82 1662
90 38 9416
50 96 3010
45 3 8263
94 88 5489
39 32 9356
11 43 5616
91 95 639
98 56 4645
97 96 3235
97 40 9522
43 24 7052
79 93 772
89 47 7562
48 51 4058
49 37 5146
92 65 2786
9 90 584
61 21 685
93 48 6088
25 42 4860
41 89 5560
79 63 6285
44 37 5975
14 56 4652
63 35 386
49 81 9600
53 75 9051
66 8 2869
99 25 514
20 21 1985
94 54 1483
24 42 6864
35 21 2387
96 37 6016
65 83 5491
84 88 260
76 12 6455
28 21 5843
81 32 1902
80 87 8425
13 72 5934
5 35 4487
79 15 8639
15 6 8624
22 92 5470
33 27 3093
35 72 5679
81 6 8582
94 13 4421
75 6 6854
87 14 3202
53 27 4572
7 43 3885
26 32 8622
20 22 4719
21 82 4200
80 37 1660
23 56 9431
62 17 6354
56 25 9098
99 8 6457
44 34 2985
85 37 4269
29 98 4563
11 76 8036
38 75 6902
99 2 9289
27 83 9685
8 37 4719
98 14 2934
24 30 6754
99 93 6772
6 75 1970
84 29 1535
20 84 134
7 85 2864
97 72 1636
22 75 808
2 59 7162
29 75 9529
5 13 4158
71 2 2487
45 82 4747
72 24 2042
76 26 6282
70 89 7856
25 87 2704
54 83 1540
80 39 5197
54 4 6665
44 19 7656
27 15 4394
45 64 5797
50 86 7579
24 3 4451
49 60 4023
98 95 8085
33 71 355
18 96 5166
34 40 6744
52 87 7160
81 82 2500
81 87 1628
73 17 3569
89 36 1177
26 24 63
80 68 2635
49 97 928
8 69 8882
32 27 9388
58 42 7116
47 81 1327
50 92 9875
44 8 5451
36 22 8638
68 7 2687
79 38 6803
86 37 1407
35 11 1085
19 80 3671
17 29 1959
87 94 6915
47 38 2858
85 72 8952
93 19 4543
36 30 5660
40 96 4319
4 75 6425
34 52 7931
78 74 2086
66 11 9048
1 73 7588
51 28 1078
97 36 1697
8 49 450
68 72 8977
3 54 8116
53 34 6057
5 24 7076
30 35 5831
45 9 382
0 44 8799
84 89 2785
97 81 9908
37 4 4802
77 46 2558
55 2 541
72 20 289
45 67 5153
35 17 9601
85 55 6382
40 83 9300
66 98 3220
70 95 1282
9 30 1954
25 0 5384
6 95 844
52 28 3433
46 34 4617
47 41 8350
1 71 6074
32 29 7361
59 11 8635
26 74 7921
50 97 8625
31 84 5180
33 38 9262
4 51 4075
29 83 5488
49 0 605
90 91 4820
43 12 6027
51 25 6327
60 48 3878
19 23 3721
12 68 9267
8 55 5195
76 22 8957
53 26 8533
73 7 8182
92 67 5487
26 68 2376
22 80 3997
62 98 6062
34 65 9324
14 64 8655
35 3 5599
96 79 4431
56 49 6278
56 72 1035
89 17 346
11 61 7048
21 89 6499
15 31 7257
4 89 6337
10 34 7014
5 32 5470
85 61 3578
2 85 576
76 9 4035
87 76 449
28 5 9778
26 14 9799
76 81 4221
50 34 5777
82 15 3215
91 84 3024
15 5 5406
39 34 7969
48 34 4500
34 50 9868
69 67 1404
15 22 9877
12 10 551
77 68 4751
16 43 9868
81 65 5665
89 15 7853
84 24 4870
71 69 3400
60 78 7349
98 74 2782
67 7 8060
64 7 312
92 25 2084
4 46 6363
95 74 7129
24 35 5706
20 7 1090
57 76 1543
76 27 7600
30 0 485
56 81 3050
12 18 4218
30 94 6130
59 53 4257
22 18 7963
54 9 803
67 58 8874
9 28 9453
78 32 9957
36 68 9205
50 6 6207
91 53 8423
61 42 5205
96 91 2465
99 38 9611
3 26 4908
68 45 5178
32 43 8191
44 31 3292
65 55 1337
25 45 8033
98 18 5400
67 85 9119
73 12 9262
86 2 5442
73 56 8099
44 65 8578
97 52 9143
75 27 7438
82 60 7350
16 83 3281
53 47 5993
28 88 5008
3 88 944
25 29 5389
40 31 8749
46 22 6709
76 19 4278
13 30 2456
43 72 2758
3 41 8876
66 49 1148
22 94 5646
90 99 9588
41 85 6442
74 31 9836
9 62 7281
80 77 3692
27 98 5058
77 35 3340
51 24 1333
23 6 8602
82 1 9716
87 3 9936
16 0 9181
62 39 6251
2 66 1125
2 9 686
97 23 3671
91 99 9548
80 70 3069
27 63 1657
66 16 7161
27 28 7456
76 93 8923
70 2 8476
23 46 3467
38 16 9588
93 35 5195
4 95 5032
83 36 9470
63 99 1835
65 36 3530
38 32 9745
53 84 7716
47 82 4730
47 75 6264
28 54 388
38 57 3956
11 53 1712
51 27 859
18 82 1740
60 63 1400
2 33 5299
31 79 7809
17 34 4127
98 59 2802
83 77 23
95 48 7538
81 1 7990
14 90 9097
75 55 5826
59 31 8535
48 96 715
92 93 3727
45 56 5611
40 6 7749
53 74 4239
97 69 4087
99 58 5635
4 15 4387
7 5 6635
52 16 616
47 17 8628
83 53 2256
82 35 1492
31 58 3585
77 55 735
89 32 20
13 66 4711
80 73 9361
67 78 1651
20 13 8761
65 56 2905
98 31 805
96 56 6167
44 24 6803
47 3 6786
92 64 1113
76 31 1320
19 96 8978
83 11 889
62 24 1151
61 20 810
88 24 5634
15 28 6979
89 14 8205
16 44 1929
46 66 4229
43 96 8334
91 87 4550
57 85 7334
86 19 8841
60 68 2394
19 0 1708
88 54 1412
19 29 6738
35 76 7386
48 26 8657
71 59 7382
58 78 9409
89 11 3382
10 94 9850
86 98 3221
2 89 7227
69 48 6624
18 59 5461
46 4 57
33 51 3054
56 52 3436
12 85 4524
47 57 1834
49 72 6006
16 54 6089
94 72 303
12 55 6135
75 38 4363
40 2 6807
56 33 4234
42 49 6017
28 70 8701
89 74 3006
74 88 9466
12 76 7530
32 69 2973
45 27 7949
71 52 8571
17 79 8876
86 13 5485
5 21 808
40 41 2586
6 9 231
97 20 7558
42 27 8558
65 74 3935
89 8 2565
6 72 791
61 91 3462
22 1 2535
93 0 5265
28 77 2102
18 94 5817
11 71 2124
98 69 5939
59 57 1335
30 4 6138
43 11 1963
13 42 9511
77 36 2374
95 72 9899
75 30 9576
43 2 4493
78 80 7811
82 33 102
0 45 4463
16 14 2488
60 4 5825
86 83 3418
34 36 5244
62 19 6778
88 9 2909
99 72 2159
27 21 4668
58 61 4169
45 6 2413
36 64 5937
73 74 9767
54 33 4672
46 28 6954
11 94 1709
75 36 2977
82 66 1626
32 25 5734
28 57 8414
75 69 6304
89 34 941
27 69 6051
27 49 4959
47 1 6701
14 94 2315
0 29 7292
55 83 2274
44 4 9306
75 91 4474
14 74 4253
15 26 9809
21 86 3138
50 56 7940
94 70 371
17 42 8178
80 25 7662
73 46 4367
42 44 7769
1 89 207
75 25 1478
75 24 7382
7 13 7573
75 62 4547
38 23 5109
20 41 6264
20 87 6051
8 97 2172
46 14 8456
40 45 1247
31 8 1595
38 63 9044
0 70 9892
8 94 2344
20 81 6201
22 28 2219
60 65 429
86 65 9851
92 40 9773
9 70 2382
25 80 448
32 73 6828
50 93 9091
6 39 5585
8 57 5043
22 25 3414
74 73 8708
85 68 690
17 95 785
70 25 3477
61 54 2408
85 2 4778
82 99 5775
99 9 9268
93 67 8956
16 15 8346
97 17 4246
17 90 6707
23 20 1108
22 50 5150
2 11 9501
46 72 3516
26 90 9106
85 11 9040
24 77 704
74 0 7688
30 78 9007
95 13 8825
90 18 3368
94 28 7560
85 3 422
87 29 2642
60 21 12
11 87 8327
68 51 9225
95 8 7310
91 59 8889
18 61 780
13 22 582
15 87 8853
70 42 7178
9 31 1810
82 80 5831
6 27 4674
48 97 7134
55 64 2952
51 70 9420
13 8 3759
41 57 2538
10 79 5678
80 34 9646
82 13 9181
87 99 9914
44 89 2177
26 72 9063
7 79 7986
97 18 6041
4 3 269
93 95 2942
71 66 2132
27 76 4292
50 10 5867
64 84 7
39 3 8471
82 42 9691
76 84 7346
57 36 4906
57 55 869
10 36 9027
64 51 6822
39 33 904
85 20 2972
55 54 1043
2 39 9303
69 63 1034
78 28 9377
43 77 9510
7 78 1920
76 70 5699
49 68 4258
80 2 7867
46 73 9584
56 9 3510
57 91 4432
46 88 942
84 41 1421
23 96 1159
97 88 3695
84 4 761
9 8 1307
40 47 8544
62 49 1876
85 32 7191
22 29 6771
98 90 6801
89 18 8057
18 46 4042
56 1 4852
80 56 6628
12 81 5410
51 80 1970
14 88 2201
10 41 9731
79 49 9786
62 50 7824
84 63 7627
70 56 8278
85 36 7141
70 96 1549
43 91 8785
9 68 8892
10 11 7853
11 82 1213
77 75 9051
3 36 7049
22 33 2170
60 10 7019
16 98 7129
47 24 6281
30 2 8754
94 91 7077
42 36 1353
17 70 8774
81 9 2997
43 85 254
71 18 232
85 15 3961
95 14 1121
12 46 7316
47 26 7326
59 92 2839
52 71 9174
15 36 9647
46 18 6714
98 60 4222
34 47 3712
82 93 1523
77 91 3968
5 56 4336
55 8 9647
83 12 6910
58 99 503
44 69 9681
62 9 6813
6 3 4639
77 30 4799
28 89 2287
90 78 7873
52 48 8557
12 79 9175
8 84 2857
67 55 2325
83 43 7171
7 45 2633
93 97 2281
30 25 7600
59 10 7818
35 84 9774
65 90 2730
62 7 8931
38 50 6736
16 96 6174
88 11 7206
45 42 6336
0 36 4840
43 34 9993
27 64 3931
86 17 2027
3 46 2727
98 26 8872
31 27 5811
4 57 5107
39 19 9090
17 67 5904
79 60 1626
9 91 9954
46 98 4000
35 56 1264
91 18 3702
15 50 4109
92 78 3834
83 54 2951
40 59 6291
10 82 3328
57 61 7041
63 53 9240
85 46 8874
93 15 3035
82 23 1936
1 72 7843
23 25 9269
52 50 9444
61 86 6736
61 53 1694
8 50 1235
93 92 3090
63 23 8192
3 9 4976
45 48 3701
93 99 5708
11 81 4094
65 34 268
34 59 1450
38 6 865
65 29 1436
55 94 8224
29 86 9912
13 3 1248
85 62 3189
2 8 6354
10 91 5885
68 21 38
38 29 2555
79 19 136
39 27 1160
34 54 8058
85 98 2728
65 85 9969
45 1 8538
30 15 3528
11 58 486
77 52 9279
57 21 208
15 92 3638
1 52 9038
70 46 5477
44 87 8706
67 71 2864
32 65 6608
24 33 1535
78 65 3172
89 92 6764
86 62 1411
95 49 9618
35 71 4788
10 33 7057
5 90 500
19 25 3401
52 45 1844
84 55 1197
62 6 3317
50 73 9892
31 60 5836
21 33 6892
59 55 1830
63 55 4975
81 18 2166
53 64 5613
84 76 9998
80 78 376
29 95 9458
70 45 1805
28 73 9702
22 77 2668
89 26 3392
43 40 4249
68 14 1709
20 9 4684
93 26 6031
61 78 5612
78 72 2243
61 97 6944
53 63 6636
32 22 5472
95 56 8704
7 17 7620
15 66 930
81 27 737
26 63 5182
75 21 5172
86 27 8470
25 15 6564
74 59 4467
56 71 147
7 66 6296
86 44 2601
31 36 2491
75 4 3534
70 65 7743
9 71 1460
12 80 2585
71 31 2907
73 28 6263
93 2 9822
79 52 2340
65 13 1809
36 89 1805
26 69 4650
42 56 5170
25 61 1810
65 21 145
70 4 3170
62 53 270
23 85 6023
67 8 5343
72 75 4141
7 44 1264
13 77 3636
25 12 6207
26 64 393
93 1 2878
65 42 2374
10 61 1120
24 11 5489
24 41 997
64 31 3086
10 3 8082
48 30 1747
84 11 9121
27 67 3432
98 24 6613
0 14 2540
48 54 3781
65 14 6567
9 99 8039
30 1 8134
57 33 3076
55 68 4194
93 71 3579
44 30 2441
29 23 673
54 34 3292
99 85 9447
22 74 6404
8 74 1354
4 6 7265
69 53 8449
88 73 7081
27 96 4492
44 28 3523
98 68 1172
31 6 1797
21 66 7659
15 80 9351
29 82 8901
52 21 6327
11 99 602
3 10 6225
69 51 1049
25 92 6929
59 18 7235
40 37 6434
18 52 9292
13 27 9145
62 79 5391
48 27 4057
97 87 811
58 16 3712
83 63 8728
27 52 248
1 66 9782
92 5 3966
49 75 9846
51 26 2957
88 95 6574
80 27 4207
38 47 8612
57 14 2175
98 9 7550
23 22 4078
79 20 3509
45 69 2400
82 38 9319
22 53 3646
20 78 4327
25 30 3833
28 29 4515
66 59 6099
84 92 6000
77 19 4659
53 98 2448
92 31 863
55 76 7467
55 13 6884
41 10 6014
37 13 4778
48 83 3265
22 90 5080
75 58 3604
66 83 7323
65 66 6824
23 21 4132
6 96 7767
41 40 8555
98 79 8582
39 85 2025
26 8 6900
28 47 8176
57 79 7422
35 87 3846
52 2 1735
30 66 2851
62 82 9079
91 15 1044
59 35 4707
4 42 3184
85 19 6862
53 6 60
75 77 1770
85 54 7381
86 16 9702
0 7 9321
90 77 4117
35 97 7008
97 49 9421
34 13 5898
46 87 9135
3 91 5418
44 43 6376
4 39 4470
98 53 7127
73 24 5410
2 56 825
79 8 9447
40 65 9744
26 81 1477
1 77 9131
60 55 4036
31 76 4495
99 47 9500
47 88 9990
26 27 6386
82 28 7499
79 32 5963
4 31 4273
0 2 8297
70 50 244
39 80 3644
35 62 8724
16 77 7154
8 47 2420
27 5 7372
89 81 8643
76 82 3757
60 33 8777
89 67 9124
92 84 2162
59 73 6869
62 69 8354
84 60 7515
73 52 5852
12 14 946
49 74 3775
99 15 1101
41 96 3016
93 96 1641
84 40 3954
10 19 8108
26 56 3661
76 4 2777
2 43 9174
80 35 3476
90 72 7782
68 74 316
16 9 9711
33 83 2369
74 64 1702
99 32 5400
85 35 314
99 68 5056
25 21 9664
1 55 5493
39 15 2084
48 38 490
68 11 2435
34 17 2063
47 14 9898
47 62 516
60 5 84
58 55 7496
34 27 234
63 29 5280
75 98 2579
71 93 7927
12 15 1543
37 31 2369
89 37 3612
27 39 206
49 5 6637
27 42 4422
56 59 9204
37 25 1655
50 47 7331
69 16 9481
7 62 7671
87 69 3415
7 93 6337
80 90 18
32 74 6921
78 67 8828
56 37 1842
32 45 3816
4 12 4972
78 1 2753
74 91 5686
60 39 1384
38 97 3765
14 59 7489
65 37 7003
88 66 3961
20 49 7847
22 35 1503
39 48 8749
83 34 5987
97 66 5817
34 12 988
70 54 2128
57 48 7154
12 43 6847
73 82 1144
5 61 7738
91 48 7578
6 25 5244
11 31 8377
96 55 7383
96 90 3626
42 64 691
1 42 3732
23 54 6446
19 27 6806
99 81 5340
21 35 6944
95 0 761
7 49 6360
47 99 7206
76 45 9701
49 36 4696
87 63 1496
99 35 2529
53 54 3347
81 43 9836
42 12 2949
78 96 3746
30 69 414
15 96 8866
30 70 6859
81 97 2936
51 5 1008
18 60 7298
8 31 8959
24 38 3455
55 20 2144
42 51 999
11 10 8397
72 52 8568
41 2 7706
34 10 4940
84 19 9243
28 0 5746
44 45 7165
67 13 3678
37 28 7621
20 90 6238
79 0 9817
24 55 8542
80 23 9699
42 97 5222
71 64 6000
24 51 1043
86 42 7983
81 72 617
73 32 5826
89 63 8348
79 23 5911
78 12 2180
85 69 4203
81 60 9221
99 67 9521
36 72 72
41 30 2548
71 41 7691
77 63 2980
49 38 2383
87 45 4968
31 25 951
38 43 6551
96 83 3841
66 12 4478
7 28 1932
9 16 7602
11 97 7925
59 76 9216
29 26 2337
80 83 3623
23 76 7937
48 52 199
2 73 1921
9 19 6372
47 44 6244
52 95 1392
37 54 6436
11 34 7018
14 44 3895
76 47 5237
52 79 2318
84 21 1103
70 10 59
25 81 6976
48 89 3466
73 29 1461
5 98 6037
9 25 9642
36 37 9324
13 46 9281
73 6 1030
88 27 8035
49 76 1857
17 45 5402
6 50 2798
7 47 9587
42 10 9867
54 45 6089
9 88 4731
14 80 4639
98 13 2695
99 71 6545
84 36 5735
68 1 7473
24 27 4807
72 13 9897
38 74 6560
27 36 8690
99 96 1897
86 70 1471
70 39 5518
78 46 1384
25 58 2056
10 16 3638
68 67 9693
54 40 870
83 92 1216
80 14 1298
1 87 6011
83 0 231
11 24 9555
13 80 7660
31 13 1660
66 97 9784
12 31 6281
64 3 7192
5 53 9942
52 9 7098
29 44 1695
37 6 9355
72 92 6477
27 33 2017
22 71 5816
42 17 8103
85 96 8345
94 67 4493
63 14 639
1 97 763
27 60 5012
47 6 6116
70 69 3659
15 11 9563
16 59 3502
6 93 3527
59 67 3526
35 95 6123
44 25 7580
76 71 6376
71 14 3515
4 9 5933
99 61 7877
41 31 5975
66 38 9552
4 25 3735
98 10 4984
6 65 339
86 5 7596
26 83 7731
68 84 7639
44 36 3186
2 23 1958
87 26 1140
17 41 960
7 88 5783
39 86 1378
94 17 2748
86 88 7251
58 87 9659
68 23 1154
96 67 7896
98 3 7135
11 90 4264
54 16 3235
0 25 8344
86 93 1225
18 54 7905
29 42 5298
71 68 445
88 19 1056
89 6 7966
31 95 8106
0 50 7761
59 0 5949
13 70 3177
62 65 2895
56 73 874
87 65 3503
7 65 9098
71 86 9464
78 43 3775
82 6 5460
95 30 8841
26 98 1250
52 53 9424
9 35 5992
42 28 8142
30 47 3157
96 71 7277
64 2 9417
63 25 4095
99 75 5750
4 64 5470
90 41 2039
25 63 1521
61 83 7575
92 6 5695
45 81 2268
59 34 8127
24 54 7467
35 37 2290
19 42 4363
64 52 7367
88 4 1046
20 85 5198
18 30 1911
32 60 7741
36 31 7730
15 84 2672
38 66 9234
2 0 9097
61 74 302
33 31 9838
30 72 6507
79 35 449
12 93 3746
69 29 3618
84 53 4660
17 97 2970
23 98 3636
37 33 5334
71 94 9660
58 9 5947
70 98 7614
45 21 3685
19 47 9267
10 47 6501
59 66 856
75 13 5408
15 74 4514
87 60 6383
72 94 6656
19 20 9366
6 33 2423
34 77 5238
68 10 4662
99 17 3352
64 97 2959
82 34 1416
69 23 555
72 30 5619
95 75 1958
74 50 7543
0 46 8607
69 11 6083
99 87 6730
27 66 6441
78 52 5040
85 23 4864
2 99 8469
51 65 9184
55 41 2727
84 5 1086
20 0 7137
2 4 5774
12 21 2913
28 71 9553
58 44 7699
24 72 569
7 75 8945
12 8 1632
76 5 9319
68 34 1779
73 96 6431
24 58 1457
38 67 9011
78 23 2085
61 3 8117
83 26 3178
3 76 8294
20 57 9603
7 63 3294
85 99 5478
2 32 1689
97 71 7716
1 58 8074
56 4 1907
2 77 9898
90 62 9973
43 56 5619
36 38 9680
31 85 3073
42 75 3294
89 56 2807
1 46 9791
26 87 4775
64 12 680
99 16 7022
43 20 5404
64 21 3005
27 51 2486
37 94 6678
60 66 833
62 88 5441
98 54 2098
10 81 3310
54 1 8677
67 59 9225
1 95 2181
52 40 6031
30 62 9551
56 6 3005
2 53 7063
1 36 2116
14 93 8099
69 61 3491
52 76 8917
9 6 8767
31 81 8066
85 26 2368
89 73 4692
96 10 9285
45 30 6279
43 41 5260
75 20 4482
29 59 2922
5 91 7810
99 23 2551
53 91 5635
21 38 8953
94 71 9570
36 11 3210
27 55 9829
65 30 9063
77 3 5392
58 31 9663
24 28 1948
62 58 2813
38 18 124
95 26 5988
83 60 3371
74 62 5721
11 66 3558
72 29 8954
26 79 672
44 73 9616
82 16 5481
77 72 3226
53 89 4569
19 43 834
3 14 3489
95 23 3346
97 90 2373
32 71 7666
51 59 4405
44 29 9025
6 71 4111
33 16 7157
21 72 4625
59 25 4475
26 39 9713
80 49 7088
29 21 1433
16 62 9731
77 88 2714
1 34 7446
23 12 8514
47 23 412
30 74 1327
20 18 3513
58 86 9198
8 56 1692
43 45 3715
24 93 6959
30 7 2774
44 18 8022
18 56 9061
86 43 4752
76 46 2273
5 38 141
61 87 5657
49 92 2151
62 72 9967
91 70 7653
31 89 6547
60 46 7635
36 51 9545
81 85 4201
74 79 1663
58 93 4022
57 69 9968
47 25 5083
11 28 2267
76 13 6441
77 94 8715
82 21 998
36 61 1518
95 99 7706
4 21 2087
98 52 382
24 1 3164
77 16 4708
3 60 312
76 79 8496
68 33 1838
90 49 850
52 83 9027
99 97 3570
56 95 7575
46 86 8582
27 6 8197
89 10 4076
21 61 8375
25 31 5282
68 97 3538
48 43 431
85 38 9522
91 43 8165
10 63 270
19 53 7424
35 83 8014
31 44 1268
83 93 1965
92 68 3862
48 14 4676
68 94 4718
13 89 483
46 33 6420
66 21 2975
36 20 9555
93 6 3241
45 53 7156
87 78 6202
60 77 9170
27 43 2461
49 22 1809
63 97 7997
41 61 1580
60 30 2865
88 71 7539
31 98 8104
90 16 2720
15 0 3652
62 64 8350
23 26 8915
33 84 5742
53 95 1686
54 75 2238
92 59 1691
71 27 4154
17 27 1338
81 67 7574
98 67 2704
33 57 7146
65 27 9510
56 78 6072
48 21 4464
88 57 1907
69 85 1917
89 35 6354
22 43 3232
57 53 9885
20 45 7500
56 55 2666
45 23 3252
34 30 1341
11 95 1399
88 62 3162
42 9 884
63 15 8980
36 62 6874
63 58 6133
24 48 7997
26 10 3547
24 69 1024
99 73 6361
23 88 4294
33 66 5590
74 61 9488
72 55 8456
67 46 8247
87 91 4968
26 78 1811
45 7 8828
51 16 1047
39 95 8201
34 20 132
29 16 828
23 48 9188
87 16 8157
20 12 6286
10 56 8218
18 16 6192
90 6 8623
84 3 4523
75 35 572
9 76 8413
48 68 7373
19 10 3241
13 37 4096
34 74 2545
88 93 537
32 17 8833
84 8 4351
5 79 4802
65 38 3500
2 57 9729
62 2 7884
29 13 6307
46 51 8171
43 35 9192
65 79 149
4 48 1317
26 53 4353
95 98 6489
20 50 4268
86 47 6386
8 17 697
6 57 1037
91 32 6817
70 78 2460
44 85 3988
18 48 5725
6 42 3765
43 8 5202
23 91 3734
45 29 3593
23 84 5416
83 51 4706
18 19 125
36 86 2039
32 78 1249
44 9 1851
95 96 1417
82 44 6275
45 79 1606
47 42 8958
38 9 1205
41 12 492
43 59 200
88 64 9796
92 38 2118
14 24 8224
73 77 8741
6 87 6206
69 68 2161
72 43 2259
96 93 7767
74 93 2643
6 68 1011
24 23 4091
74 7 6501
85 60 4486
13 88 4425
31 83 3063
88 10 6559
87 62 8690
15 30 4155
12 38 4757
64 62 6996
17 44 6152
60 23 6332
46 47 1166
33 25 9864
68 91 3776
92 13 2470
86 90 4210
29 28 5766
92 66 8124
53 43 9617
18 81 1616
45 88 9294
72 57 7013
61 11 5081
49 52 3047
37 26 5625
60 19 2446
50 31 1127
7 12 8452
52 23 4810
64 19 5080
27 89 5583
12 70 3363
8 90 9020
71 60 6291
14 7 5577
54 20 2178
27 57 7485
82 95 3961
52 61 5397
90 37 6849
67 54 5836
43 49 2767
76 98 1054
26 60 9250
4 91 2162
25 90 7246
63 73 9477
64 1 4073
55 23 3663
47 32 1744
47 93 2489
75 89 3563
89 0 4742
25 10 3247
39 98 66
96 84 4505
84 2 6886
15 67 6074
30 43 7729
43 42 3793
18 99 2851
87 84 178
21 14 162
96 69 2897
23 72 3244
39 54 9863
58 48 5960
97 61 6153
28 92 2011
48 62 3909
91 35 7464
2 12 5815
92 74 8508
87 75 6176
55 63 9230
16 90 3868
19 17 2958
51 63 180
10 2 4824
57 88 8267
87 42 2365
94 10 5689
82 53 812
32 82 7346
69 94 1840
89 84 3922
66 67 3364
39 94 537
12 66 2401
2 84 5462
26 59 213
28 53 9910
8 75 4322
41 86 5799
19 98 3840
59 26 8681
45 80 244
66 55 2268
13 55 6448
60 26 1619
93 34 4075
54 14 4302
20 54 4000
15 60 3504
62 71 2492
68 61 1371
12 89 3089
80 96 8284
73 37 2843
6 74 7938
41 9 7931
0 57 3690
35 79 8382
85 5 213
93 73 5927
21 56 6126
55 15 1595
8 21 1952
1 76 2004
10 52 9295
21 52 8223
48 32 761
11 7 6739
67 29 1445
41 1 854
22 38 4432
25 3 184
89 39 229
27 75 7744
21 24 7444
73 70 985
70 41 1440
13 53 8552
10 64 2837
78 81 396
26 91 7028
78 5 5136
74 56 102
88 60 2770
68 53 9031
50 52 6266
43 13 4217
74 63 9773
58 60 387
28 1 8612
8 86 3189
90 73 6048
81 84 8941
94 30 7235
78 47 8517
89 93 2454
72 85 2054
91 10 57
86 40 6736
52 69 2340
75 29 9758
61 0 1468
61 19 9156
69 72 3991
75 72 6980
53 16 2618
55 27 9649
61 63 5765
2 19 9658
78 71 9227
5 78 950
61 77 8562
94 97 9677
62 23 7192
26 43 9609
10 53 7133
26 40 4714
93 41 7292
14 23 1581
38 13 9386
92 97 5841
23 60 3890
12 35 5183
42 24 2594
46 77 2563
30 92 182
57 39 5407
93 21 1160
18 74 9913
85 42 941
16 28 9911
16 57 4497
80 89 3053
73 33 5080
71 65 9005
15 43 2611
31 21 5697
82 2 6387
78 62 9855
36 24 1593
26 75 1111
75 64 4687
49 13 6342
72 6 2333
49 39 4724
1 65 1569
35 63 5202
2 62 5762
46 40 1913
64 68 7467
38 88 1868
29 37 8699
98 30 2614
41 26 3649
36 93 2955
58 30 2343
62 5 7859
63 3 5272
10 67 1325
54 63 7151
88 32 4796
26 71 7647
77 5 496
72 82 6568
66 54 9740
65 39 640
9 15 715
45 60 7486
26 9 4859
66 51 8108
84 94 6796
32 39 7654
37 69 4184
34 3 8672
49 21 9602
83 94 2894
62 40 6315
23 3 5487
42 8 2936
78 57 8187
67 72 4302
33 95 8739
2 88 2798
54 86 5691
29 45 8275
79 48 9262
90 28 6331
1 27 64
38 55 7893
66 13 395
41 44 6909
89 43 9570
94 38 7696
94 58 5021
63 83 7184
25 78 2375
50 80 829
86 20 6285
13 73 475
96 17 4423
51 38 3134
41 32 9444
21 83 8806
54 73 8610
97 43 3063
22 10 2536
27 82 7694
18 5 6198
45 24 4682
31 65 5328
10 92 9468
35 1 5447
84 38 241
20 29 1762
74 85 3638
65 50 7133
11 17 3192
67 37 4569
68 54 2254
97 5 8393
66 22 4792
12 96 4526
35 23 2835
88 59 155
96 61 1344
66 10 1949
76 49 2667
15 35 220
22 48 8832
71 91 5283
31 51 7205
80 61 1792
89 75 3582
45 31 5696
31 50 1892
3 95 4759
93 11 3471
6 73 2550
86 80 2621
4 61 8766
76 32 7253
74 76 4572
87 96 7132
3 94 465
34 29 7272
92 30 7624
88 47 9462
78 66 4347
36 77 769
73 43 6959
19 79 639
84 54 340
6 11 3770
67 33 6122
80 0 6111
67 25 1631
55 60 2729
44 53 9515
17 98 8261
43 21 1651
5 68 9541
93 56 3667
77 48 7901
37 19 7840
38 99 7254
60 0 2659
9 24 7771
34 79 5812
2 50 2033
12 5 1507
43 5 9698
20 96 2362
32 33 3962
65 47 5010
18 84 8703
71 35 1505
67 96 2576
73 42 1582
32 93 4323
93 58 7876
27 46 6808
6 38 3996
56 14 7228
48 16 3276
6 29 781
91 36 6144
5 84 269
4 18 6625
1 61 1730
71 99 1845
58 0 3037
53 65 2995
40 90 3384
95 76 1521
47 95 910
2 31 9706
43 37 9001
78 75 592
50 90 2832
19 71 6818
97 51 5843
95 62 7808
99 90 6274
66 86 8068
15 81 2122
64 73 1796
36 21 9615
54 2 2405
37 24 4959
29 32 1626
72 0 9272
34 60 9176
28 26 7699
73 97 497
71 34 9929
19 1 9018
27 73 857
22 60 3988
90 66 8443
34 26 1921
22 88 6751
21 99 6598
51 18 7430
27 99 4382
91 72 9987
82 89 4608
3 61 2594
15 32 8644
94 26 9080
69 65 2057
62 44 4264
29 20 6697
46 79 6133
98 11 9547
36 35 3833
5 99 3103
73 65 2912
20 3 3693
50 42 7688
54 23 1405
95 65 7076
68 88 2588
95 43 8201
59 48 305
35 36 4256
46 94 9292
16 92 4734
10 88 3722
25 53 7266
30 8 6932
3 83 1741
32 14 2834
36 81 1373
38 78 8842
52 31 6572
67 83 4559
14 92 1069
85 90 7645
86 58 2197
39 2 8981
38 14 8123
72 1 3883
6 35 8504
40 23 9903
66 56 6583
11 35 8503
42 43 4259
73 36 7087
56 28 5572
23 66 6232
61 99 7982
26 2 4730
24 43 1015
28 79 7943
91 12 6254
96 68 5437
14 83 908
52 37 9987
75 76 4236
29 89 545
13 32 6420
72 17 6515
12 82 2419
77 59 891
54 95 5333
22 49 4292
41 17 5777
26 37 2285
52 33 3708
67 87 5445
30 23 5871
56 61 8321
7 98 1431
99 21 418
73 90 8934
21 28 6660
77 29 8546
50 11 6951
32 63 198
75 48 9471
0 94 8015
50 17 7468
98 40 5429
31 82 9180
78 29 1051
96 73 3706
39 1 1829
0 52 9383
98 19 2972
59 43 4234
72 7 4670
30 37 1600
87 5 7152
29 61 3114
19 35 9351
43 81 5541
74 49 6203
41 29 7569
87 68 563
41 75 6999
36 74 6466
26 23 4432
91 47 1705
62 94 5900
99 33 140
2 7 9008
96 22 2175
83 88 3566
56 75 5488
21 17 1928
95 40 1796
19 34 6841
23 78 7535
6 76 1276
69 99 203
18 95 6231
45 95 1982
23 28 2389
2 97 1367
63 71 2190
4 83 9425
95 15 432
20 2 6846
25 86 4664
90 96 1293
8 43 7830
73 30 5571
19 9 8951
28 50 6744
18 53 4200
72 96 5048
45 49 9390
83 42 6929
26 80 7509
89 22 70
5 63 2006
64 59 9981
51 33 2566
61 68 4027
76 2 7407
68 32 1636
20 5 2571
48 82 5542
12 36 9016
44 80 6249
35 5 7777
56 0 2699
44 71 60
89 9 4346
16 97 9967
91 8 9136
37 16 2910
66 17 8410
69 64 656
5 75 6806
95 70 37
90 67 411
69 52 4891
6 16 1959
12 3 8323
56 53 6260
44 55 28
99 31 7793
8 48 9903
99 92 1358
79 58 1056
54 0 8123
48 11 6025
90 51 5457
87 95 8797
35 55 3989
19 18 2153
53 56 5554
86 79 4495
69 73 7399
7 81 4390
10 89 4437
87 61 5522
77 9 2836
94 51 145
26 42 2784
33 41 4108
98 55 4615
16 67 7669
81 38 8513
8 68 5873
51 76 9619
17 65 1159
99 1 2325
94 4 303
57 58 3054
90 7 2379
77 11 9116
31 5 8350
65 10 6361
71 3 4448
20 67 7985
7 3 7231
63 24 1952
40 82 98
80 36 5082
69 12 9592
33 29 6649
36 66 7949
6 97 2461
98 89 3018
41 69 7526
6 60 3665
32 38 665
86 94 3372
77 93 2498
59 81 6228
37 51 4852
56 67 7795
31 33 9796
52 43 6496
87 80 4533
28 52 2213
2 78 590
63 19 2069
29 74 2636
19 58 6754
58 85 6241
93 51 2694
92 10 9892
38 80 8981
68 26 396
40 14 3948
40 66 8334
99 60 6893
49 30 3764
43 64 2229
33 45 8111
49 11 7010
27 25 7959
70 61 2531
21 0 2614
15 39 2814
25 22 3344
66 99 9560
24 2 1667
42 81 9234
4 97 4215
41 15 3618
13 78 5405
92 2 7938
34 41 7215
84 56 7102
87 21 8666
38 60 5194
26 20 1620
87 37 8048
60 49 185
32 53 3998
96 31 2629
19 76 5322
57 13 1632
94 57 8307
74 66 9688
78 98 3946
2 61 8716
45 39 1562
38 25 1297
82 50 4101
43 84 3703
51 1 8355
83 67 7624
30 73 4001
84 83 8509
10 32 6713
86 71 4449
98 27 5557
53 24 4065
81 86 4707
59 47 1823
17 20 6154
81 48 2791
36 39 6547
9 21 4564
84 68 2754
53 10 4644
1 21 9970
43 69 2861
84 32 674
8 35 3536
15 25 9304
67 57 6473
4 49 7206
46 61 1005
56 77 8097
36 17 7849
28 96 8696
73 38 512
29 55 9019
82 87 4350
74 97 1267
87 66 9520
95 4 9436
97 85 9614
82 54 195
22 39 7899
52 57 9673
8 81 1871
43 29 6552
46 76 5844
46 83 2886
40 99 1022
46 67 9763
93 84 243
11 47 3958
64 91 8526
2 92 9156
24 60 1573
52 13 291
6 56 7748
15 21 1026
81 53 5731
68 41 6639
94 81 2743
52 19 8373
44 66 7735
39 97 4292
14 99 4555
29 43 7180
4 67 4320
94 49 4478
58 2 8985
48 8 9129
40 72 3428
68 63 688
52 93 1846
22 31 4798
50 7 5724
43 4 8699
64 67 3929
99 12 7308
32 79 264
20 1 5380
67 99 4351
15 10 3136
4 94 4801
47 56 1975
40 53 775
66 53 2767
90 65 5118
5 4 8086
97 91 5741
16 75 7830
89 95 8598
41 48 7476
3 97 7518
44 35 9824
66 33 3537
67 23 2637
74 2 2106
90 31 8818
56 62 92
7 73 2575
94 22 5708
87 58 4584
12 90 6255
77 71 3854
23 59 7130
61 95 3948
54 30 9856
72 70 2753
23 15 1506
86 60 4425
44 32 971
89 52 5582
54 7 2615
40 64 3836
26 45 6797
27 97 1558
88 52 3245
51 89 1677
14 22 4114
65 93 2516
93 65 6001
23 33 2685
2 65 2667
41 46 93
47 40 3519
43 38 7704
79 14 664
15 13 7229
69 55 9738
41 81 1585
55 58 1074
15 47 4191
70 37 435
53 14 5030
12 37 8540
58 24 6151
59 36 5086
89 97 7249
0 35 6622
76 34 8828
74 38 9824
33 15 6593
59 97 1200
72 68 9311
69 4 5952
30 34 9797
50 98 2264
94 40 6214
47 64 9195
40 17 233
16 3 6962
8 18 1647
74 17 3409
53 29 3196
11 79 4929
83 73 2754
72 77 5916
29 91 1754
30 29 2771
91 24 6267
95 61 7086
71 46 6799
37 73 8401
49 59 2421
67 20 1114
11 98 1009
32 24 3405
88 98 9683
81 15 2176
24 81 712
62 83 2309
13 5 525
78 38 3196
60 62 1903
86 95 3583
3 74 896
92 90 2045
89 2 1985
79 75 6082
55 93 1500
11 75 4572
12 58 9683
23 62 5066
59 2 5409
97 63 3343
61 7 8016
54 46 636
98 84 1815
26 54 9596
36 52 1385
46 21 6702
50 63 8815
58 32 3094
34 95 641
19 38 4798
63 54 5793
29 9 4603
0 56 1522
39 7 1859
57 17 5300
22 97 4156
77 65 5000
55 49 4272
14 60 9843
22 64 4146
39 18 4745
75 12 7122
43 36 3005
22 62 3821
33 52 9465
61 96 579
52 32 4007
85 95 6029
17 54 8713
74 23 5163
75 7 4108
0 26 584
12 67 8938
77 92 7709
27 50 5273
56 18 5570
71 16 9063
40 91 7933
77 33 6273
36 71 5077
51 46 7040
26 57 6573
74 6 352
76 14 787
65 82 2420
28 45 5074
98 70 6359
57 31 5969
31 23 9745
52 88 5800
81 29 6681
3 7 3572
45 5 6422
69 26 9499
91 2 4091
62 42 6148
5 30 1024
91 29 5125
78 87 6506
34 9 2549
64 43 3374
31 35 9330
65 0 7685
92 7 9441
86 82 48
39 63 8490
98 50 3401
53 32 4239
0 18 3588
81 75 5416
18 87 7154
19 37 858
59 77 1528
76 1 5119
65 5 3582
3 22 4215
15 41 6836
11 54 4293
55 24 4704
1 68 487
5 48 7548
64 49 674
67 4 1781
48 72 5542
48 60 2445
72 46 293
95 29 3664
69 38 9367
25 88 4103
49 43 656
28 75 8882
28 58 7937
55 70 220
97 86 5963
85 9 2284
44 23 7806
57 41 8234
36 25 1244
71 80 1186
68 8 3915
53 58 8623
73 1 2122
5 8 1755
20 65 7114
62 95 1300
14 50 1166
81 80 3545
92 39 6760
52 65 3129
19 21 1211
76 6 6657
41 78 2704
77 90 3585
39 56 1252
28 61 2512
98 43 3538
41 94 5599
92 48 8502
4 90 3455
46 74 6370
22 56 289
42 88 8852
61 51 7071
44 72 8833
2 42 7316
95 27 735
79 37 34
16 1 2768
94 92 6609
52 58 8499
46 29 958
51 10 5084
48 71 1462
69 46 8968
14 10 8118
10 80 5120
11 3 6053
81 3 2146
90 19 3243
86 87 4620
32 77 4170
3 53 7067
34 37 842
85 92 9062
15 34 5983
97 99 5892
17 58 4104
71 89 7627
99 80 9624
77 38 9731
98 85 1085
13 59 9864
2 36 4275
58 83 3556
83 69 242
71 70 62
97 28 2110
99 69 4053
0 19 16
70 94 6665
1 20 7061
85 51 6423
34 63 6212
70 20 8050
75 83 7517
39 45 7961
23 57 7197
86 23 7765
56 51 29
45 62 8563
31 40 2603
78 82 334
39 5 8183
86 72 9678
62 1 5523
63 41 6827
71 84 7727
66 65 7675
78 22 8631
3 72 2581
28 83 7188
31 46 8906
75 9 10
9 89 3000
14 49 9535
49 8 5509
99 46 2655
56 65 4404
66 41 898
94 31 113
1 69 4442
11 13 6761
42 2 824
30 90 5286
59 90 4513
63 84 6150
96 21 3631
69 1 6366
59 4 5459
16 29 3192
54 29 2906
3 13 786
56 8 2359
40 12 3701
73 57 3109
71 1 2742
37 75 8866
83 59 9537
88 70 5259
1 8 4775
84 10 8681
19 93 7019
83 64 8659
19 5 5700
84 86 1866
23 44 5099
5 7 3072
64 56 6258
37 88 5464
63 67 9819
37 17 5812
22 68 2035
55 66 2674
27 18 305
58 40 9339
59 83 3050
33 63 1536
73 0 5022
62 92 8480
99 48 9248
85 93 6136
46 62 1864
42 6 1540
51 31 6503
46 37 2486
56 69 2699
60 86 3644
64 9 9771
26 12 8464
39 58 614
15 76 4547
33 85 3523
86 3 1790
16 49 1972
7 71 3863
60 76 4832
50 66 4061
43 97 2235
63 60 8653
14 25 1002
41 55 8199
24 78 6639
2 30 7996
57 46 7864
61 57 3602
17 59 2732
20 60 468
45 38 4780
45 89 9315
76 35 9033
86 69 8680
81 55 2426
51 83 4097
33 60 8772
0 1 945
88 14 3844
7 33 5961
45 4 7869
54 13 514
0 78 6755
4 80 2029
95 59 5181
2 47 9636
75 10 2627
13 87 1114
99 43 809
9 54 5275
77 22 5634
59 37 4613
57 77 1171
34 46 3614
82 56 6513
52 8 3607
36 43 5418
68 22 1084
70 3 3613
24 4 6846
46 23 6127
15 71 4654
55 42 8874
9 4 9757
41 51 7606
92 43 8340
90 53 8271
89 28 2229
70 16 1773
48 31 7875
60 2 7604
2 34 2724
66 6 1361
14 57 6152
14 51 659
89 41 7450
5 37 1652
37 83 7792
10 22 4806
11 25 885
75 79 7681
46 82 4322
72 69 9786
84 25 4465
39 22 526
16 95 6112
13 75 815
49 62 4341
65 12 3999
21 62 6108
23 73 3855
51 86 5335
21 76 6814
64 0 7271
17 2 4147
59 61 681
46 80 268
76 58 603
48 65 8799
59 87 5610
9 83 9738
11 41 446
25 97 3730
46 30 3386
90 82 7179
68 38 269
27 85 3273
42 16 521
62 77 8329
25 27 7209
10 48 677
56 27 9179
70 88 2824
68 44 5953
27 11 3802
59 86 7349
30 32 3580
39 31 3180
73 87 4974
72 73 2017
16 76 9200
78 76 4162
84 58 2248
9 17 5328
57 60 4712
44 97 9428
17 3 6430
7 96 929
45 14 8445
67 66 1226
36 10 6331
35 94 8713
33 3 5190
2 71 6386
46 12 888
77 61 2138
74 14 4715
0 11 5425
37 29 7848
27 53 2822
50 44 6567
60 15 6535
54 18 9084
77 98 302
28 43 340
88 56 3277
32 50 9724
49 15 6422
86 63 9255
26 3 4453
96 44 7259
8 13 3450
28 49 5270
33 17 3
45 73 3022
20 95 4907
57 54 3041
63 45 8879
74 51 3207
54 51 4722
7 70 1190
50 81 851
71 5 8718
95 55 2529
30 6 7041
68 50 5122
57 27 8056
11 1 5133
15 61 9709
64 24 4224
37 96 5447
39 42 7718
21 51 5567
44 13 8196
98 1 5324
61 80 9568
60 36 8391
10 60 5448
17 24 6717
18 73 4705
43 74 3141
38 85 9825
14 0 5190
62 73 5753
55 5 2980
43 92 3423
79 46 2026
95 69 5776
81 19 6673
48 6 9587
30 96 2891
56 35 2062
70 43 5096
49 80 247
17 80 4922
29 5 1719
91 76 733
80 66 5197
35 15 8136
61 40 949
20 52 1023
77 51 8701
35 68 3550
82 48 1040
50 33 4961
50 20 4381
23 97 9569
47 33 4912
50 39 5030
11 84 6644
61 9 7684
15 64 6810
23 4 9429
1 18 9849
9 53 9528
71 62 4251
31 48 7643
75 54 5232
14 73 4702
96 39 6317
61 31 8802
46 39 9110
41 21 4993
86 89 7662
76 8 5399
65 16 204
15 16 9491
76 51 4469
25 16 2568
87 56 8786
63 13 5142
86 46 6025
83 80 614
49 98 342
83 24 5333
74 99 7033
0 22 1579
77 99 412
54 65 601
0 12 3674
59 27 387
75 23 3554
53 87 6648
84 22 7993
13 90 8817
48 57 2923
84 64 6379
48 63 7109
58 18 1216
14 62 109
7 30 3607
79 7 496
15 3 7671
80 84 987
94 63 6492
79 13 4869
66 36 9842
58 69 8163
71 88 7696
37 7 7525
68 12 8395
4 27 5241
62 13 5338
67 88 7765
26 99 8477
19 87 913
7 58 2766
25 67 1138
6 36 790
39 12 3595
86 22 1093
89 87 1479
20 48 9119
39 72 5353
17 94 488
77 25 114
96 92 1578
64 98 4063
8 87 6152
34 83 2454
24 95 3130
12 24 1660
45 98 2709
75 17 5616
0 3 7276
0 5 6761
38 79 8224
70 63 846
82 59 3275
16 39 6341
1 94 8700
94 37 2960
70 32 5171
72 4 9324
51 54 3126
93 37 5524
52 82 2787
33 98 9128
0 48 8683
91 7 3422
14 32 9380
61 17 7931
40 42 3977
84 15 3702
62 96 452
95 35 9467
75 43 7225
89 54 4345
5 41 7214
69 21 1877
49 48 6168
92 35 3840
24 34 7255
50 58 3895
31 80 7333
64 10 8480
71 56 3436
39 25 7393
96 80 2659
9 65 6119
65 8 5453
72 84 6527
60 9 2240
74 68 9060
54 6 8318
32 56 3473
54 59 9054
81 71 1953
32 58 8478
89 42 6178
76 29 1018
26 6 4634
44 70 3795
67 40 1134
9 82 5991
73 26 6809
62 46 8626
52 70 10
69 36 5979
63 68 7528
56 42 1936
60 50 8572
28 22 3986
39 60 4354
7 94 7186
11 59 4632
90 29 461
34 48 4906
31 62 1869
83 31 9150
43 86 1640
50 82 2757
42 29 2275
56 99 2654
19 62 4680
0 8 8365
18 8 6176
15 18 8285
51 36 6101
39 28 5372
94 20 4092
26 88 6236
16 78 5444
1 44 1232
80 65 2059
57 63 3388
14 28 333
62 34 8997
2 24 1930
85 27 18
44 63 1055
34 76 9608
99 27 609
30 97 9835
32 12 4887
20 93 2481
97 67 4009
3 93 1198
34 80 9559
58 51 1026
24 76 9861
66 75 3720
76 36 7377
34 55 6311
57 90 830
5 73 1098
65 84 9664
39 37 5111
25 62 9932
80 45 2053
77 70 4302
13 61 8336
59 30 366
51 15 3497
56 94 7684
16 8 8991
60 70 9190
80 4 6157
25 34 7742
65 81 1380
24 94 400
34 38 8143
6 89 4597
59 24 8013
63 27 4995
77 81 6949
96 35 8902
47 4 1345
12 39 7100
84 1 4709
15 68 8694
26 95 3225
1 4 3007
91 1 491
4 85 719
94 2 5851
83 3 3367
29 79 1910
47 45 3667
88 6 538
22 32 8617
68 95 2560
34 92 4415
60 47 9313
2 49 622
38 15 2010
20 32 3617
19 94 6121
59 79 7294
56 45 4262
24 21 6015
37 57 9584
16 60 3307
42 83 6292
13 18 4354
71 48 923
46 68 1804
11 40 1607
44 56 1434
12 56 7018
58 77 6239
92 1 4906
51 60 1438
61 58 3204
56 2 5664
59 17 3287
73 68 2216
11 93 3200
70 17 4842
88 53 897
68 83 9829
79 45 5792
81 68 8766
11 32 7766
55 28 6964
55 6 4635
92 36 9854
68 58 3237
0 13 8964
54 90 4164
65 99 9401
77 14 8973
87 17 5828
39 11 3113
50 72 3406
74 36 199
57 62 4425
70 12 9876
22 24 9125
79 66 8707
0 66 3747
69 70 3798
48 36 3038
31 24 7529
0 43 9345
70 93 7536
6 99 790
2 37 8023
6 1 7373
99 34 7235
99 37 3600
91 55 2082
32 95 7058
40 68 8922
51 97 5196
93 30 9172
13 60 6506
64 66 9620
10 99 1289
79 56 2048
46 70 470
33 11 2409
21 57 5613
59 51 9162
46 41 1581
95 32 967
56 63 9712
51 39 9391
36 97 4491
87 8 2767
37 53 7446
82 32 7390
48 44 4077
77 66 4737
95 39 4088
66 23 1474
8 66 8154
32 70 6743
72 62 5638
38 92 946
70 87 1271
88 33 6210
20 69 8113
28 9 6692
66 26 5500
50 67 7738
40 73 3161
77 37 7069
15 79 8815
88 75 80
49 99 7283
29 0 6552
2 3 764
3 68 803
6 44 3974
87 86 4414
29 64 5665
16 72 8539
18 44 8615
93 80 6863
85 14 3772
79 91 7448
75 88 8703
95 9 7026
70 84 5865
96 51 321
59 82 2463
41 83 5492
13 68 4336
39 99 9762
88 26 9095
35 0 5005
97 27 6007
82 75 9373
56 44 5287
99 70 477
21 78 5023
88 22 6
98 16 789
14 72 9280
73 93 3726
93 8 7923
1 32 5887
78 6 9403
75 99 7253
54 22 2060
86 75 9042
60 20 8307
54 43 7679
15 4 2445
61 98 193
36 57 4579
17 8 8700
35 50 1515
36 48 4073
64 57 6063
38 89 1437
66 90 4176
75 65 6913
19 28 8962
2 13 6243
51 95 5901
80 55 8691
83 18 8277
1 16 3172
40 49 4162
40 39 7679
99 3 4700
59 99 3417
79 26 616
96 87 150
55 21 2751
5 57 9312
17 72 9566
88 12 7083
91 63 8846
33 34 9482
42 74 7016
90 5 9908
70 79 7943
30 81 1628
80 54 1549
74 48 4004
51 2 7775
25 33 7869
10 69 69
72 25 8991
11 21 1884
86 10 8464
37 52 3336
11 60 833
29 11 5334
43 25 1177
46 32 3388
82 58 702
34 16 8647
98 22 2622
53 96 1616
62 85 9058
42 18 4936
81 24 2592
0 95 548
63 46 943
56 16 6062
97 31 8461
87 28 5338
19 56 6086
6 20 253
28 31 4817
13 51 6607
35 61 4904
91 52 2731
17 40 8278
26 85 5191
36 5 7296
13 31 365
62 60 7885
86 6 9007
77 53 749
54 10 6027
28 4 6362
33 9 8006
80 53 3350
54 98 6823
50 0 7175
31 77 7735
77 64 6104
61 94 9389
5 51 9550
81 13 8792
94 79 7064
60 22 5920
67 93 293
25 69 9634
4 59 8829
49 84 26
66 68 5717
9 80 3981
79 74 276
0 76 5030
19 12 1549
77 69 4745
1 38 5620
45 91 8006
72 34 8114
64 36 2155
30 59 3649
55 36 1195
29 63 2045
76 78 3974
64 41 2048
71 50 8882
33 96 7314
21 19 4898
4 50 7612
65 53 1134
86 12 1787
79 29 7542
17 63 3948
99 13 491
74 70 2093
58 26 7797
81 74 6266
69 41 8150
63 69 1819
13 93 8447
57 83 3483
67 22 2623
71 96 8631
34 72 1850
98 21 2456
12 54 7590
75 85 8435
22 86 37
5 17 4420
76 3 756
26 52 8115
82 96 9877
24 45 4615
28 78 7563
39 49 3255
77 31 5714
75 82 8730
56 89 8850
83 99 3252
8 79 6994
16 48 2199
78 64 9497
14 19 1152
31 0 5460
11 67 9981
84 61 3455
48 88 9499
94 69 428
97 46 1954
90 42 4095
9 10 9039
25 75 2817
44 99 8001
38 70 1488
4 99 9416
35 26 8489
97 19 4765
39 4 451
72 50 9593
69 76 7460
88 76 9360
75 19 5800
33 72 9246
92 91 5682
59 5 261
36 44 5781
52 4 4485
72 83 1605
50 85 1814
17 10 4735
14 46 6511
45 35 5627
56 97 4622
49 66 5476
51 96 396
86 96 8286
1 2 795
12 20 5638
62 4 7386
44 98 1936
64 78 5614
69 81 221
83 7 2570
68 48 3732
37 92 2312
93 54 2213
19 66 6101
78 35 383
29 76 4486
65 28 1633
28 65 1516
85 89 5997
79 57 1018
29 25 2482
63 96 8370
43 31 9166
59 32 1132
11 73 5202
68 47 3306
71 58 4806
67 69 1918
51 13 8967
7 8 3548
7 87 5206
98 23 6213
72 8 6233
55 85 9862
20 35 4938
35 75 4010
43 76 5377
53 77 5133
87 73 8987
13 33 2221
69 79 7992
11 14 9078
56 7 4199
89 78 545
79 65 1655
64 94 8345
91 21 9606
97 39 5986
36 4 9380
98 94 2585
41 62 5693
41 72 4809
62 36 8309
49 31 1738
50 38 7558
80 63 8974
77 87 7351
64 61 687
44 75 398
19 41 3508
76 33 32
71 24 736
42 71 8027
29 30 8036
37 22 6571
5 83 3512
52 29 5709
71 15 2330
99 91 2101
0 37 4681
93 52 8044
69 44 2691
43 68 903
0 20 1517
74 24 13
52 47 7593
12 69 1797
15 57 7376
70 73 6172
17 47 9982
60 91 2267
95 85 6662
55 97 4581
12 87 7855
47 36 7485
34 88 2460
55 81 6144
57 49 3652
19 91 2003
13 15 5746
34 66 3867
70 38 5494
41 93 5593
20 56 7123
90 52 2748
3 30 5321
2 48 370
99 41 8715
28 41 2913
16 25 5900
74 92 6458
89 88 1486
25 43 8138
26 31 3357
78 18 3609
14 48 6333
18 67 6882
72 47 5853
39 24 7311
39 82 1682
87 59 5652
85 80 5901
75 63 8245
68 69 3638
81 59 2227
93 76 198
24 91 3745
39 21 81
17 50 4412
42 22 7779
49 69 2549
2 93 2664
78 91 8484
35 93 5585
79 36 9652
12 41 5611
9 7 9017
8 25 797
24 96 5944
29 22 282
85 86 5144
18 33 1550
59 15 7216
76 69 8793
3 55 1223
68 31 4688
3 69 3229
83 21 3103
63 44 3398
85 49 7944
17 93 1016
89 65 4996
77 24 4348
40 86 3681
6 24 2161
62 18 9585
17 49 9168
67 36 4508
86 0 1895
33 87 4002
25 66 1223
44 62 4900
13 76 2490
60 45 5641
76 55 4510
24 37 8366
40 63 6864
48 10 803
2 74 1217
88 34 1486
69 57 9874
18 97 1008
73 25 4499
53 70 9030
66 69 8714
71 72 3579
4 63 9540
75 87 5658
96 45 6072
67 95 7985
76 39 1870
19 31 7904
86 55 9149
69 98 1656
8 26 730
97 57 7676
97 41 8570
9 51 7012
95 16 153
62 61 8919
27 80 8685
29 35 6779
21 55 1363
67 24 4891
98 78 2573
20 92 2195
63 52 9320
69 96 8750
6 78 99
43 52 3114
91 92 7958
23 74 8396
81 46 2717
99 52 8729
70 15 7180
42 82 9557
28 32 3037
97 50 2985
77 39 7889
22 89 6983
69 58 2671
84 43 7207
87 70 9145
48 7 4554
75 44 8146
73 92 8221
8 89 8692
1 23 6812
40 55 9387
97 38 4273
23 5 8427
98 87 2753
57 44 917
6 8 1906
81 26 2713
7 35 681
16 56 9143
86 74 7466
38 7 4699
17 78 6347
59 7 6619
77 54 8317
7 34 2895
44 61 6857
7 59 7989
7 4 7185
55 71 7345
6 46 9114
32 89 8449
94 76 9678
19 15 8906
5 2 2233
60 54 1944
17 32 3480
91 46 2430
60 89 8527
51 87 8322
94 75 1071
73 9 1423
68 17 7509
79 21 3230
5 19 8822
41 34 9320
77 27 6860
69 93 2082
34 21 6224
27 58 850
9 67 9458
22 96 7911
18 72 636
35 57 2556
31 9 655
52 15 4459
77 18 416
56 34 5604
62 16 7065
88 85 7642
17 85 1293
73 80 250
78 49 6716
38 94 9288
57 87 5456
59 94 6956
72 78 6998
45 13 3368
50 84 2039
4 92 1039
8 22 7023
67 63 9357
18 3 9883
40 35 5229
0 40 6905
28 86 2829
20 10 9801
83 14 8358
72 93 2337
76 54 978
68 28 9624
74 58 4722
40 38 2498
13 63 3168
33 22 9562
10 51 589
50 75 9221
95 77 2564
8 77 7522
11 77 4315
69 15 7298
38 84 6566
73 91 5241
38 24 5144
21 75 4470
91 77 3383
48 39 1341
75 33 4315
57 37 2028
75 22 152
27 20 8956
76 24 4716
78 92 4467
26 50 1446
95 79 6183
55 51 9953
6 54 9398
2 51 5565
0 31 6155
52 77 4222
55 11 3688
96 70 6700
41 58 2185
16 32 9907
2 54 9794
38 42 2090
33 97 3365
64 96 2345
11 65 5629
40 93 2640
41 82 958
22 26 8145
84 39 5686
55 44 6168
75 15 5379
80 33 5260
98 17 7638
83 15 9812
81 16 4435
34 78 9019
63 32 7885
35 39 3998
77 23 2795
63 77 5374
59 70 1246
69 88 701
27 44 4675
47 20 3051
38 53 8002
42 53 7437
93 50 141
6 91 5064
95 33 7558
45 87 9978
13 56 4767
53 80 6259
21 70 4500
58 70 4042
23 51 1134
23 24 9695
87 97 224
20 75 4732
63 79 2585
5 12 1667
2 68 7594
45 51 4883
0 53 7785
73 18 2743
60 8 2733
58 20 6646
48 20 7894
43 89 5023
46 43 3176
31 16 4100
3 75 1353
87 1 1062
74 33 5009
52 92 1371
16 22 5234
82 64 2586
3 37 2011
93 72 5217
14 79 5138
81 31 5311
18 12 7770
99 50 7609
13 41 2358
58 15 6277
7 39 7539
97 24 2906
21 8 1138
50 48 9338
88 87 7502
17 83 2249
92 42 7605
40 87 1733
42 91 6752
78 8 8254
46 90 3295
68 55 5694
91 16 7992
88 8 8519
72 98 820
97 47 5403
31 1 7757
48 2 2469
32 3 3375
21 25 4587
34 57 3319
82 70 4599
84 16 7747
96 77 6577
85 48 8675
85 8 5858
66 37 5668
36 67 2272
50 51 7660
49 63 261
40 32 5369
51 12 8557
24 8 6440
90 13 8043
25 37 6803
97 33 6428
33 7 2416
45 2 4595
37 20 192
76 67 9050
23 32 8632
57 45 1564
91 51 1263
69 20 8547
15 90 3204
96 85 756
65 25 3566
2 22 7725
84 91 2120
29 40 5912
4 5 6226
77 80 6038
83 71 3123
26 1 8856
65 78 269
10 97 7474
57 47 6137
20 44 2008
89 48 8014
22 65 2199
98 83 8803
41 87 4686
84 34 2110
63 93 1046
57 86 4480
18 36 9289
99 98 3003
12 59 9330
41 77 6088
51 73 9952
30 44 3145
77 97 5184
9 96 2116
27 13 7296
32 4 6195
27 95 3416
15 58 356
65 59 7266
2 25 1692
65 2 6079
32 48 4820
93 39 7940
52 74 4366
36 0 6100
38 20 4254
53 28 6361
21 85 5037
0 82 6195
30 77 220
53 48 731
68 62 7423
96 76 1733
69 3 8848
4 76 9966
33 48 5107
16 84 2189
36 23 2448
54 58 6398
59 6 2544
27 40 5558
35 2 2151
29 60 778
40 1 9426
84 46 1995
96 28 2620
26 11 8944
95 54 4797
89 12 3922
48 76 1414
13 57 2018
79 83 7541
51 82 982
5 95 2338
51 7 7985
28 87 273
58 21 7022
87 92 9580
61 25 4471
96 5 9664
13 20 9685
8 41 2758
54 26 7069
19 24 9781
13 40 5257
32 72 7009
11 88 448
94 35 5080
18 64 6852
24 17 6291
3 12 5035
78 86 765
96 38 266
11 55 2010
34 32 6046
64 4 3975
47 34 9262
91 9 4437
35 34 6411
85 16 4958
43 44 1074
80 5 4371
65 54 7400
2 41 6764
13 29 3395
85 73 4696
59 3 1474
16 88 851
97 98 9493
96 59 5984
57 51 8037
17 30 4108
95 18 860
79 5 7240
93 45 998
52 90 1261
89 69 3585
36 16 2597
66 39 9933
39 75 8114
91 80 9018
57 43 7503
32 91 7191
46 35 2595
41 84 4666
57 93 2960
4 14 9830
67 90 9355
49 3 6141
49 67 426
95 58 6800
81 56 8535
52 94 7377
0 10 3428
89 38 6047
6 49 9350
77 40 6760
26 7 8667
68 20 7832
38 40 5401
58 6 769
43 51 358
79 85 5600
32 9 564
65 40 1675
79 22 9810
51 91 9719
55 56 3318
46 75 1720
72 5 294
36 79 1837
97 73 9930
54 74 4396
60 75 9011
2 86 1599
9 61 9119
62 27 1135
3 35 4470
90 68 1506
34 43 7565
10 31 8156
5 47 6590
38 0 7238
51 35 3615
59 21 2246
93 55 3036
25 60 3939
55 91 2484
23 18 9768
42 69 2371
0 99 6836
28 34 8064
79 25 2801
24 5 7257
34 68 5889
24 86 7361
45 12 4326
44 94 1169
59 33 9861
0 28 8676
76 64 2199
51 8 3119
62 47 4049
39 55 781
92 70 6807
2 18 3440
34 39 3625
59 8 5965
52 44 6272
27 24 658
82 71 5739
64 99 1309
94 60 9668
4 56 2431
84 44 6302
43 47 3249
60 6 228
72 53 7605
78 36 9274
64 28 3407
30 91 7809
64 8 4808
34 67 347
50 49 7022
27 19 6559
24 6 9692
1 49 9425
92 12 9544
8 93 357
36 49 5369
79 53 9756
50 62 9243
33 56 4601
92 28 6382
86 59 4490
11 27 7923
55 38 5363
27 72 680
81 90 1094
47 87 7594
7 64 6351
40 88 2826
53 78 9006
74 27 6043
17 82 4332
33 93 8100
72 10 3641
55 26 8263
37 44 3031
4 1 5901
74 71 21
69 60
