500
112
569
645
533
200
610
607
998
172
918
323
763
11
781
900
10
435
934
876
968
389
811
695
202
597
307
597
246
569
116
577
647
799
679
829
823
510
942
799
165
686
566
934
672
659
966
691
504
679
270
156
254
957
980
130
393
991
445
107
162
695
251
606
648
42
924
939
386
320
430
391
431
959
43
300
133
658
848
572
180
391
913
770
600
896
702
524
770
704
448
117
25
21
880
291
707
461
980
761
597
819
346
740
562
546
947
61
510
311
103
139
906
950
892
194
294
26
834
353
221
721
448
709
828
753
757
263
662
189
574
713
121
175
607
728
249
238
635
207
408
848
637
956
21
986
97
805
690
368
630
933
321
841
403
10
992
379
363
942
480
327
823
867
64
300
292
601
894
679
26
772
822
745
832
879
254
203
798
540
242
589
559
620
49
478
614
91
893
830
223
245
954
689
293
511
932
651
686
653
931
646
864
798
946
797
513
217
731
702
220
651
941
552
509
886
709
363
301
739
203
990
36
990
317
399
51
432
970
934
411
320
956
943
749
922
244
574
673
815
610
714
826
346
89
221
928
560
598
130
276
968
82
274
752
489
88
68
708
277
487
359
813
783
676
793
604
409
597
306
535
154
955
76
958
740
638
410
727
691
74
958
713
685
379
16
330
549
65
69
760
686
526
115
434
55
625
340
526
660
89
289
568
189
44
384
478
510
187
620
698
269
713
941
34
112
283
766
373
747
258
774
881
170
450
437
365
686
278
627
128
652
995
667
426
239
411
213
159
699
606
564
680
281
109
339
68
527
99
996
964
867
695
644
478
638
725
933
855
985
237
610
78
287
427
312
43
553
786
241
660
617
736
348
206
827
276
722
645
792
637
265
123
578
676
911
654
465
269
522
789
472
80
145
238
414
577
887
667
175
892
341
332
871
991
882
923
778
907
269
198
737
407
630
585
218
268
262
668
344
410
240
608
406
107
519
90
459
275
565
617
366
618
58
694
129
737
253
616
171
449
774
76
208
718
343
689
734
227
975
682
185
187
926
69
262
952
677
409
518
328
273
700
712
855
66
850
292
941
879
695
584
806
513
894
129
854
771
242
628
538
212
577
636
319
970
783
594
558
518
797
369
982
433
956
741
958
860
368
831
474
