1000
616
578
480
63
671
653
789
763
596
624
425
716
509
815
716
881
838
782
508
112
780
184
112
283
933
502
583
353
360
522
395
637
737
629
349
119
746
275
311
465
978
531
811
242
447
347
962
974
974
95
512
996
386
281
841
283
499
831
941
277
388
678
838
482
598
510
386
673
865
877
367
67
692
983
405
628
367
648
771
900
791
807
324
815
745
564
778
487
283
456
403
689
595
396
820
304
319
121
523
904
683
696
186
822
985
167
379
762
56
17
557
366
500
199
809
491
183
967
789
491
885
384
946
675
601
885
315
701
974
151
425
489
55
119
69
850
165
871
309
957
186
857
88
35
999
891
677
899
644
753
264
905
501
264
216
589
289
740
685
124
155
869
460
542
12
428
853
319
210
198
505
50
615
957
798
410
887
719
172
985
909
530
573
679
927
436
359
349
442
493
753
91
816
276
187
606
183
537
786
681
61
680
382
481
888
126
294
493
564
505
383
764
69
584
817
166
369
45
121
579
499
289
102
744
58
15
915
46
752
222
929
419
463
524
474
412
920
715
604
443
744
125
206
834
457
145
500
232
724
985
836
706
58
594
311
750
828
729
462
646
418
828
75
24
819
427
612
255
164
502
139
169
244
247
200
86
813
643
525
955
846
654
771
637
37
716
600
555
61
81
560
544
842
102
80
890
360
666
995
352
499
815
846
854
490
835
691
833
571
322
106
251
593
670
217
636
349
802
904
165
728
175
964
978
15
150
215
34
810
158
210
869
278
904
858
886
906
473
279
353
322
85
562
224
270
337
727
883
61
938
563
600
567
716
479
709
250
638
713
640
941
289
176
312
993
819
371
338
262
137
382
26
444
932
120
623
160
899
227
903
637
320
853
702
617
255
68
399
751
95
591
59
574
221
870
200
883
577
871
255
449
280
484
775
631
86
79
800
354
924
952
743
669
28
174
718
48
869
561
145
389
864
131
744
198
415
273
136
55
891
701
568
121
796
219
930
685
334
918
171
421
760
433
655
256
809
864
707
246
933
453
215
908
74
963
386
754
368
504
838
287
559
478
426
323
865
108
123
40
638
491
440
542
63
38
258
477
497
155
649
890
257
504
47
158
659
694
303
698
301
833
852
34
275
833
244
767
164
774
506
256
557
300
318
275
250
892
783
199
244
376
217
566
556
926
865
592
397
175
22
671
421
398
416
526
694
462
51
799
174
696
456
383
795
723
700
35
347
682
519
879
82
298
339
929
302
629
833
942
532
874
468
82
444
286
162
252
188
659
988
537
825
419
518
566
572
147
509
294
42
964
321
530
436
231
494
35
296
360
748
934
379
468
944
139
368
136
628
80
95
644
862
516
591
45
985
472
207
19
558
732
988
810
286
223
654
828
988
211
594
44
64
66
950
965
350
728
931
38
132
122
699
78
708
763
864
949
79
403
227
152
877
66
369
944
800
888
941
235
268
616
670
746
770
712
62
568
309
156
117
14
130
512
456
606
910
123
528
712
480
890
71
250
898
894
160
291
758
350
411
602
320
409
191
339
548
861
796
220
250
648
780
661
771
883
385
817
333
391
82
310
671
887
573
15
498
570
136
180
138
583
427
573
731
243
754
753
509
176
847
519
275
748
670
629
475
947
254
451
64
696
802
614
540
273
558
921
337
116
471
772
925
643
545
301
724
619
346
650
988
217
99
279
343
359
456
216
537
71
428
63
720
110
699
595
631
650
548
399
217
247
335
760
827
517
627
921
807
480
792
475
860
939
576
385
84
626
309
964
223
739
678
703
379
546
64
685
864
950
286
591
360
226
77
692
172
370
338
111
961
775
510
223
952
684
77
212
52
212
666
280
124
76
124
11
910
842
327
212
988
384
316
176
818
370
491
964
179
598
692
412
242
71
980
990
878
724
735
627
374
897
543
321
587
492
530
429
578
143
891
211
877
989
171
545
645
411
709
347
152
88
986
605
389
895
226
197
294
469
54
911
662
795
308
570
326
74
582
179
810
690
895
79
863
514
312
624
561
835
316
861
285
133
702
855
783
806
366
687
294
98
950
326
670
374
650
938
185
113
479
293
707
171
640
850
986
712
400
339
781
474
310
686
138
334
491
976
733
580
139
773
42
425
470
251
765
881
899
397
25
52
716
376
417
321
262
362
769
981
42
982
416
76
460
985
156
301
361
51
521
141
603
742
695
681
557
929
560
686
486
780
622
402
844
129
18
301
455
468
70
871
63
788
404
370
612
384
568
678
263
650
469
905
954
773
671
487
99
147
597
