100
42 119 109 105 25 7 81 88 120 37 106 30 9 37 90 70 4 115 38 30 28 62 51 49 107 78 87 21 46 7 91 118 49 23 1 99 20 107 5 22 20 9 45 43 42 45 6 76 6 65 110 27 95 86 20 50 17 86 17 41 106 7 37 15 22 48 31 37 65 101 38 51 63 98 3 49 86 105 120 19 56 24 94 16 66 54 109 29 23 39 67 79 38 11 111 20 62 84 28 3
93 53 86 55 115 84 57 32 71 18 120 58 105 9 94 48 109 32 65 114 67 85 29 98 101 21 37 19 17 85 68 76 10 59 67 65 0 23 104 92 95 89 10 118 79 96 17 87 100 19 111 34 55 67 79 116 50 59 117 101 60 32 80 83 21 95 102 14 67 108 28 52 67 111 47 51 109 91 101 19 27 45 107 94 9 22 54 79 97 16 116 10 70 82 63 116 95 47 81 22
49 104 45 116 41 44 93 89 74 65 16 42 14 36 115 55 118 47 108 25 75 33 82 99 10 40 33 9 19 103 37 108 89 74 55 22 120 45 95 11 52 8 43 45 24 66 108 16 36 10 98 114 56 52 12 79 62 22 109 59 76 76 86 63 118 63 39 4 54 10 49 115 57 117 7 14 105 71 94 91 80 36 69 49 38 22 42 119 33 95 70 87 76 9 65 115 24 41 24 97
76 113 95 51 85 96 20 60 79 35 43 115 49 33 115 60 74 93 70 86 3 65 14 86 80 44 80 73 52 93 54 23 94 45 88 73 53 99 56 114 36 22 81 46 77 109 54 74 19 15 0 9 55 89 83 37 92 1 82 73 95 40 8 56 38 85 11 103 107 55 44 63 77 8 97 99 59 15 70 35 50 36 74 29 7 40 96 59 21 65 76 32 92 111 58 87 40 120 20 75
67 118 12 31 66 6 16 66 48 88 91 100 40 115 61 24 37 116 19 42 11 11 110 74 96 44 106 13 42 105 35 87 17 43 68 16 89 100 75 89 15 54 27 102 35 112 12 98 91 76 19 61 32 94 27 20 2 75 52 89 57 100 112 76 116 109 13 120 87 45 60 93 103 55 102 25 45 117 117 45 34 6 95 44 14 95 103 120 62 120 35 100 21 56 104 13 116 82 64 77
68 94 70 42 32 28 68 21 71 99 43 95 62 78 108 73 72 84 11 102 109 110 46 83 82 90 71 44 33 72 8 70 73 27 20 17 114 97 96 6 21 89 101 10 25 82 41 2 107 73 108 60 40 15 92 92 65 98 71 96 105 27 76 59 118 81 41 5 120 88 69 38 61 55 31 9 101 33 73 23 114 96 28 116 109 19 104 92 28 39 104 76 39 33 100 85 8 92 46 83
2 59 43 35 118 73 87 30 69 76 110 100 8 79 113 42 8 9 54 80 36 0 21 66 97 115 105 80 65 24 19 53 33 101 17 70 11 80 43 114 58 112 62 75 59 102 3 90 74 92 94 116 44 35 75 44 32 15 26 12 65 10 21 120 57 92 120 110 64 72 38 77 56 71 18 107 68 70 2 76 51 18 18 111 74 54 83 45 110 28 9 21 59 42 48 73 11 9 10 79
72 23 111 14 22 20 60 30 37 38 113 9 79 35 62 79 71 53 97 12 12 83 53 9 69 32 110 74 33 70 119 102 80 27 104 120 20 95 48 73 2 29 63 33 12 47 108 31 70 24 110 78 28 34 54 0 32 109 4 99 18 16 103 68 26 36 69 107 100 64 77 63 72 92 66 44 72 117 6 66 101 77 28 62 68 114 15 84 39 35 36 33 67 114 25 31 44 89 42 60
63 4 68 46 8 42 44 7 91 93 74 36 68 39 35 45 15 89 10 101 42 5 22 31 98 14 95 25 19 33 49 3 36 93 105 17 77 72 32 111 117 111 50 102 15 15 78 46 91 100 100 31 25 79 102 72 93 40 29 21 92 87 50 95 86 33 42 8 44 28 59 8 88 88 74 119 30 36 72 40 113 54 58 99 112 89 86 110 52 1 36 14 96 19 82 90 106 86 88 80
26 70 89 38 90 63 81 81 23 94 43 29 27 89 7 47 63 76 81 27 63 24 39 47 64 4 105 119 118 84 61 112 62 109 101 23 10 13 43 57 28 27 23 18 77 106 70 47 96 3 95 94 77 89 110 23 23 87 1 118 81 50 36 107 39 66 8 28 29 10 20 23 100 19 87 1 48 38 9 107 87 82 67 117 49 89 80 29 85 107 59 62 50 75 58 82 118 97 21 33
98 68 29 39 4 84 26 113 34 103 115 24 10 84 97 73 79 93 86 98 1 69 36 46 19 84 57 11 60 2 43 75 63 36 0 33 99 4 90 119 98 68 67 38 8 71 54 114 104 26 110 112 103 9 16 20 23 117 15 53 66 5 77 118 6 24 67 114 60 7 51 61 56 105 0 110 30 52 107 108 118 3 30 10 10 69 74 61 68 64 49 9 32 38 65 43 99 23 113 110
113 60 102 16 105 119 120 56 73 4 116 115 72 98 35 53 69 69 86 21 88 10 48 53 51 80 17 47 25 78 65 56 9 74 101 42 30 68 13 107 35 97 3 8 0 63 99 73 120 27 60 95 19 107 32 64 2 86 71 100 78 22 43 87 30 54 0 61 108 59 9 118 75 33 50 18 86 57 51 26 17 15 61 24 20 118 8 74 120 33 76 61 108 118 53 18 63 80 18 48
83 53 82 17 79 55 40 73 74 1 111 34 98 27 36 38 109 64 59 91 38 104 100 87 90 41 74 53 31 93 99 12 94 24 30 50 117 59 92 61 61 111 1 27 110 65 69 49 20 103 97 25 102 62 23 64 77 62 35 80 10 78 83 15 34 74 99 109 52 107 45 0 110 38 1 120 67 116 98 27 113 54 74 18 116 44 10 96 107 108 10 12 95 70 71 27 20 119 69 69
109 29 9 53 51 42 45 55 44 13 87 89 72 59 34 8 36 19 41 94 90 43 32 83 64 12 7 90 28 75 74 28 95 80 28 76 88 27 41 45 32 70 45 93 57 98 34 42 103 39 23 24 10 36 0 74 42 64 116 19 38 63 84 101 39 15 9 62 84 63 53 74 111 84 0 12 23 40 92 25 120 49 31 65 62 113 67 117 112 25 51 73 63 78 75 55 116 54 114 44
106 80 42 115 50 88 21 110 61 10 83 54 70 35 104 77 101 73 46 23 102 116 110 27 53 39 43 7 97 104 39 80 95 101 26 20 20 35 27 10 17 23 59 22 0 41 61 27 5 63 7 114 43 90 13 59 20 12 61 90 15 88 30 119 73 108 105 66 104 28 19 53 10 4 84 120 102 48 32 79 99 61 91 5 94 19 115 114 91 15 17 33 103 78 93 86 78 115 88 56
80 109 9 28 13 5 103 110 71 20 1 5 40 30 36 61 60 11 20 92 28 50 97 36 88 44 1 89 67 58 115 114 43 31 64 27 91 30 13 81 113 101 90 98 81 10 39 108 52 55 107 94 25 79 117 69 107 88 26 16 112 94 72 118 44 3 109 62 53 21 104 116 101 41 27 51 34 41 99 39 6 83 68 54 95 16 75 8 16 15 27 4 13 97 42 120 89 25 35 62
116 1 24 49 117 21 73 103 49 78 61 73 109 115 2 76 101 27 105 81 13 19 21 92 96 63 52 70 86 75 114 85 80 17 62 1 66 32 94 0 89 58 88 89 49 75 92 16 117 105 57 46 85 108 62 115 29 45 12 14 10 13 48 83 1 44 82 97 3 81 3 68 54 22 19 101 76 82 120 63 106 82 21 78 17 29 22 70 53 110 98 102 86 30 114 80 51 101 107 97
60 106 2 27 103 57 66 50 74 71 19 99 83 87 54 52 114 86 30 22 17 24 117 84 3 29 12 70 112 52 98 42 17 104 97 64 119 39 71 55 65 86 69 50 112 26 9 50 33 48 10 6 85 72 88 90 90 108 45 63 63 117 27 82 79 83 27 89 93 99 119 33 81 29 82 32 60 99 88 70 23 38 20 3 58 2 81 24 31 41 120 34 88 54 60 23 36 117 42 38
29 56 43 65 44 16 107 25 1 74 58 85 67 109 105 60 13 52 37 39 47 112 116 114 101 66 116 18 90 47 42 110 95 69 96 110 3 93 50 32 57 22 117 33 89 68 19 43 65 106 26 25 64 66 59 31 16 54 73 119 47 32 115 43 112 88 35 13 56 95 89 5 8 110 60 17 88 55 73 105 7 113 51 25 101 97 70 28 2 104 36 42 62 33 37 97 11 49 103 42
56 102 100 17 40 118 38 97 12 78 84 39 104 28 7 47 51 67 99 113 88 32 73 99 70 18 27 47 89 16 49 85 110 110 57 59 97 104 39 79 9 51 73 58 75 51 64 20 75 82 69 5 97 26 28 21 46 35 1 106 31 57 61 77 119 26 63 29 114 58 25 27 28 73 42 79 91 47 10 40 47 69 4 78 118 2 101 76 88 114 1 35 8 12 117 110 83 6 2 106
6 36 106 58 44 82 9 69 69 56 97 119 29 56 58 54 57 76 44 30 31 9 112 70 82 30 77 10 91 9 71 42 62 35 101 104 17 54 113 48 29 64 15 61 76 21 105 51 57 11 79 34 9 105 25 55 105 79 92 16 67 116 117 25 32 43 43 71 9 74 66 0 59 18 67 22 91 64 72 37 54 90 100 77 77 82 81 105 72 91 84 68 112 32 27 77 62 37 13 9
40 74 81 2 15 81 35 99 41 30 15 56 74 47 18 41 43 75 118 70 116 43 15 22 79 115 93 31 60 118 21 94 19 41 44 83 68 75 45 3 35 62 108 29 61 61 80 64 2 1 33 78 18 17 26 114 68 19 76 37 26 19 93 51 116 2 7 22 21 1 77 58 109 88 115 86 100 0 113 114 64 4 91 31 60 11 97 78 68 91 113 67 100 84 96 10 103 88 119 58
109 54 93 40 31 98 111 86 35 25 65 62 71 21 82 36 2 57 58 66 19 52 115 45 70 115 87 12 118 62 104 9 48 22 26 102 38 15 35 51 107 106 43 54 14 102 44 115 17 88 82 32 95 1 42 18 9 82 104 15 63 34 87 70 51 119 111 63 46 63 34 89 42 111 77 28 83 17 75 26 74 65 46 117 68 80 77 79 11 92 10 53 49 82 19 49 21 105 90 120
50 16 78 11 10 0 55 78 23 58 69 94 53 50 84 48 113 61 111 120 88 25 47 107 91 86 38 85 12 19 8 43 7 53 32 54 116 63 103 23 7 4 72 45 2 78 33 103 48 113 44 98 42 3 77 40 44 83 60 86 112 96 26 24 104 93 117 94 44 5 51 76 111 71 1 0 96 12 41 14 114 58 12 83 76 116 55 52 94 49 111 81 99 27 65 100 23 65 75 99
110 43 81 43 50 47 117 21 12 85 98 22 51 117 14 83 35 94 38 99 76 10 50 48 52 43 89 22 49 51 38 7 5 30 50 110 99 111 89 24 120 75 41 4 27 111 95 99 85 88 76 71 26 114 20 87 87 81 9 76 5 65 106 76 115 90 95 76 71 118 21 87 71 76 61 65 64 81 4 15 74 51 95 120 59 43 19 110 44 42 58 39 45 100 35 64 32 4 119 106
60 20 38 33 114 87 24 82 78 20 48 87 119 105 85 92 118 1 40 91 109 47 47 0 25 18 14 93 31 21 15 50 32 114 2 99 57 44 98 54 84 60 5 62 29 52 32 65 0 89 7 24 66 4 68 45 108 92 113 106 96 25 5 51 51 9 88 13 77 107 18 73 26 108 95 62 119 55 76 58 40 120 77 9 35 30 72 97 20 105 17 114 40 32 112 34 112 35 10 58
90 33 46 64 70 42 112 17 103 31 110 41 30 37 73 0 57 5 34 71 101 56 63 6 7 101 105 37 75 55 97 95 119 34 68 24 63 41 51 36 111 98 59 35 16 82 69 0 88 29 25 80 22 50 4 66 54 60 3 116 19 117 114 89 52 21 116 0 109 8 114 78 50 43 116 14 8 75 12 114 76 12 43 82 29 112 98 63 64 2 44 59 66 116 41 104 82 29 22 114
120 90 25 42 97 81 94 83 113 66 53 48 23 68 97 43 104 29 52 55 28 36 0 69 27 52 79 48 118 21 82 19 12 94 106 31 117 52 89 85 34 59 46 48 54 19 118 44 100 46 118 27 49 30 31 93 72 74 28 26 70 70 8 15 72 118 105 88 41 63 0 52 73 45 100 90 51 20 108 30 99 34 11 82 61 108 25 107 37 19 28 6 44 114 62 27 110 59 12 48
86 91 92 49 96 2 36 12 104 33 94 114 67 109 5 81 102 80 53 30 63 79 105 94 82 12 77 5 92 21 69 52 85 79 89 12 65 59 96 120 119 15 50 114 7 99 63 40 24 2 9 85 112 76 31 41 90 13 100 44 98 64 71 74 1 39 114 35 45 74 89 5 28 99 109 94 113 23 5 68 6 25 31 25 71 69 37 71 69 96 90 115 27 64 105 79 22 47 54 2
68 98 7 84 96 65 23 84 25 4 57 57 38 63 90 31 79 46 96 22 94 86 71 26 33 101 62 42 18 107 71 87 39 48 41 11 22 116 91 106 30 14 35 101 107 76 50 44 109 96 70 7 42 59 107 114 117 7 114 36 70 0 51 49 41 51 84 120 109 108 30 19 74 46 44 90 57 103 50 18 23 64 113 119 38 89 119 77 22 31 85 79 38 31 100 26 112 17 96 85
71 52 72 30 49 31 74 87 106 74 83 10 74 16 106 105 19 9 9 31 77 58 43 97 107 47 14 96 2 53 15 102 80 16 92 12 115 112 105 86 5 99 5 100 30 19 43 37 68 12 108 65 114 20 113 15 48 37 26 26 104 34 34 22 15 89 49 116 52 40 99 58 66 67 77 107 96 89 89 62 51 11 38 41 5 90 46 10 18 11 107 29 53 111 120 37 17 84 11 106
111 103 30 34 118 74 68 73 3 64 65 26 3 6 16 97 59 4 62 41 72 59 38 118 66 19 7 7 29 11 81 7 3 6 69 113 79 49 44 66 53 76 100 46 75 116 4 62 103 59 77 97 105 113 114 116 116 5 62 32 0 79 35 38 81 28 71 118 20 34 103 116 21 47 21 46 26 43 102 49 79 79 27 104 53 14 114 92 96 112 56 116 102 4 29 41 45 68 71 77
42 42 53 20 1 98 120 87 101 103 70 33 49 93 79 97 93 66 62 71 32 39 29 65 77 33 18 35 105 39 4 31 23 38 53 17 5 97 60 93 81 96 7 7 62 105 29 30 59 31 97 54 82 119 114 90 37 28 25 20 105 60 12 88 14 113 24 71 66 109 120 104 72 71 116 69 8 67 69 113 94 57 19 76 105 99 29 15 68 79 17 36 0 58 87 63 95 120 78 96
79 102 62 18 68 85 61 98 73 77 7 38 93 63 86 2 46 76 114 38 6 65 84 115 113 27 33 86 52 112 75 120 106 96 15 103 57 29 57 58 99 107 28 11 78 42 119 87 38 30 8 34 93 79 88 18 69 113 16 8 51 77 48 38 79 111 55 26 102 53 2 25 105 64 75 100 44 52 56 27 57 93 79 95 90 104 5 43 93 92 76 102 105 95 75 56 82 37 88 50
35 5 37 60 90 64 71 10 26 25 96 85 52 5 31 103 39 56 68 22 95 37 20 18 105 52 6 88 89 101 49 46 105 9 30 119 57 0 98 27 107 101 102 88 63 87 84 57 16 105 84 68 11 36 17 94 50 32 98 116 3 116 69 41 86 27 4 31 61 118 88 113 41 83 57 79 7 60 118 10 14 60 110 34 28 35 79 82 86 24 10 64 6 1 22 26 29 74 62 68
82 68 95 18 3 64 5 96 46 87 26 114 82 10 77 29 15 107 118 65 111 72 95 73 22 91 113 62 55 82 94 6 57 79 116 21 25 109 51 12 111 30 93 35 115 37 110 39 9 46 11 50 33 6 1 60 110 85 0 107 65 49 90 29 28 67 62 39 84 88 52 88 60 20 81 33 7 19 95 43 26 113 108 99 74 40 87 16 55 73 101 29 25 90 96 49 30 108 100 112
48 10 39 70 84 71 57 25 106 102 43 115 115 12 78 114 120 30 33 86 76 37 44 85 83 91 4 42 99 114 98 113 29 32 30 38 7 6 11 24 12 108 24 106 101 30 104 93 26 74 15 102 56 5 39 61 105 1 39 107 44 6 39 84 82 87 32 61 60 26 29 120 58 23 102 88 36 69 9 68 25 26 35 29 52 75 5 75 32 103 56 51 24 32 119 21 71 79 40 87
26 22 94 1 110 49 27 55 50 97 5 102 38 91 19 113 106 86 12 55 85 96 25 75 90 76 59 56 88 74 61 106 53 15 118 72 112 60 60 11 51 93 32 92 56 6 44 39 115 109 3 87 115 54 11 20 61 38 41 80 42 5 117 90 4 5 46 59 81 55 117 24 116 108 116 29 42 60 88 71 15 112 49 11 30 92 29 74 79 78 40 74 28 96 72 73 35 26 57 30
16 88 67 11 78 8 47 14 106 21 50 62 40 80 109 66 16 75 114 66 114 96 64 95 86 71 47 42 37 5 4 71 110 4 73 46 59 100 109 41 97 53 33 114 28 119 27 92 50 53 5 55 11 66 5 16 54 44 0 101 93 41 2 33 101 32 58 117 82 57 76 68 56 38 51 69 15 7 101 92 63 56 96 8 110 38 49 61 10 44 120 81 22 72 34 77 18 52 73 72
14 29 36 114 58 35 37 72 13 81 35 70 87 106 112 115 34 50 77 99 115 106 67 97 50 24 49 11 38 9 117 83 63 73 76 50 20 5 105 113 120 101 90 55 60 85 64 50 74 35 110 63 96 90 72 37 30 11 112 110 58 59 30 63 64 93 2 105 107 53 114 103 106 50 14 74 4 92 57 102 92 15 14 66 77 6 83 51 67 7 3 77 67 0 37 48 98 31 69 38
35 57 56 61 7 91 62 76 30 88 64 46 7 65 36 114 73 102 57 40 96 86 105 25 33 60 30 53 40 53 109 22 103 81 75 19 115 66 84 19 68 5 71 17 52 44 82 81 37 99 81 72 90 10 101 33 109 84 33 46 79 50 89 36 21 27 80 21 38 4 63 22 93 64 84 10 1 23 81 76 111 13 47 106 74 69 105 41 117 77 0 51 49 57 3 34 120 18 17 117
58 4 119 3 33 69 47 58 35 86 86 75 75 53 19 32 13 6 54 117 70 53 4 107 12 94 88 113 85 47 57 88 84 69 98 34 115 110 78 89 3 107 0 58 78 38 41 35 25 54 47 52 64 1 112 43 72 50 65 119 38 30 79 24 34 16 102 105 81 0 100 36 13 28 16 82 117 96 93 81 28 25 65 7 19 106 54 107 30 99 18 7 29 52 69 22 67 20 111 45
30 81 2 27 80 113 46 43 22 60 24 19 30 84 116 74 46 98 103 71 85 79 12 29 98 10 88 107 67 68 67 108 21 10 26 25 81 49 31 1 97 51 107 10 93 99 87 61 105 89 12 13 110 55 82 83 34 115 36 35 74 8 62 49 93 102 108 48 78 57 87 74 2 51 25 43 9 3 84 71 64 100 117 13 104 49 109 16 65 40 96 52 2 39 82 81 41 102 8 119
61 2 28 38 113 85 107 25 50 15 25 95 113 13 94 69 105 61 30 102 77 13 21 8 93 34 11 102 25 117 36 95 23 85 91 22 26 46 100 51 67 89 104 109 62 45 28 98 109 79 27 100 94 1 94 88 100 40 92 74 99 109 40 117 3 6 44 118 89 111 55 59 55 41 40 36 36 16 88 57 45 1 86 57 78 40 6 117 47 114 115 104 24 99 75 34 32 101 66 101
62 36 69 28 93 38 110 110 35 11 85 37 51 103 97 77 46 30 40 108 26 98 12 102 14 101 6 113 24 12 59 32 99 21 106 50 7 32 88 83 70 67 96 42 39 22 116 67 16 59 110 55 46 102 75 35 5 116 110 83 111 57 107 91 23 113 79 60 92 74 0 43 117 65 112 83 57 67 78 2 50 20 65 120 31 96 44 67 30 6 53 10 86 30 45 53 61 108 83 67
56 110 103 30 1 51 106 33 96 85 0 64 110 88 54 58 54 101 32 119 19 65 75 65 15 58 112 49 87 63 7 66 34 33 91 98 112 110 112 9 41 33 38 48 100 56 59 58 78 100 90 93 76 38 5 82 106 61 61 65 55 68 117 3 8 31 108 98 81 67 17 12 114 6 45 31 62 101 96 69 26 2 84 38 35 31 83 4 87 101 72 104 100 119 62 89 54 86 112 97
20 43 56 65 18 116 20 2 110 40 35 8 109 53 25 16 57 119 98 93 72 53 70 97 40 84 78 79 51 31 36 90 7 28 49 114 79 70 44 9 115 92 96 1 7 85 93 85 100 81 112 83 59 76 69 111 116 40 94 84 119 34 56 38 114 10 108 58 94 116 96 69 27 45 53 20 8 59 50 19 98 71 23 115 85 25 62 109 44 119 30 48 74 29 117 4 24 62 25 89
19 117 117 41 85 44 28 75 18 10 55 2 101 59 45 4 24 9 39 24 55 22 64 55 100 27 104 73 0 42 95 106 31 49 59 78 11 76 114 3 22 90 92 49 90 11 107 56 39 96 19 5 78 8 48 106 9 104 77 18 55 109 24 11 66 116 52 112 115 116 32 103 16 28 34 28 118 68 63 45 87 72 48 75 114 73 18 87 58 12 46 39 65 43 0 96 47 43 117 71
99 8 63 68 98 14 67 113 45 91 39 48 30 18 115 61 70 42 6 4 35 16 53 8 84 91 25 84 120 41 6 96 65 41 65 5 25 24 51 36 92 116 103 38 4 34 114 109 83 114 86 15 66 96 30 94 97 11 4 47 62 96 40 79 95 21 97 89 29 5 54 44 69 61 12 41 13 19 59 15 107 90 20 103 1 44 88 29 71 114 110 103 115 78 34 59 82 94 62 32
82 72 9 110 66 40 60 80 1 93 96 81 80 37 69 95 4 1 102 31 20 36 114 44 64 6 117 63 57 74 70 69 62 51 110 11 94 40 57 55 35 43 89 24 2 8 13 2 26 106 74 14 113 28 117 19 79 72 54 29 99 15 58 20 90 30 45 56 19 66 79 80 74 1 91 56 40 9 55 74 99 12 43 68 62 107 112 82 79 34 13 117 32 96 93 108 70 26 17 100
62 0 79 46 6 63 64 3 33 89 27 116 83 115 13 70 34 27 87 82 66 15 16 97 44 87 94 31 30 44 84 11 71 37 31 55 95 84 74 89 73 106 33 32 46 74 55 5 50 116 89 119 47 62 106 91 100 21 79 110 4 13 19 114 72 22 11 39 82 77 18 32 62 12 11 17 51 54 33 41 86 22 31 48 22 88 39 1 98 100 64 16 13 55 101 69 15 77 107 63
2 53 23 109 93 31 53 1 96 50 99 51 11 30 25 104 1 16 115 1 63 26 32 55 62 73 2 95 38 0 4 72 110 4 72 115 100 61 18 48 107 61 100 44 103 112 69 59 30 85 1 64 6 94 82 6 50 85 12 79 20 72 60 97 20 87 54 97 102 83 117 59 74 25 16 114 14 100 20 109 105 85 73 84 24 48 10 36 59 76 58 6 76 88 104 51 118 118 77 91
95 50 39 111 14 21 99 18 53 83 109 72 115 25 25 83 33 79 100 24 81 62 59 38 78 60 26 25 25 4 0 23 103 53 67 25 54 104 68 41 33 86 22 74 64 101 33 63 108 84 25 51 120 96 27 38 29 57 1 15 80 3 119 35 32 54 79 47 108 102 86 104 53 70 69 49 60 57 8 89 57 41 53 103 60 88 88 40 61 48 18 23 2 96 28 17 117 90 111 65
51 54 5 58 61 102 69 100 30 79 2 116 75 37 49 112 29 111 100 23 12 118 5 92 18 26 3 117 81 54 28 63 80 74 101 70 112 17 42 4 104 0 54 58 9 110 11 109 15 58 22 44 72 108 116 19 57 9 81 28 66 67 47 72 20 1 38 35 112 74 8 3 32 80 114 30 57 48 109 90 2 104 26 86 99 4 32 93 97 43 109 107 59 60 44 29 87 39 101 35
38 21 27 26 8 68 49 118 28 67 44 53 72 21 111 46 38 96 116 36 19 66 3 9 26 72 101 42 83 55 65 6 3 103 119 71 39 54 81 49 16 116 54 89 19 16 70 18 117 10 92 54 18 15 91 57 32 42 52 89 105 73 19 28 10 83 73 76 58 84 32 55 69 77 5 69 10 41 42 74 113 33 24 62 103 3 39 31 3 116 31 102 111 70 4 19 53 99 84 84
71 30 1 92 82 48 2 75 93 101 114 41 23 32 69 64 45 102 93 62 50 78 8 76 96 11 97 98 59 70 100 105 16 15 60 37 1 70 19 45 43 12 1 114 25 76 38 26 83 16 18 92 5 101 93 27 56 50 10 40 68 83 38 81 66 2 89 34 18 17 57 41 55 29 120 115 83 54 45 93 46 11 6 1 8 57 3 109 69 95 110 66 15 13 82 3 34 90 105 55
120 66 112 45 23 117 70 108 75 83 111 82 66 75 44 53 77 10 96 64 39 101 8 72 92 20 70 51 31 7 77 23 54 25 15 29 9 63 64 25 18 106 66 70 13 10 26 98 118 50 74 15 117 45 110 16 23 20 109 53 73 114 22 13 75 105 8 11 76 5 50 73 59 71 85 10 49 74 65 68 72 72 98 109 61 76 22 66 97 7 55 70 120 79 72 48 55 104 19 56
97 43 111 37 53 24 71 5 105 7 43 60 27 49 48 100 16 119 34 85 104 63 14 117 81 7 112 65 26 20 99 119 86 88 49 22 84 2 94 104 106 87 40 21 3 11 77 53 104 100 67 33 41 54 49 120 14 53 105 86 24 82 29 2 26 19 82 111 94 87 29 112 44 15 74 60 23 66 67 25 96 23 104 36 63 74 87 17 31 69 114 42 101 58 99 28 7 68 30 72
9 53 57 13 55 32 25 16 13 77 62 74 27 5 80 108 44 4 71 5 43 110 21 108 44 30 79 56 73 22 35 58 39 51 23 102 5 85 28 48 102 97 51 26 17 34 19 50 11 42 101 50 116 115 78 1 66 115 56 70 9 44 97 13 63 21 84 2 109 78 69 41 49 32 70 91 23 2 28 109 64 29 74 91 5 20 6 76 33 44 102 59 4 100 23 88 98 17 76 85
42 100 62 52 41 101 103 48 19 120 116 108 98 110 32 78 105 96 44 30 102 9 28 43 97 74 82 115 116 97 75 32 98 12 2 10 10 112 11 114 69 83 102 112 4 104 16 18 86 119 1 31 8 78 8 77 95 11 33 82 55 105 29 86 50 61 6 39 112 115 38 55 101 37 11 28 107 0 25 26 61 111 45 112 2 15 75 96 105 63 86 57 69 25 86 109 35 69 114 56
58 6 69 3 49 17 91 116 108 26 92 27 59 57 112 116 71 95 7 87 108 96 58 16 92 101 15 73 35 1 58 89 78 14 36 89 87 38 85 33 35 14 25 116 19 51 8 65 6 66 44 65 99 24 119 42 96 38 47 46 58 102 72 1 33 11 58 28 117 103 13 116 76 83 6 37 32 17 22 35 37 105 86 0 97 78 108 39 13 51 104 26 53 6 68 96 73 95 48 56
52 18 3 15 0 28 2 24 117 66 41 13 52 105 50 52 77 55 19 74 5 107 62 16 75 45 43 95 100 4 8 17 91 86 73 120 32 87 31 96 33 3 34 43 37 74 64 7 8 37 33 95 87 38 51 57 120 22 55 94 88 29 88 112 111 36 76 75 21 46 40 119 51 78 10 108 94 120 18 21 46 2 32 84 119 7 102 24 57 102 82 78 88 27 84 97 68 82 70 86
1 88 27 21 113 112 67 109 110 114 80 85 67 83 94 48 1 90 32 72 112 76 109 45 53 21 110 34 109 42 108 23 88 73 30 120 63 55 44 116 58 81 111 46 106 102 71 49 111 20 93 2 94 30 118 38 16 23 37 94 119 79 98 15 29 79 46 111 73 87 90 99 112 32 107 55 111 32 82 0 85 94 116 101 40 36 61 82 56 41 5 117 62 15 29 43 24 4 86 28
4 63 55 84 100 59 115 68 89 68 108 111 62 5 75 113 119 85 79 38 30 106 65 40 55 84 108 9 54 60 66 59 53 59 61 59 57 109 94 37 58 26 98 106 45 118 106 32 82 2 41 6 46 7 50 76 45 96 61 28 60 19 32 2 5 110 40 46 114 26 103 120 71 120 6 67 119 80 21 70 25 42 75 42 89 50 82 57 50 72 83 66 103 68 77 78 91 36 62 118
12 23 20 35 82 72 68 78 13 26 115 38 80 107 78 83 4 42 43 108 101 35 79 35 86 70 95 52 78 73 74 57 84 79 11 96 103 52 103 49 13 13 101 104 93 91 80 120 27 82 83 23 94 54 41 34 82 98 90 107 5 20 89 80 109 35 115 80 99 5 26 46 42 21 22 66 72 27 81 20 54 76 108 31 55 93 106 66 88 29 34 49 32 7 83 82 14 16 54 93
118 32 59 39 118 114 39 41 64 104 86 119 87 44 64 10 0 70 108 73 74 79 42 64 91 24 8 46 75 100 36 43 57 46 53 38 89 51 10 60 8 40 86 110 82 115 100 66 33 100 32 55 18 62 29 73 29 18 103 72 57 63 27 35 47 49 4 82 7 64 97 27 107 67 119 84 115 104 103 43 81 102 66 70 58 115 82 106 101 29 79 56 3 24 2 46 119 80 6 63
6 5 80 113 18 80 77 12 112 94 52 93 96 112 90 79 19 68 4 103 94 29 89 62 1 15 13 0 94 58 36 114 41 14 11 60 37 20 110 98 116 16 104 99 103 42 67 112 96 117 98 97 12 28 74 80 24 67 64 26 10 46 43 40 109 14 23 91 120 42 102 104 26 48 29 8 34 21 29 15 14 94 101 45 87 31 86 67 76 43 25 85 87 118 41 79 106 38 12 39
8 48 60 84 119 84 41 33 7 28 33 35 2 95 54 94 51 120 42 65 118 53 16 19 18 20 112 24 57 85 58 48 91 107 101 15 108 64 56 111 69 3 106 18 65 93 0 11 40 78 24 88 110 4 101 73 51 110 23 84 90 95 34 0 66 81 9 57 25 41 57 45 67 58 106 88 27 89 52 39 23 24 50 75 58 34 99 31 35 119 117 45 80 42 117 64 18 92 56 109
56 87 27 116 110 67 76 60 102 102 120 77 32 30 86 89 118 26 72 42 22 53 101 101 54 49 6 2 65 6 79 7 52 54 66 119 66 71 48 76 59 19 18 38 66 23 68 59 19 52 120 46 85 13 116 98 3 80 71 29 1 74 28 54 38 81 17 115 25 71 9 62 85 65 39 0 59 76 10 47 83 81 18 3 94 92 107 120 62 62 63 40 44 34 110 61 57 105 14 116
60 71 96 31 75 84 116 75 106 55 109 65 94 75 89 9 76 111 41 104 66 100 108 28 83 98 90 55 53 114 57 2 47 66 0 65 102 36 108 43 65 16 105 67 90 74 105 40 48 39 86 99 79 32 108 71 24 108 16 81 34 99 14 46 110 99 26 105 71 2 110 41 93 68 120 87 34 97 27 2 3 10 75 40 98 110 101 7 103 99 61 65 4 36 81 23 48 45 112 115
0 16 91 98 115 69 70 93 41 5 23 23 89 112 12 12 93 22 76 82 89 114 92 107 110 66 42 84 83 75 78 91 105 61 24 1 92 70 98 119 45 57 65 114 17 12 40 47 91 44 107 77 21 20 51 43 101 113 28 62 98 47 85 92 42 62 69 78 118 104 87 81 68 115 112 104 112 53 52 84 27 89 95 113 120 14 98 38 94 54 115 73 8 64 61 88 31 31 100 14
86 24 85 30 108 33 41 98 13 78 10 62 21 119 3 78 107 44 20 38 108 15 23 33 111 95 74 72 120 83 40 99 56 114 22 36 96 40 68 38 32 1 103 107 58 109 98 51 66 50 99 77 19 37 71 11 118 24 62 120 37 14 56 108 17 38 88 43 29 41 83 51 39 59 91 117 61 5 9 23 105 76 38 35 27 19 71 5 92 70 109 54 11 110 18 102 120 54 43 43
39 10 73 48 104 39 98 119 7 94 29 49 22 36 23 68 73 68 18 10 2 63 47 68 115 21 91 114 67 3 74 111 55 34 67 13 48 43 60 101 104 45 81 35 109 32 63 96 52 119 9 89 36 77 21 9 2 41 102 41 63 5 61 119 97 28 9 40 10 109 117 7 42 29 93 106 108 0 109 42 5 21 9 120 57 115 90 83 40 43 30 7 95 54 87 80 64 83 96 28
15 101 52 42 97 54 35 32 7 60 0 28 15 2 9 63 31 39 45 87 112 41 10 90 93 60 76 83 95 100 5 43 17 15 90 35 82 89 84 102 37 83 5 113 41 22 51 109 34 40 30 119 45 31 48 27 30 71 31 104 91 64 78 85 18 112 97 82 78 75 64 117 56 73 33 54 36 76 50 105 116 33 35 40 49 47 101 20 53 70 36 11 47 45 38 110 91 29 108 84
104 82 20 109 76 4 25 2 15 8 64 44 4 4 109 56 84 64 82 50 10 88 3 102 76 75 42 101 50 94 90 20 72 58 37 62 117 10 17 79 56 31 60 56 117 37 1 1 79 92 7 26 45 46 24 51 72 113 52 35 28 17 103 120 107 34 46 71 90 52 13 10 50 71 92 44 113 36 44 98 118 70 3 33 37 29 43 72 56 55 75 68 50 91 34 62 9 108 62 50
105 8 84 111 42 18 116 108 55 2 79 2 118 38 81 102 68 83 49 74 27 22 14 8 93 36 57 58 115 102 116 69 80 7 94 75 8 76 113 0 59 82 52 79 86 3 63 3 106 102 3 118 70 88 62 87 68 77 54 10 24 106 82 46 90 38 30 74 115 37 107 0 113 65 83 116 97 117 13 103 59 90 89 65 25 51 75 85 17 38 119 68 4 100 91 1 103 18 4 10
109 118 35 114 53 83 95 110 80 84 30 78 83 107 87 13 17 70 106 60 97 109 86 46 33 81 114 105 78 15 42 28 8 120 11 11 68 8 93 41 19 73 35 72 38 89 79 28 23 17 1 15 29 66 82 52 21 106 55 22 82 94 89 96 88 106 47 34 120 80 27 26 22 83 3 57 10 31 23 34 66 84 27 28 60 47 24 1 62 30 47 72 63 7 20 32 18 86 66 79
112 108 48 37 71 37 52 92 27 5 117 42 2 87 22 108 115 3 105 1 112 106 103 68 87 45 115 109 95 120 76 86 108 45 104 109 105 31 103 44 120 90 67 55 52 114 112 18 76 19 34 102 71 17 37 36 6 11 92 112 80 109 51 30 57 24 1 43 1 100 118 20 103 111 100 68 50 93 81 17 43 5 72 103 15 40 120 32 48 86 68 54 74 89 47 60 16 8 53 42
119 50 32 96 101 67 50 118 13 23 0 30 77 53 119 76 77 3 69 72 104 91 96 93 29 108 67 117 109 37 74 81 76 25 64 89 16 83 19 31 61 11 39 49 96 67 10 93 7 4 34 21 59 19 7 34 110 89 80 59 85 40 90 20 99 37 52 11 20 25 94 3 46 28 18 32 109 76 106 58 36 113 117 55 56 97 63 46 41 45 18 29 67 120 104 15 74 18 13 53
107 111 72 26 65 48 62 85 45 64 77 7 5 42 6 54 94 38 14 69 101 107 34 98 51 110 23 24 52 31 28 78 111 76 50 4 57 14 80 105 51 5 99 84 63 33 83 117 70 14 67 31 2 80 86 25 77 115 23 58 27 90 80 75 77 62 99 6 57 110 58 60 111 29 2 96 7 24 46 9 61 12 75 113 44 52 115 78 58 51 53 86 24 18 11 83 59 84 26 40
57 26 11 93 42 37 85 114 89 3 91 1 17 51 49 110 57 70 76 62 99 88 77 112 40 76 105 1 25 38 6 9 72 2 21 12 116 82 95 16 65 56 59 68 13 27 56 64 50 107 101 33 78 41 8 37 68 18 3 77 101 86 35 62 61 70 57 8 2 10 44 1 83 105 74 8 69 92 51 117 27 27 32 46 27 44 12 34 108 38 73 115 120 63 101 44 115 31 101 71
85 78 76 20 60 91 11 97 6 56 92 111 21 62 88 6 55 115 33 35 15 1 91 47 38 13 112 66 100 60 32 88 31 110 4 7 33 28 93 102 24 77 100 77 63 8 52 56 53 72 65 25 48 34 107 74 53 88 92 11 69 109 96 18 75 110 18 53 110 33 39 54 109 12 29 80 23 59 106 111 7 80 70 95 108 22 92 88 15 50 43 4 93 16 82 38 16 21 47 18
79 100 104 80 22 25 61 4 84 76 42 41 110 38 46 59 13 88 0 79 44 97 57 45 23 36 113 71 107 47 102 86 2 13 106 103 120 103 77 93 18 90 14 3 78 19 9 94 53 51 67 53 40 85 63 28 46 95 45 21 113 91 49 24 101 119 2 51 63 4 120 58 108 81 14 78 9 84 41 57 62 94 68 60 20 37 119 8 89 67 6 3 25 0 47 47 75 111 57 115
80 73 10 28 16 91 57 13 1 27 24 59 21 38 22 116 4 3 25 42 49 97 112 90 48 43 40 41 17 53 21 55 112 66 58 52 23 44 3 36 7 45 3 84 108 76 112 101 18 72 16 12 42 56 110 7 12 19 101 92 25 102 85 10 35 89 29 17 105 79 34 51 28 3 1 58 120 57 76 44 116 70 118 19 46 71 84 96 24 102 58 35 22 13 10 16 32 91 31 115
105 118 16 52 112 19 91 18 83 32 41 14 25 6 105 116 64 67 3 63 46 5 93 56 30 101 48 103 102 49 16 8 89 109 35 93 79 65 61 66 40 95 28 42 27 37 107 5 17 89 62 57 31 52 38 1 60 31 89 42 55 72 80 105 70 104 70 110 83 113 25 70 91 25 0 25 13 91 43 75 117 31 49 101 63 29 34 77 11 16 64 2 20 81 64 25 105 21 22 32
12 96 67 1 62 91 57 25 6 7 37 27 45 52 14 61 12 23 73 88 92 24 48 25 101 1 45 19 76 43 53 35 15 29 31 108 35 99 53 45 39 21 53 97 84 30 1 76 50 102 19 19 57 94 62 1 7 42 111 10 70 11 92 76 78 104 83 100 70 98 120 61 97 83 91 87 20 42 67 91 71 71 45 100 37 99 110 19 21 19 99 44 6 98 3 0 17 93 9 24
102 70 68 31 76 7 90 51 93 84 31 31 60 59 63 48 108 75 41 51 47 119 97 47 97 40 56 49 75 52 71 30 37 40 67 62 3 7 113 22 119 32 77 49 44 29 118 66 82 18 0 116 76 32 118 91 116 105 100 99 23 20 60 51 13 94 85 0 87 45 63 106 107 100 17 55 9 72 3 59 27 68 68 119 38 43 95 50 15 7 13 11 0 39 84 110 109 91 74 104
78 69 85 96 69 9 101 32 12 18 7 64 20 79 97 5 89 104 66 17 117 48 100 7 26 10 49 67 60 34 98 47 74 6 23 24 113 51 33 7 88 28 83 80 14 91 44 32 15 83 90 33 101 32 80 16 37 82 80 30 35 14 41 97 104 74 30 61 116 12 98 15 44 76 12 85 112 21 73 28 23 45 72 62 42 9 112 44 97 96 47 3 54 61 68 90 41 55 1 65
73 32 25 51 108 33 22 70 31 12 104 10 74 86 60 11 39 83 64 100 38 99 56 109 62 26 87 87 18 29 92 35 100 82 111 107 12 13 67 116 110 60 58 84 116 43 25 98 41 57 62 4 64 95 18 36 50 77 54 57 44 81 76 45 97 71 107 61 22 48 25 59 100 71 40 96 66 13 87 5 86 46 60 46 74 95 97 1 112 47 71 112 83 32 65 79 95 97 65 33
4 83 52 95 22 46 55 74 40 77 115 105 27 46 63 28 75 25 55 1 48 16 56 94 99 92 16 21 104 58 44 18 15 25 12 119 107 94 117 59 34 59 23 65 18 22 50 5 30 97 91 81 94 40 17 93 114 54 94 91 74 50 52 101 73 53 22 59 93 23 83 31 61 34 67 100 90 34 35 112 33 112 28 14 23 35 82 12 2 86 118 89 101 78 42 120 76 38 97 92
56 10 93 98 24 6 70 88 81 17 43 85 16 52 44 56 111 63 96 16 108 59 68 84 64 103 25 24 71 54 70 60 59 4 23 54 11 105 112 93 34 63 117 109 92 55 92 15 65 69 117 22 120 103 2 66 0 95 95 80 107 59 33 68 92 16 26 48 8 83 15 87 118 37 25 81 65 67 54 71 103 7 95 95 44 94 2 67 49 34 110 105 2 12 110 34 108 87 19 38
40 12 69 108 48 117 69 35 74 28 80 99 118 17 35 111 80 36 10 85 24 3 90 17 35 83 117 52 16 52 42 31 26 20 52 0 50 42 10 45 94 28 14 63 96 29 52 36 39 75 113 42 48 45 19 120 56 81 45 21 71 27 88 42 25 111 110 119 32 31 91 4 8 54 88 79 42 33 47 3 96 82 106 19 101 56 77 72 54 70 113 107 118 116 27 97 70 18 99 44
48 89 0 55 106 6 43 66 39 68 116 101 75 40 53 45 112 52 119 50 47 87 26 112 82 96 73 106 21 97 45 102 114 90 97 71 70 28 78 73 110 62 39 76 94 12 10 44 114 68 47 10 46 15 94 59 24 111 45 72 77 12 73 81 46 100 79 118 26 14 11 40 103 115 1 97 59 19 12 38 75 41 77 69 81 41 3 83 117 28 2 27 30 49 7 43 70 105 0 46
54 84 36 114 64 19 15 56 96 101 113 98 120 107 62 96 55 46 83 76 11 11 7 59 81 102 116 106 99 68 41 82 37 18 59 23 39 13 62 117 36 8 96 82 41 14 116 64 46 109 116 32 32 95 59 118 119 64 85 71 36 114 50 39 17 63 88 110 19 20 81 38 68 115 62 53 99 102 66 110 115 104 104 18 16 102 44 73 55 74 119 59 84 4 67 75 100 82 8 57
20 53 96 110 32 78 16 88 85 72 43 91 83 66 67 61 61 18 72 83 95 110 16 85 92 51 69 36 103 109 16 95 13 107 38 62 76 78 31 43 115 115 1 118 24 111 24 0 33 23 39 24 34 100 42 117 76 105 80 74 17 79 21 116 66 79 100 26 68 8 17 100 45 7 22 53 111 91 99 114 98 89 110 120 16 21 51 59 90 0 30 96 112 83 25 119 76 54 13 15
7 58 9 18 60 90 102 31 50 107 61 38 81 37 16 64 89 48 115 106 116 53 48 116 114 48 16 80 98 113 81 36 106 8 111 81 71 112 92 20 71 87 14 61 87 54 84 25 85 60 94 1 44 91 74 58 79 17 36 8 82 103 59 53 58 83 47 111 42 65 71 96 38 61 35 77 51 89 33 15 68 13 101 104 17 104 29 30 4 2 83 2 101 87 64 34 7 6 1 40
103 89 63 4 48 78 118 84 119 114 64 57 72 6 110 112 95 49 59 50 30 62 82 50 112 98 94 18 39 26 58 38 66 11 48 26 11 31 106 35 72 86 94 105 34 0 32 111 92 76 108 27 52 14 87 85 96 96 8 105 4 58 56 4 77 50 73 15 81 101 15 33 42 34 112 57 108 88 9 67 4 67 46 39 85 58 55 63 76 7 27 55 87 20 57 70 60 1 27 93
70 107 89 109 88 109 18 14 23 103 106 120 3 86 40 21 111 69 85 69 41 43 44 49 31 8 65 110 90 26 15 45 119 102 74 68 20 101 117 3 86 81 113 66 113 7 54 115 62 90 20 102 77 100 119 111 49 45 70 85 85 78 6 3 94 113 117 17 87 49 75 14 42 72 37 35 91 113 17 55 103 41 56 27 92 109 72 104 112 87 82 108 72 111 26 113 101 103 69 108
52 79 111 86 40 32 70 58 25 56 51 1 53 0 10 82 69 98 77 102 8 18 49 56 82 54 71 41 117 23 0 62 114 25 65 85 60 52 90 107 72 32 17 37 8 91 16 96 29 48 110 75 69 58 21 105 51 99 112 95 46 95 35 94 72 36 96 2 82 83 104 28 34 83 0 55 84 44 73 31 10 108 3 27 34 114 5 43 53 35 12 22 86 111 103 39 116 71 17 53
27 2 95 3 73 109 90 69 34 96 63 107 115 22 25 45 96 90 36 14 78 59 21 56 21 29 101 16 71 61 23 85 89 32 57 22 23 25 1 51 10 102 16 62 54 22 20 35 29 48 99 71 5 98 34 105 11 114 14 73 65 1 111 99 90 100 57 43 88 84 82 77 91 7 11 29 95 4 29 92 65 63 44 36 11 24 86 116 118 109 89 114 101 105 36 110 72 119 55 43
