100
7 116 42 102 94 14 15 120 111 75 77 9 61 79 91 50 63 62 21 26 39 19 46 29 54 70 62 93 19 17 114 1 65 43 51 114 60 81 89 103 9 100 76 70 74 119 65 76 3 12 46 74 72 38 90 71 110 82 53 28 82 95 23 111 101 52 59 25 72 103 114 115 26 97 41 118 52 115 88 111 76 28 110 110 22 18 83 75 115 72 56 53 7 48 82 54 100 74 43 19
22 5 112 1 9 102 26 12 32 42 112 24 100 65 47 4 29 99 15 20 14 107 44 82 95 108 1 38 120 42 120 83 29 37 57 33 29 44 22 31 100 32 7 29 79 76 63 74 115 105 24 51 65 120 37 82 51 117 49 33 24 82 48 120 46 77 52 19 48 2 2 68 107 98 37 60 17 0 58 15 27 46 96 109 70 97 81 88 3 88 118 30 69 59 101 77 31 95 114 45
48 43 37 91 64 93 96 97 58 62 4 85 45 110 68 68 13 106 90 85 69 91 55 117 114 86 54 87 66 18 120 33 36 58 74 74 7 86 73 110 15 120 3 17 92 103 91 110 101 90 66 35 105 87 86 71 18 76 80 98 15 80 13 6 102 13 101 11 26 14 23 117 54 28 45 100 39 33 95 101 112 93 107 34 37 79 57 32 113 46 109 117 61 22 12 80 26 105 64 43
85 54 19 5 3 107 56 34 42 75 94 29 33 23 29 22 98 60 44 104 68 83 115 117 61 66 81 115 37 34 94 43 104 33 21 79 119 38 90 110 26 23 29 52 45 41 67 64 73 21 88 92 25 120 61 84 41 51 18 66 115 99 21 15 41 52 22 114 23 42 56 59 23 74 102 56 6 20 17 99 22 58 101 55 21 83 35 92 25 79 105 69 49 33 50 18 73 4 115 18
56 64 55 19 44 13 56 85 119 51 35 56 89 98 19 114 94 89 92 110 113 91 109 31 99 107 40 49 43 102 110 99 5 67 45 82 22 103 76 100 66 45 51 70 33 48 9 94 40 98 7 28 52 58 85 35 6 100 39 59 23 46 75 78 2 21 40 70 16 57 99 1 85 52 107 29 53 19 2 12 37 105 64 78 26 106 98 12 72 73 120 85 7 35 13 21 115 59 110 88
30 50 43 56 37 6 39 95 119 66 45 111 3 65 9 91 76 51 93 85 58 70 62 14 104 41 89 4 120 29 55 85 2 30 31 72 81 70 104 84 112 47 18 39 7 93 95 92 100 79 78 105 89 116 11 37 11 113 60 37 87 3 64 41 101 88 95 111 10 49 39 47 90 57 21 6 95 11 6 48 43 22 105 74 77 111 102 83 110 53 23 108 110 101 55 81 100 39 22 28
72 53 5 61 79 27 72 116 16 104 55 34 36 21 51 44 3 29 65 101 76 109 6 17 11 109 54 114 97 62 14 85 41 86 116 32 117 117 87 65 27 101 113 59 20 42 35 40 33 26 82 62 3 76 116 48 5 49 91 47 98 83 81 15 94 57 105 81 37 65 42 46 99 47 8 18 24 73 21 79 107 77 80 99 42 91 15 17 10 89 86 69 6 40 31 101 89 38 91 108
74 3 83 46 37 26 110 6 90 32 110 94 96 38 34 87 101 50 53 66 0 54 80 6 30 19 27 99 19 74 38 41 43 35 88 111 107 30 87 108 51 55 93 98 90 10 75 48 108 120 112 67 63 86 18 34 89 99 89 69 61 87 118 114 102 21 67 103 76 90 28 94 19 0 16 65 90 113 93 83 12 55 62 21 108 40 18 100 33 39 95 66 45 56 86 98 43 64 42 65
9 83 21 8 11 2 63 9 13 17 45 62 104 95 88 57 18 113 61 31 71 113 84 84 1 42 68 84 44 90 50 32 53 82 30 26 52 110 53 35 97 76 22 91 12 31 34 62 72 120 115 111 53 19 19 22 93 41 0 84 85 83 106 83 114 94 21 101 9 89 78 62 44 90 75 10 68 22 15 44 101 90 61 60 30 10 20 5 98 112 24 35 111 117 101 88 82 23 100 81
7 108 5 39 87 94 96 44 77 119 26 18 103 93 36 55 7 119 110 69 107 10 65 53 31 108 33 91 22 59 30 117 106 86 3 79 9 79 46 110 42 19 60 11 116 25 92 0 76 90 56 62 60 117 41 49 118 18 22 50 16 104 60 19 78 23 13 103 105 2 56 10 49 34 105 39 100 90 73 60 8 57 89 54 100 23 72 82 4 39 108 14 68 117 12 114 31 25 13 41
58 74 28 117 16 27 2 9 94 95 105 22 97 64 110 36 110 19 79 116 64 84 68 56 31 55 78 51 109 48 79 114 44 35 4 87 69 91 85 60 58 11 82 100 101 83 63 86 35 5 35 5 54 98 83 94 83 89 57 67 13 48 80 118 97 46 105 55 10 79 9 6 9 2 54 96 1 68 39 23 42 82 44 94 78 20 66 54 59 59 0 73 107 42 53 113 37 24 73 93
91 17 8 5 109 113 60 83 37 57 48 62 34 57 53 49 85 3 22 116 70 29 57 35 10 91 110 41 22 25 72 16 112 5 89 7 106 100 39 3 1 34 78 46 33 114 30 78 57 45 47 95 59 97 44 35 53 84 21 86 13 48 109 119 10 46 86 47 95 37 40 44 108 23 26 81 77 85 108 19 8 26 22 110 80 30 0 86 90 77 105 11 16 38 55 5 2 79 72 56
104 74 1 54 91 87 106 0 52 20 112 66 65 12 101 100 96 45 89 82 1 43 85 1 71 8 86 69 34 36 116 39 92 43 70 97 78 45 38 100 102 22 11 19 65 72 63 110 20 4 1 50 42 63 49 14 86 34 59 40 44 15 92 71 79 93 83 103 22 61 108 15 104 30 53 57 100 56 81 26 91 47 76 112 42 20 8 105 106 116 120 1 106 44 114 113 38 120 113 33
92 109 70 99 19 109 33 62 89 116 7 4 37 80 109 53 100 30 17 82 96 40 34 33 93 90 92 53 52 120 94 79 15 6 23 21 29 27 80 33 69 112 12 86 105 41 75 100 54 82 7 54 26 65 116 102 36 91 58 115 96 108 25 33 67 19 37 86 36 116 116 32 35 66 94 13 37 65 53 49 59 102 20 8 62 40 76 35 22 80 84 106 9 52 82 74 56 94 56 14
88 34 90 89 83 91 83 77 89 70 105 92 104 41 103 107 79 60 31 75 119 106 78 120 86 104 33 51 97 119 56 48 34 119 96 57 101 79 102 18 45 106 76 87 106 21 63 74 112 83 107 120 79 87 92 34 67 4 3 102 71 29 60 87 54 2 29 49 13 21 12 45 69 16 33 85 63 118 108 83 105 84 71 119 80 34 39 60 102 35 104 4 99 86 8 42 70 45 32 5
15 100 62 31 46 22 51 102 48 27 88 54 79 45 94 37 77 94 65 100 88 112 13 8 97 63 98 48 60 104 105 87 80 43 4 107 105 1 28 31 18 54 39 66 68 120 118 95 60 14 31 5 19 103 103 100 119 52 63 10 36 52 20 51 34 78 73 61 50 66 98 117 60 110 7 49 83 38 55 99 83 12 107 102 31 15 10 79 39 4 115 97 46 74 34 44 4 75 10 19
97 29 21 116 100 112 27 48 110 32 41 68 86 78 40 30 9 33 31 68 39 28 35 89 110 13 10 12 92 31 114 80 48 75 89 16 115 16 48 53 73 65 47 63 118 94 100 4 118 6 58 105 63 39 102 40 41 92 53 93 112 95 23 74 31 10 49 83 11 14 56 93 38 72 15 74 102 85 110 79 71 32 117 79 97 90 33 81 120 22 28 69 36 7 38 77 64 8 91 68
0 101 25 26 4 104 96 117 51 20 86 41 118 65 15 15 58 93 19 51 27 1 81 34 7 72 77 64 5 96 51 25 118 8 49 54 100 25 10 12 103 71 22 102 107 77 34 36 105 9 59 37 120 80 108 71 7 119 41 60 42 73 20 85 85 6 16 39 70 78 59 120 97 15 50 32 32 55 50 115 112 55 43 18 29 76 66 84 79 35 82 2 2 112 18 83 11 117 35 113
41 105 38 96 48 84 62 68 9 71 43 13 68 97 28 69 60 37 26 85 115 61 10 19 109 19 9 114 50 72 117 79 72 27 38 16 2 114 5 56 67 68 81 100 68 110 90 115 42 108 5 102 61 57 35 55 66 40 114 5 22 10 35 37 116 118 23 0 85 56 111 106 28 55 110 23 73 62 40 45 44 64 91 115 80 21 60 6 42 94 113 55 68 73 33 5 116 12 24 105
60 15 51 60 102 74 45 52 12 39 76 31 107 16 50 119 79 46 41 82 12 70 43 36 91 17 109 51 49 11 50 71 13 29 37 61 82 82 48 62 77 107 73 27 51 42 20 11 97 10 42 39 109 39 97 33 14 69 104 29 106 67 31 66 31 67 76 92 37 20 67 98 63 103 47 27 44 90 112 86 108 51 73 16 70 5 110 94 89 56 22 98 109 47 112 76 103 107 84 91
71 51 82 23 28 75 112 16 55 119 71 15 11 21 29 49 18 25 6 87 95 38 71 106 16 55 83 8 115 43 102 74 68 23 106 5 117 28 54 116 14 14 26 95 89 42 36 63 109 24 110 16 45 6 47 7 66 20 103 45 87 84 113 107 18 89 40 68 107 47 51 48 15 60 91 43 12 0 80 50 81 26 10 91 19 63 66 11 60 57 90 16 19 51 23 8 43 36 20 69
2 8 67 3 68 106 56 91 77 119 95 30 82 46 17 16 29 73 109 49 114 51 78 71 42 46 25 15 69 117 14 93 16 97 57 56 21 113 23 42 91 91 47 89 88 13 3 43 58 106 38 111 5 45 102 12 3 120 30 92 58 109 93 13 100 103 106 106 55 59 54 113 18 83 40 57 6 106 67 21 77 74 118 38 4 117 41 1 24 64 9 26 7 66 88 20 28 83 64 75
16 53 50 67 5 6 107 67 46 2 98 47 7 5 90 31 71 105 32 118 99 59 46 56 15 73 116 115 79 48 67 89 102 102 78 45 85 0 20 36 116 61 107 54 68 16 62 20 76 78 68 57 84 95 63 27 32 30 57 117 67 64 12 63 38 120 26 62 105 89 15 30 40 5 7 65 6 120 1 115 23 25 110 36 103 8 89 21 83 41 34 30 35 101 67 65 79 8 20 30
105 37 24 4 94 83 103 62 29 104 36 29 70 86 49 23 75 47 46 36 27 43 103 73 11 6 67 35 68 43 37 24 89 9 105 69 118 94 54 118 66 67 67 56 17 36 75 34 32 95 103 16 3 87 82 21 120 28 16 116 99 52 44 70 48 41 29 109 119 70 94 32 12 24 18 63 23 26 49 8 101 10 12 63 15 111 38 25 18 73 27 62 58 31 13 105 4 12 54 114
70 109 40 18 34 97 13 101 43 82 98 89 28 42 36 14 13 60 91 11 69 0 38 8 8 9 104 53 13 89 26 47 74 110 43 28 37 9 29 98 34 98 72 59 104 32 66 6 94 8 9 34 67 29 18 72 9 86 26 63 5 44 115 108 65 87 52 115 27 110 27 16 35 81 62 14 43 103 68 81 40 85 66 64 104 34 14 2 18 38 15 69 80 87 41 32 88 116 71 56
60 38 2 69 93 70 98 51 119 58 78 98 48 69 56 109 5 59 3 109 115 84 22 97 102 94 49 9 66 46 84 31 77 101 93 96 39 40 53 113 116 23 97 55 19 76 91 72 41 95 72 81 104 95 84 69 0 65 62 17 37 9 88 61 97 56 43 4 7 106 20 101 116 9 88 98 85 0 80 60 67 101 58 26 33 96 80 107 68 60 59 91 78 20 54 78 72 76 20 83
33 110 64 22 75 83 23 21 41 90 10 52 88 92 111 94 74 78 100 54 12 115 27 82 49 120 71 18 47 57 44 35 11 38 67 116 67 104 85 72 17 20 120 56 113 15 22 58 108 67 104 13 34 93 24 14 2 77 84 106 85 99 115 57 99 94 54 49 28 111 71 84 25 97 42 71 112 100 69 80 37 60 65 66 14 96 97 84 40 87 13 6 35 110 25 62 110 80 21 86
46 88 48 117 12 53 54 27 60 106 80 80 7 43 6 67 75 62 91 31 53 27 85 69 105 43 79 84 110 89 43 37 23 60 23 73 9 91 111 80 116 44 10 15 115 38 73 72 83 74 75 97 55 33 24 67 78 105 47 42 73 104 32 111 34 77 80 61 96 37 5 111 73 53 56 62 68 48 104 113 92 39 117 82 111 63 38 52 27 113 46 120 69 81 65 26 86 104 119 105
25 38 118 47 56 80 25 110 113 84 90 66 108 47 65 8 61 93 71 79 102 62 55 82 94 77 67 100 115 85 79 8 73 86 78 22 8 6 73 67 14 41 96 27 71 101 52 119 112 9 16 65 110 36 22 56 58 111 26 61 2 89 68 84 15 53 45 120 12 19 92 97 55 95 2 52 10 105 112 116 2 47 109 65 22 29 30 38 46 45 117 104 16 32 26 46 73 89 52 43
67 28 94 97 99 65 79 87 68 53 14 111 47 33 41 69 27 103 42 53 31 38 108 111 9 54 29 113 0 71 69 89 28 35 117 5 116 91 118 96 51 110 32 73 19 109 80 82 7 90 98 28 18 89 83 90 79 70 104 27 90 26 46 89 56 42 84 70 35 52 58 85 101 2 108 54 93 42 12 76 120 10 94 11 2 115 13 68 0 67 120 19 92 65 104 67 82 108 20 90
114 105 75 84 103 103 112 28 97 33 21 74 57 59 46 115 36 20 4 69 78 46 74 94 64 59 68 85 120 17 85 90 69 63 111 87 108 76 4 79 9 95 88 99 81 48 3 111 89 60 86 55 94 25 10 19 111 117 41 115 58 33 78 36 71 109 60 3 29 111 59 75 103 5 74 68 99 108 29 65 51 96 35 113 13 95 84 12 56 112 25 22 115 52 65 73 23 21 87 48
49 79 92 109 118 0 114 112 95 87 110 47 24 56 89 49 90 46 7 104 60 90 14 71 76 28 69 37 37 41 41 15 34 117 1 115 18 33 91 92 93 12 85 64 75 92 105 77 76 96 116 103 16 92 25 99 63 68 11 40 108 46 90 46 71 78 72 57 106 66 96 21 62 61 35 61 79 41 22 45 35 100 55 93 57 63 24 14 108 64 35 0 81 111 61 51 35 55 113 109
100 6 48 46 116 25 25 43 49 52 33 25 94 47 22 94 53 64 48 88 15 68 34 25 87 65 50 25 32 41 87 28 37 45 40 71 25 110 25 0 0 25 27 106 92 20 92 5 94 96 79 90 113 82 43 74 118 30 82 24 77 87 9 31 55 100 17 116 56 36 15 101 46 108 6 100 119 97 119 2 54 109 67 59 80 65 47 8 86 109 117 71 5 53 77 82 118 41 93 31
33 106 92 68 104 38 98 87 93 39 113 107 51 99 68 56 72 16 58 11 108 96 77 98 84 63 102 102 62 11 58 73 3 93 2 57 115 22 81 26 71 82 106 48 83 80 112 89 112 98 96 56 27 40 118 58 57 56 5 25 49 18 45 38 63 67 66 83 47 112 105 63 44 17 108 5 4 11 40 73 84 120 21 114 89 90 95 63 57 74 40 11 7 86 9 118 110 43 10 62
118 3 66 36 59 48 95 120 91 57 23 80 56 14 84 81 35 97 77 45 53 80 61 94 37 79 117 120 15 88 90 45 71 2 89 63 71 29 97 10 37 84 117 119 104 24 67 116 4 74 60 71 94 77 25 70 108 10 88 26 43 8 49 24 14 72 31 31 23 62 49 86 55 105 0 68 90 43 64 0 82 96 13 62 32 57 102 81 6 109 78 59 13 55 101 101 75 42 85 44
78 73 48 27 23 23 10 13 39 45 107 11 45 99 102 39 22 112 94 89 99 116 41 84 8 54 119 57 16 24 108 90 0 12 56 70 18 88 59 103 97 117 86 12 108 19 70 9 5 106 70 81 38 89 11 24 84 32 85 104 73 83 106 38 63 114 120 70 61 117 116 79 91 56 93 112 12 8 64 42 111 29 106 89 88 8 111 110 41 95 33 73 44 105 76 110 20 81 63 96
30 14 54 3 88 12 94 26 41 60 16 37 50 114 63 50 47 37 39 69 45 79 15 52 36 11 87 53 58 20 45 30 78 58 65 71 4 101 56 82 16 49 116 79 90 116 62 26 117 59 44 53 103 21 57 56 99 66 110 58 69 80 64 24 104 68 12 92 52 96 67 37 33 56 38 78 43 72 113 40 23 74 59 105 82 32 110 93 6 59 70 114 55 17 46 6 16 94 79 19
44 28 64 113 114 82 2 14 75 30 53 36 15 73 92 57 76 90 27 83 0 14 86 54 22 71 7 25 96 0 60 118 58 115 115 107 79 92 54 69 68 67 97 46 5 77 30 120 16 97 3 80 120 40 106 25 43 46 93 88 88 85 25 108 72 114 19 109 62 111 106 6 81 58 66 21 20 13 63 85 94 50 73 20 37 52 14 94 106 100 10 56 15 84 97 85 29 0 15 0
49 82 101 11 33 6 119 105 25 32 101 10 12 102 53 74 71 34 84 52 104 20 75 119 56 45 8 110 48 59 94 118 16 107 23 107 38 5 81 24 69 65 115 65 76 112 13 30 30 53 59 62 22 25 5 19 53 103 19 88 45 76 2 81 42 69 84 58 0 83 41 9 75 50 51 91 106 39 45 119 40 22 116 18 90 38 69 75 1 14 94 5 116 5 63 53 115 52 87 6
55 36 54 55 96 93 85 90 94 64 27 62 89 29 10 72 19 108 54 98 87 65 85 63 72 43 119 71 81 111 13 3 116 68 72 47 119 34 3 90 56 13 61 78 73 94 62 117 77 100 16 101 36 14 41 14 104 84 120 26 117 32 102 19 95 85 68 47 102 120 56 110 63 56 61 120 83 43 57 68 65 92 56 114 74 39 112 54 44 109 10 88 1 25 119 57 29 93 16 3
93 24 107 92 120 71 22 82 38 43 116 68 108 47 99 112 49 26 83 60 77 35 53 90 36 92 11 14 94 34 119 36 7 1 76 14 99 66 6 2 37 4 117 32 25 48 71 5 81 41 1 95 99 9 94 42 52 42 13 74 37 101 43 36 58 78 86 5 71 65 75 13 104 97 13 29 64 102 98 50 44 85 78 56 118 54 42 10 2 38 98 99 42 112 70 46 42 74 109 117
73 68 53 113 103 60 19 117 101 63 30 54 59 105 8 92 14 15 0 36 38 35 59 46 20 45 65 105 46 43 23 104 100 60 60 85 92 72 65 23 1 112 3 57 87 33 82 22 48 43 99 78 7 22 4 72 115 75 114 85 104 5 76 117 119 118 28 67 65 25 4 14 51 102 99 70 16 73 75 7 39 78 88 16 110 6 39 109 67 119 7 90 44 41 5 100 48 53 75 4
31 76 69 106 68 80 61 8 8 93 24 34 84 91 61 27 84 84 111 89 5 22 73 19 108 73 114 105 63 21 88 84 76 42 75 53 108 47 36 109 90 33 108 12 31 11 45 75 112 29 96 88 33 109 108 17 72 28 88 21 60 58 75 12 83 68 86 117 92 54 92 27 88 97 47 3 79 63 120 52 77 114 60 49 111 39 106 108 11 9 22 42 16 84 50 70 26 110 33 63
37 70 95 41 16 39 36 86 29 37 98 10 104 91 65 3 30 55 2 33 116 16 0 13 90 37 73 50 25 111 56 80 120 59 107 40 38 116 106 80 96 78 87 94 64 4 54 9 3 90 67 104 95 46 88 65 116 85 8 96 41 37 94 69 82 107 47 3 111 84 44 113 10 85 62 49 29 102 10 23 19 41 41 102 68 119 7 104 8 3 78 79 85 36 72 96 58 70 53 15
117 91 114 118 76 111 66 120 54 18 44 98 25 28 27 39 20 105 50 7 90 93 70 36 6 37 97 79 32 7 62 70 80 101 32 25 104 62 26 55 80 107 51 74 91 82 117 7 1 116 71 2 8 8 8 114 52 103 25 100 47 81 92 46 94 92 85 88 9 98 111 110 38 113 42 71 9 96 6 107 107 20 82 43 31 82 41 72 45 79 31 16 102 39 55 15 55 11 5 99
12 68 88 104 43 83 60 44 60 109 78 73 110 13 28 46 14 67 100 14 59 45 21 18 71 71 50 69 69 8 109 38 100 18 33 25 75 11 119 119 75 83 74 92 107 115 106 94 7 10 30 25 43 40 26 89 74 92 53 86 76 53 52 55 87 60 27 78 80 9 15 83 44 63 27 44 13 98 35 84 21 5 95 112 66 87 86 109 78 24 40 31 93 65 112 44 9 36 99 37
95 32 18 87 81 48 63 38 15 50 80 105 117 3 4 59 47 31 31 38 115 24 98 53 88 106 71 47 65 1 100 69 53 26 34 2 65 30 83 77 40 68 4 32 38 36 102 11 98 5 31 8 69 110 90 101 34 37 47 41 115 102 106 96 77 84 58 56 22 105 101 13 116 11 52 39 68 56 66 85 108 47 72 36 74 17 1 110 5 13 108 108 118 50 81 116 62 27 113 57
71 63 38 2 109 106 3 46 115 37 115 85 36 12 89 115 71 55 10 93 60 88 29 80 73 24 35 2 113 20 10 78 39 63 17 98 81 77 112 22 20 81 11 47 117 22 41 71 66 103 38 42 65 67 76 111 28 19 27 108 112 79 11 78 41 18 51 2 1 4 35 30 106 31 45 20 22 41 46 20 17 86 14 68 117 29 105 53 33 22 117 61 116 0 41 93 68 52 74 49
93 71 87 96 104 47 2 34 119 93 85 51 83 77 93 15 86 37 99 55 116 56 105 29 49 72 85 67 43 72 120 111 43 96 95 74 104 13 61 7 73 53 75 8 81 75 44 72 33 38 42 68 120 68 85 54 29 100 50 45 59 20 43 61 119 113 17 72 120 59 19 13 47 109 18 34 37 64 13 111 6 97 20 46 69 6 102 86 71 70 81 11 62 75 107 62 9 67 8 104
81 40 84 8 85 76 16 59 30 84 83 43 83 17 40 107 105 52 72 45 19 28 9 98 36 10 119 107 30 85 41 78 53 7 70 101 33 6 78 52 107 45 113 31 37 71 63 22 19 30 67 79 74 33 59 93 34 20 11 91 62 33 85 84 11 82 106 97 106 56 115 97 48 57 19 78 59 25 88 108 73 4 108 75 104 12 56 31 55 20 58 1 13 102 60 19 70 92 80 81
18 68 63 106 27 38 101 110 111 51 21 110 119 74 41 1 108 38 48 50 11 7 115 104 50 63 45 111 39 46 32 25 87 21 42 101 66 87 74 45 96 100 59 76 4 51 60 37 117 105 88 70 67 7 95 23 6 10 2 9 118 55 11 26 67 39 75 88 38 7 35 60 36 110 51 87 113 92 71 79 57 82 57 56 47 6 48 88 46 39 46 114 115 42 62 83 67 96 113 31
84 14 87 82 3 70 103 13 73 30 54 57 55 44 77 33 12 15 111 40 30 82 43 101 37 13 2 22 89 114 116 90 61 20 22 82 21 100 65 81 22 106 112 55 1 83 66 15 23 91 73 19 12 7 49 24 64 96 1 106 104 117 59 96 2 30 105 43 79 89 0 26 70 118 62 32 11 26 4 6 73 92 103 108 70 114 15 109 106 60 11 18 28 59 83 45 11 64 80 4
101 25 56 81 92 36 55 57 13 87 59 116 77 48 69 105 63 7 98 56 57 91 90 42 11 118 91 27 66 114 107 36 24 53 118 43 33 110 25 104 99 7 44 2 27 28 54 12 97 46 72 107 66 40 23 79 29 85 109 32 86 25 19 76 81 120 103 39 9 60 50 4 59 86 66 101 61 112 0 33 43 11 26 8 79 32 113 99 88 38 72 3 41 22 59 93 79 20 0 54
83 57 112 86 72 10 100 83 79 19 43 28 104 108 37 26 30 9 14 46 95 70 120 12 78 79 83 12 90 95 48 0 99 60 36 53 15 113 58 45 14 70 72 9 57 24 88 44 0 96 39 21 111 120 43 109 32 14 115 5 34 100 6 112 77 92 37 82 22 8 57 34 48 87 41 68 87 42 76 57 89 51 87 78 80 6 73 26 22 109 97 72 19 115 36 85 117 95 53 102
108 66 55 14 66 96 53 34 113 69 8 57 72 20 28 111 58 15 94 42 62 6 60 38 91 17 69 35 108 105 87 28 26 113 38 107 28 60 25 33 18 54 52 97 46 90 87 46 111 101 120 46 56 6 84 102 89 34 22 70 84 88 45 44 72 57 104 50 69 36 104 85 88 36 72 17 115 67 60 30 96 21 106 77 64 82 7 85 110 44 65 38 26 118 63 56 31 64 54 67
104 99 109 24 115 12 54 6 82 69 12 28 109 18 3 73 52 83 40 42 40 116 89 100 74 62 103 81 4 74 120 17 79 46 29 24 45 12 92 5 62 53 75 33 42 112 20 10 51 96 72 116 53 25 116 52 115 66 70 29 103 72 97 100 39 119 29 86 90 105 79 65 78 13 47 36 65 101 73 96 86 28 115 86 56 43 47 94 102 78 9 51 52 90 98 86 59 105 80 99
86 89 94 67 62 66 0 118 88 25 45 103 118 90 7 53 81 119 49 66 58 67 101 42 84 86 12 93 57 112 66 51 46 48 31 73 54 10 8 55 103 23 39 38 117 92 88 48 101 61 110 25 106 32 86 53 15 77 28 102 104 47 45 78 77 95 1 53 94 84 120 56 58 120 24 96 91 70 115 62 24 51 108 32 101 1 30 35 42 109 99 43 73 73 30 113 36 15 81 19
8 36 6 72 119 85 33 46 117 4 78 68 0 120 68 16 35 52 6 105 51 90 65 12 107 35 51 57 44 75 88 62 21 51 33 52 117 104 29 95 13 79 40 13 6 45 46 63 87 30 71 61 30 39 45 28 71 82 101 42 3 37 25 65 55 77 65 45 2 48 67 23 65 82 4 120 52 104 118 96 22 4 28 91 95 41 27 109 11 60 51 73 68 30 90 18 76 32 86 11
119 33 60 1 74 49 95 0 5 26 86 88 99 119 94 30 78 18 110 87 40 92 118 105 8 90 10 78 32 47 51 79 37 84 68 7 103 14 38 5 28 19 69 89 26 47 61 66 22 19 34 118 108 86 118 83 48 99 41 103 51 24 114 61 15 17 104 74 73 83 80 1 22 41 12 99 29 75 48 10 97 53 55 99 10 9 90 101 108 43 18 44 83 35 24 50 6 8 2 97
11 74 80 20 18 2 63 22 22 79 90 92 30 101 34 86 71 93 107 105 94 23 16 8 2 52 66 102 114 87 105 12 89 21 117 20 77 5 61 42 87 1 63 72 23 116 3 25 113 66 104 43 88 85 98 67 99 89 114 20 43 2 88 113 89 89 36 61 64 3 96 65 109 16 94 61 86 5 59 12 92 102 29 67 107 12 120 20 64 33 20 64 31 94 99 63 64 67 65 109
108 92 104 90 44 89 41 64 102 99 6 76 93 79 50 9 69 91 9 13 19 50 101 120 107 85 86 52 16 120 73 61 49 43 38 51 37 99 93 100 60 72 98 3 62 10 107 16 71 37 96 89 85 55 103 100 74 90 11 33 119 99 101 99 37 79 0 106 45 14 28 43 19 50 110 89 88 58 66 65 57 42 105 42 105 33 99 118 114 85 23 91 49 5 115 78 17 53 57 76
62 41 20 40 84 117 66 4 42 71 38 112 0 11 110 89 16 26 32 21 20 31 79 34 52 107 110 5 82 11 14 103 62 23 6 0 45 21 46 32 78 89 100 76 105 69 85 43 58 60 66 86 90 40 32 87 118 78 116 62 97 14 66 119 76 68 105 24 62 0 71 71 59 25 2 114 52 6 15 89 108 102 9 117 94 32 116 73 22 64 85 62 64 65 35 40 70 113 46 0
47 35 20 97 106 13 46 6 63 24 59 33 101 73 42 44 64 94 80 32 62 17 73 17 58 55 85 8 110 21 70 24 66 67 69 107 78 1 115 49 69 68 95 59 91 55 106 19 82 4 35 117 17 96 92 11 115 63 58 48 21 49 65 97 47 64 101 105 120 39 15 9 109 88 58 28 110 23 62 46 108 51 59 81 85 2 41 73 59 19 120 65 14 33 3 118 8 109 19 108
66 94 9 24 2 74 22 41 1 118 52 31 104 50 120 19 18 38 9 117 84 106 107 34 47 115 108 9 34 44 2 35 76 115 82 95 22 3 1 85 79 25 54 51 12 26 85 108 62 85 68 84 16 53 80 46 100 118 31 109 39 44 114 20 115 96 47 99 79 101 58 30 42 24 79 42 98 23 3 85 60 58 21 44 107 18 46 4 9 73 86 113 102 30 74 16 33 34 42 94
17 0 81 81 39 49 108 61 73 94 60 50 18 25 34 86 112 69 118 28 14 10 59 5 16 87 91 110 65 45 38 67 114 103 83 62 61 113 21 19 38 98 10 94 34 56 26 82 61 91 64 13 112 14 118 7 120 84 90 104 29 119 33 38 96 92 70 103 94 113 33 31 100 27 19 30 10 52 99 113 92 114 35 46 83 9 93 97 2 83 97 111 61 57 54 118 55 98 83 34
25 87 60 67 58 3 2 17 57 62 73 11 47 111 84 28 113 89 47 77 85 120 11 49 117 24 95 51 95 93 62 19 39 81 16 77 76 15 49 75 84 69 29 91 16 96 69 89 117 63 22 79 62 63 99 70 108 5 16 107 55 29 29 78 113 28 18 70 37 106 22 78 52 44 105 111 107 48 118 111 10 88 111 22 98 115 6 23 6 75 88 64 41 10 54 39 78 85 46 51
25 23 26 64 73 118 11 15 48 16 38 66 17 88 21 116 37 81 42 50 107 110 61 106 106 26 67 81 61 98 1 101 78 16 56 71 73 59 30 20 65 68 35 41 35 30 2 113 12 16 105 83 95 54 99 39 98 47 6 63 19 73 80 44 38 63 36 11 34 56 92 19 28 24 23 5 61 81 33 31 52 63 68 108 17 5 28 102 62 2 14 77 109 68 14 69 53 83 99 21
72 113 31 114 46 52 104 6 65 79 120 110 97 31 4 102 109 62 107 27 73 44 89 2 99 5 7 25 32 90 88 12 107 71 70 21 91 68 101 66 41 57 8 111 70 23 105 68 63 61 44 110 69 36 28 66 22 62 116 10 5 67 90 30 2 69 50 22 86 53 30 2 75 20 74 89 11 16 33 102 93 63 94 96 94 103 109 1 49 8 29 57 13 39 8 55 13 27 41 44
2 109 53 22 57 40 38 19 64 99 26 7 110 21 79 30 102 31 42 20 33 98 20 88 46 14 89 69 23 82 95 90 73 15 107 87 10 102 21 28 1 13 37 110 83 42 79 89 62 76 11 104 70 25 77 17 83 9 102 112 2 4 48 86 80 55 116 26 15 56 2 4 8 106 7 110 33 62 99 49 55 104 61 26 45 85 77 64 13 83 106 83 119 32 23 23 82 58 4 32
14 77 64 44 103 47 119 91 46 43 92 66 78 41 116 34 17 8 6 43 107 32 5 35 24 21 59 97 88 19 78 120 104 22 115 98 51 25 114 76 30 78 93 1 54 39 73 3 50 112 16 87 36 91 22 114 8 113 104 16 16 37 18 81 5 56 21 76 119 55 72 7 117 50 72 101 24 93 107 14 53 3 40 19 89 44 27 33 34 85 120 98 53 58 11 77 56 60 66 73
55 27 21 71 94 5 67 37 12 35 118 93 28 13 12 111 109 36 53 3 96 27 16 75 113 40 76 26 49 52 17 107 56 120 73 64 6 38 20 50 31 26 60 7 114 64 107 13 105 69 26 61 112 82 3 70 31 15 76 15 106 15 24 11 40 86 65 57 18 115 102 18 78 55 6 40 66 63 18 76 99 111 118 9 9 18 14 103 5 45 41 94 60 17 87 54 63 87 59 74
80 7 55 24 5 104 62 92 30 65 51 97 116 8 18 69 86 82 9 97 56 22 99 47 97 63 51 109 67 81 47 19 58 57 89 40 46 52 26 84 60 105 109 113 48 99 43 50 65 89 57 119 105 48 50 50 39 76 83 59 63 93 105 62 97 107 9 79 5 27 15 113 112 3 35 86 13 71 6 16 84 86 24 63 80 40 100 109 94 94 20 24 92 90 120 30 91 38 78 57
10 91 35 16 0 14 57 116 1 55 89 6 40 10 102 47 120 11 79 17 61 90 81 25 97 120 20 110 84 67 97 116 107 50 16 20 3 44 20 64 12 74 108 52 97 28 109 111 113 115 5 73 54 77 17 10 83 5 67 21 26 103 34 4 98 55 5 117 35 57 39 74 30 66 41 70 6 98 12 89 9 13 73 80 87 66 26 20 106 20 66 69 100 58 53 76 63 81 32 110
83 2 35 32 56 10 24 93 72 80 0 104 68 95 59 3 113 91 31 77 56 65 6 118 97 85 16 48 29 6 116 92 22 100 16 3 104 118 20 89 14 1 92 107 100 87 3 18 72 76 14 50 49 118 52 38 20 2 33 57 12 73 72 53 85 55 43 43 12 81 106 61 110 115 106 53 92 106 92 71 83 7 17 26 97 23 89 14 75 49 24 46 19 29 59 91 58 105 11 66
70 23 17 8 72 57 86 85 82 2 40 9 74 112 78 53 76 104 16 9 1 50 113 38 120 76 86 33 111 94 74 45 75 62 115 88 14 82 3 45 56 40 92 45 87 111 101 24 36 12 99 81 22 77 102 35 48 7 19 113 105 4 14 56 7 71 96 16 80 58 110 78 30 33 49 45 71 101 66 56 46 78 4 94 103 104 32 28 82 7 60 58 36 65 50 53 75 84 104 89
53 15 4 29 10 50 21 67 99 62 107 95 105 43 114 54 8 33 111 19 101 20 26 84 77 16 94 93 15 40 115 69 25 82 95 1 108 97 21 58 117 59 44 96 80 59 90 98 103 7 73 46 25 105 61 116 63 8 39 41 10 53 71 24 120 45 10 45 15 44 17 42 99 109 25 30 19 15 19 62 24 120 70 14 0 80 91 28 39 117 109 100 86 69 6 54 119 64 57 58
17 0 95 55 20 32 92 68 42 74 34 33 68 12 66 5 78 52 2 109 73 79 105 49 10 83 80 39 19 69 93 95 42 35 53 52 39 117 28 31 74 94 54 110 67 15 81 68 55 62 120 26 81 28 96 19 45 63 107 2 94 54 76 117 0 98 111 109 7 23 38 80 0 44 90 59 55 61 31 94 75 4 18 120 0 116 103 68 7 102 59 114 3 99 94 28 69 113 37 78
66 33 37 28 110 4 2 39 69 14 30 56 51 4 32 69 18 14 106 44 55 21 91 91 91 74 57 102 65 33 2 90 7 118 112 91 10 78 13 67 91 87 57 79 38 116 12 57 83 61 114 66 31 97 28 69 115 71 19 112 78 52 115 58 113 97 16 87 46 110 2 15 56 34 42 24 109 6 38 48 47 3 85 41 98 57 109 96 32 92 80 53 15 50 46 71 8 15 63 112
43 13 36 93 70 90 120 72 52 98 24 72 13 34 9 8 104 101 102 114 70 111 93 117 66 91 77 2 42 117 15 35 30 99 7 53 45 53 37 77 59 46 106 53 45 91 56 34 117 113 3 4 56 17 4 94 17 24 89 34 58 107 108 0 111 75 65 39 34 21 100 56 22 65 92 0 15 84 68 96 95 34 60 87 45 95 68 108 56 2 40 55 101 97 6 65 56 12 81 65
4 48 59 50 51 15 8 37 92 45 61 73 25 45 18 18 58 90 64 39 111 111 74 91 11 93 61 25 46 5 22 92 22 41 11 115 96 98 98 104 55 88 101 110 75 102 37 86 95 25 95 113 100 51 90 97 92 54 20 77 23 57 59 92 100 79 108 47 18 104 48 109 0 39 114 60 113 33 12 78 8 23 20 26 67 30 69 67 95 17 103 47 33 99 10 113 40 28 22 27
16 87 88 10 81 53 115 60 13 89 87 78 88 92 67 56 54 23 46 37 108 83 55 71 32 107 90 89 25 3 89 97 34 45 62 92 41 100 71 56 37 52 88 15 37 16 38 68 61 6 85 0 72 107 92 49 59 35 35 18 41 78 93 83 27 52 60 54 37 3 26 0 48 116 114 61 110 119 28 11 88 65 15 36 43 32 42 38 47 89 48 15 106 61 113 92 21 7 70 61
28 52 100 50 116 89 10 57 60 88 107 103 5 52 49 28 78 2 102 14 40 20 40 34 7 41 2 62 45 70 19 28 110 74 66 20 60 102 55 11 16 19 4 25 115 26 54 17 82 6 106 112 18 105 120 54 20 40 119 54 51 90 68 22 38 98 41 40 14 19 31 100 1 95 69 19 80 112 69 59 118 114 27 10 102 50 89 39 5 70 42 73 88 6 9 44 87 60 29 43
115 18 4 100 43 42 74 17 22 86 67 107 19 97 81 104 6 101 41 1 118 26 9 21 53 40 28 6 52 27 12 94 12 110 71 86 98 48 119 41 18 98 2 46 7 68 81 68 105 62 18 81 87 20 101 94 54 75 111 21 114 59 97 69 51 40 34 107 75 30 0 99 20 18 72 26 29 50 32 55 72 72 8 87 83 79 111 104 42 118 69 24 66 13 107 86 49 96 81 100
32 72 4 46 23 46 80 76 35 12 62 78 81 0 48 15 9 50 37 22 79 42 101 66 43 17 80 28 71 38 94 103 110 72 43 106 94 82 15 53 93 6 113 58 37 84 97 15 104 51 11 18 31 8 118 22 42 57 102 17 62 40 0 9 81 35 8 83 11 10 85 15 52 90 67 7 32 25 19 67 29 31 61 16 36 75 30 102 26 98 97 19 101 75 37 119 80 17 87 0
115 28 75 26 4 76 88 99 26 23 63 8 77 116 117 108 6 107 102 32 58 83 61 85 58 82 69 47 31 6 82 11 57 69 4 104 48 113 21 14 38 57 87 66 58 62 20 107 46 69 79 26 79 14 43 39 48 54 20 53 112 84 23 43 105 58 53 84 81 120 2 7 53 60 0 93 97 65 2 44 59 59 21 28 89 118 78 87 57 100 57 22 37 26 91 1 91 105 60 106
93 94 109 79 117 80 101 10 45 42 115 72 17 105 59 120 87 93 114 82 13 110 43 24 29 34 55 112 15 107 118 98 5 95 76 73 43 25 119 28 68 20 43 6 120 85 51 61 64 88 106 71 49 86 42 43 36 46 9 102 107 53 10 29 52 24 103 30 109 93 41 98 68 109 95 109 88 15 39 3 119 30 82 52 56 41 58 112 118 19 15 53 110 38 1 16 19 8 105 48
41 109 37 68 31 110 28 69 107 42 2 95 3 111 107 113 69 111 58 28 89 22 68 75 83 62 19 70 106 86 116 74 96 55 100 10 26 67 53 27 13 103 117 71 75 96 120 13 20 3 114 18 48 50 28 8 44 56 58 98 2 116 19 33 12 80 109 80 15 43 38 0 51 31 71 3 107 117 53 118 28 45 19 117 83 47 45 96 57 56 72 8 51 17 83 100 30 29 13 22
8 101 74 37 59 0 41 88 63 43 4 62 19 61 97 70 82 62 67 65 106 42 35 2 23 107 77 63 3 16 56 18 48 46 54 11 69 49 105 18 89 53 6 5 102 38 11 2 47 116 49 82 45 33 107 1 91 54 66 67 4 2 110 22 103 29 50 20 96 1 27 68 56 56 100 119 13 106 92 62 115 34 104 5 11 56 32 74 63 12 16 44 72 9 21 85 62 107 0 68
69 40 102 93 27 9 30 12 80 120 98 83 96 13 96 29 53 10 65 117 55 85 40 27 84 4 2 84 45 71 81 91 84 27 6 25 103 113 3 14 48 31 47 89 2 101 3 95 119 71 109 57 17 116 52 72 36 38 19 59 21 44 81 107 8 114 111 78 50 11 42 61 60 68 49 63 48 75 5 38 77 53 20 75 116 95 104 109 101 111 119 115 66 2 25 93 54 113 107 58
29 13 27 75 104 65 6 93 9 95 19 23 5 37 56 115 77 80 54 67 3 23 99 71 57 99 38 46 61 53 53 43 76 75 51 105 99 79 20 90 22 96 16 111 104 40 97 76 35 4 34 85 98 87 90 77 93 107 120 67 93 77 10 76 75 55 105 0 54 93 86 118 66 104 71 39 14 21 42 6 24 88 40 24 113 9 28 17 13 88 93 97 82 88 25 93 3 63 37 56
66 117 100 6 4 18 109 105 72 52 37 74 33 20 120 14 92 54 101 17 62 54 52 35 54 66 76 27 1 38 37 56 52 58 68 66 42 48 69 119 74 3 63 58 96 53 57 65 43 1 109 18 50 6 18 97 72 17 87 41 101 52 99 72 93 26 102 29 106 82 7 29 79 16 45 88 95 72 23 27 58 100 105 84 19 50 9 87 33 46 18 52 80 113 2 34 1 97 95 45
4 77 87 8 7 56 113 68 17 54 57 38 1 27 111 107 0 64 6 86 4 72 48 85 48 63 44 56 95 71 11 8 91 110 34 49 102 99 28 14 13 7 63 20 76 11 99 99 66 34 75 29 68 70 74 77 107 54 68 34 85 5 55 61 14 10 33 64 38 52 8 65 78 11 96 17 52 76 7 94 6 79 54 95 91 81 71 13 15 35 35 117 103 82 48 56 97 72 79 27
50 54 92 108 3 65 65 21 54 31 23 28 26 47 24 0 73 98 27 77 76 77 94 37 82 95 106 84 38 6 59 22 114 60 113 96 93 105 50 80 4 113 45 10 21 103 59 88 47 35 110 36 1 37 119 12 81 5 41 113 17 46 120 88 60 13 65 72 114 2 120 101 14 10 18 64 31 1 78 74 22 112 113 55 15 50 90 65 78 16 94 42 120 98 117 25 82 96 18 85
31 1 103 112 101 85 52 71 27 10 53 0 16 39 16 0 99 120 111 111 73 17 85 31 98 16 62 47 70 48 102 27 80 72 32 88 7 95 36 108 34 104 54 108 72 42 80 19 100 86 109 65 84 82 110 29 81 36 54 29 8 11 81 10 66 89 104 41 80 41 50 79 59 104 56 55 31 40 117 114 33 108 114 66 101 116 10 115 105 103 87 20 74 37 41 50 42 69 100 17
81 69 96 116 48 86 0 9 1 10 87 51 29 43 50 40 85 39 81 38 87 54 116 117 115 26 80 56 87 93 28 96 86 56 76 19 111 31 18 72 3 104 111 58 21 52 52 74 110 93 15 28 23 43 101 9 16 3 17 1 6 64 4 76 21 8 109 31 20 42 113 64 44 103 19 65 108 20 112 89 100 82 112 64 24 72 103 53 44 79 100 92 84 44 120 114 29 9 98 111
13 93 68 79 50 61 39 16 98 32 38 112 82 93 30 96 27 29 70 110 48 94 77 22 117 13 25 7 57 64 37 0 11 10 69 29 8 83 119 63 90 100 104 82 8 115 45 103 44 50 50 114 51 105 82 44 91 35 17 48 49 105 47 4 73 77 62 38 94 93 52 79 67 103 30 72 23 75 72 72 20 29 35 9 60 9 32 26 33 102 99 22 18 110 82 41 35 69 119 66
17 92 111 99 80 34 91 0 37 4 29 2 31 5 67 33 25 23 74 46 53 68 56 14 110 115 93 104 32 97 9 14 81 104 112 14 109 118 10 67 51 90 4 35 58 91 72 56 59 62 118 18 22 50 28 114 118 98 65 87 26 85 37 107 2 84 13 102 72 17 67 80 63 89 100 104 9 85 37 75 42 74 19 38 44 63 5 19 16 45 65 115 71 77 82 47 58 98 37 46
27 120 77 117 98 108 40 67 21 41 65 58 22 56 38 83 19 11 6 68 96 100 25 89 16 12 76 99 0 94 21 90 109 18 113 5 118 72 67 47 29 36 40 26 102 99 19 54 119 83 65 74 104 94 69 30 89 66 67 119 119 99 117 70 38 26 33 87 92 59 15 73 8 68 64 47 48 87 39 94 116 33 78 42 111 10 18 90 108 90 31 93 50 1 70 78 47 64 97 91
21 51 80 74 26 120 39 55 100 54 109 39 68 7 19 41 106 114 120 80 32 10 3 61 29 17 96 119 9 66 65 42 11 105 25 67 9 95 46 50 56 83 23 106 120 75 15 66 18 51 68 94 12 14 7 0 86 0 48 118 117 18 4 92 64 68 110 116 19 105 35 120 57 84 11 56 32 76 8 31 81 78 91 18 38 63 113 36 50 59 21 60 61 107 79 9 113 70 104 9
93 92 97 86 84 4 11 99 89 94 98 95 50 37 67 4 97 36 70 48 11 83 78 48 47 56 82 10 82 6 71 44 67 97 116 59 120 72 12 57 57 57 81 118 62 0 92 109 16 110 8 8 116 103 18 75 28 40 0 108 112 62 2 104 74 101 84 53 50 31 92 93 118 89 97 112 46 35 51 35 107 78 93 113 60 2 109 28 57 38 28 46 21 93 60 9 40 33 51 53
