50 500
--
8 22
93 6
100 33
59 42
93 19
26 72
7 82
100 93
49 38
40 20
13 28
91 74
57 53
21 86
42 40
20 46
57 7
42 49
91 57
59 91
24 100
59 24
42 41
60 2
26 32
8 29
13 10
100 27
26 61
6 3
43 44
93 56
2 66
91 8
22 17
61 14
93 26
43 75
32 13
53 95
6 73
41 55
42 76
27 21
26 5
55 77
24 60
26 43
72 68
--
61 73
82 8
61 24
44 27
17 41
27 8
66 46
43 29
57 61
24 6
17 26
77 72
2 74
27 21
24 2
46 40
32 21
56 40
75 20
33 40
66 29
28 100
56 61
74 33
91 72
91 74
55 56
20 93
6 38
5 17
38 28
53 17
22 57
2 14
17 57
49 22
17 53
74 33
42 8
76 43
7 5
44 20
32 27
21 20
24 42
8 61
17 59
55 24
38 29
56 57
32 33
21 2
22 27
93 46
5 72
3 26
19 5
19 95
29 77
82 14
43 49
82 33
68 76
8 13
59 74
20 100
40 74
28 49
6 100
75 49
75 17
57 28
6 86
77 60
61 14
59 43
56 93
44 42
19 42
13 32
17 100
21 26
56 13
6 19
55 82
26 2
75 40
40 68
75 29
8 22
75 6
20 95
10 8
28 86
82 24
28 19
17 6
43 38
68 91
60 59
53 5
46 40
29 40
49 21
10 28
42 57
13 68
22 14
44 75
14 86
95 33
82 7
6 8
53 20
13 32
32 73
32 72
13 61
32 14
14 29
86 3
7 17
33 8
77 22
20 75
2 40
46 76
10 41
42 28
33 26
72 29
91 82
56 46
49 13
29 13
42 53
76 91
76 68
66 3
14 72
27 86
3 93
73 55
76 59
26 100
24 5
43 3
26 42
61 28
55 43
43 100
20 17
66 43
19 66
26 57
56 7
68 46
86 27
26 82
13 10
44 19
27 21
17 57
44 59
66 17
6 40
10 91
42 38
40 28
29 43
22 21
21 74
75 27
59 44
61 22
22 100
7 14
28 8
19 46
53 24
20 100
44 73
56 33
42 82
56 49
7 74
55 19
29 32
76 100
6 10
91 24
49 76
5 29
32 77
57 73
19 38
55 100
95 100
43 27
22 49
41 100
42 75
17 93
49 60
44 40
74 55
43 75
43 56
2 75
26 29
2 28
86 5
76 14
3 59
2 74
28 95
59 93
38 17
32 26
74 93
26 10
53 2
20 75
40 100
38 56
40 61
19 6
55 74
33 41
100 49
33 55
57 6
14 40
2 59
2 10
77 7
68 33
86 43
82 24
19 24
93 22
66 95
33 56
82 73
72 44
10 33
43 77
43 40
56 46
59 10
57 20
24 28
6 77
76 66
3 72
77 95
93 24
13 57
29 10
55 43
43 40
68 55
43 20
7 24
55 38
76 57
91 41
53 46
22 74
17 72
74 75
17 57
53 33
32 33
2 24
43 55
28 86
60 3
72 76
68 14
41 7
32 5
74 22
5 59
27 26
38 3
100 3
3 27
17 7
73 76
14 55
20 46
19 68
82 22
7 75
2 40
19 74
86 5
28 20
40 21
32 68
27 43
24 56
74 19
7 21
100 61
22 7
2 13
74 55
57 19
95 5
72 49
13 43
93 59
20 73
22 100
66 13
61 75
8 86
13 43
6 33
10 53
59 55
29 20
76 28
82 19
29 43
21 19
41 8
53 7
57 6
61 38
59 91
49 24
8 22
53 75
17 53
44 13
29 86
38 49
7 44
77 61
38 77
3 27
55 61
22 53
93 32
46 93
82 17
43 46
19 14
61 28
42 27
7 44
24 56
95 75
59 42
6 41
73 72
28 29
55 13
26 73
2 95
44 24
14 77
20 100
77 59
95 26
77 75
75 77
75 22
5 17
2 74
57 27
13 95
21 57
76 100
42 38
40 10
2 28
73 24
22 77
33 13
60 33
82 14
72 20
73 38
38 19
38 77
2 74
42 27
28 68
60 29
7 28
66 2
46 100
40 22
95 74
86 91
76 32
91 55
82 73
21 61
3 61
100 55
44 26
91 86
46 74
91 17
38 76
2 43
68 22
2 13
41 72
27 91
7 32
72 56
41 61
95 19
32 17
41 38
2 6
40 100
68 61
40 41
8 6
32 24
38 6
74 20
100 77
49 82
24 93
6 91
43 6
28 6
60 68
33 68
68 53
77 40
59 13
6 19
28 55
44 43
40 93
41 57
6 66
10 75
7 75
57 66
43 7
27 2
19 7
5 26
6 14
41 72
46 60
100 32
49 22
95 5
17 5
66 76
7 76
77 75
42 7
66 29
68 8
8 40
3 38
72 49
24 77
56 27
41 44
60 100
76 13
53 14
46 42
5 68
20 14
74 59
57 2
3 29
24 59
13 44
57 32
46 86
77 44
82 49
42 73
27 22
57 24
59 5
77 24
75 60
3 82
14 5
49 46
91 66
75 5
46 13
28 17
