100 500
--
506 99
657 60
200 364
80 153
121 315
145 214
761 599
206 999
815 501
315 482
60 746
251 226
525 432
978 690
709 649
567 620
525 794
177 454
978 829
649 468
337 377
400 177
169 337
501 103
389 998
400 443
832 619
366 249
506 145
76 250
449 425
712 272
454 91
60 761
395 248
525 660
67 123
832 978
723 251
321 703
608 650
809 206
525 472
599 395
832 815
649 723
506 389
146 936
978 726
76 67
60 608
76 565
345 548
815 972
608 396
829 27
103 149
832 52
766 820
377 183
943 263
454 200
649 76
214 766
829 317
548 694
815 809
91 506
712 532
153 886
146 169
680 871
664 567
657 321
400 416
815 657
657 400
18 965
60 664
46 943
501 525
389 709
978 146
599 680
226 831
506 18
91 712
832 536
389 270
416 366
337 596
567 121
60 885
936 80
709 449
703 46
377 345
206 937
965 371
--
103 548
345 723
400 214
965 272
99 998
123 972
690 567
536 226
169 337
214 226
660 364
321 425
345 449
416 712
746 123
871 200
27 794
389 766
472 664
145 694
396 226
766 226
815 472
482 366
371 608
80 815
443 315
454 657
829 599
214 468
703 371
67 200
52 965
443 709
999 619
885 251
885 532
251 400
468 619
972 766
389 153
829 200
60 472
46 145
886 272
809 432
214 76
690 650
885 432
248 425
432 315
937 723
794 871
766 91
820 27
886 998
999 746
18 619
248 943
965 660
548 596
337 815
649 432
52 145
831 664
251 709
396 251
377 620
620 67
146 468
532 794
472 389
829 183
703 449
501 871
943 46
18 317
389 396
943 871
169 145
432 998
214 978
396 999
815 619
425 694
831 829
809 60
998 250
99 567
482 871
46 608
664 248
832 27
250 449
121 153
400 703
608 214
425 871
60 608
177 52
454 565
389 60
177 506
249 746
746 321
46 723
389 680
67 567
694 99
443 183
472 650
978 506
400 694
650 501
425 145
694 18
371 52
832 263
377 567
832 596
149 532
620 506
660 965
389 766
454 809
377 371
664 820
978 599
565 690
468 416
103 548
76 248
183 377
103 832
650 998
364 680
251 815
250 506
270 91
18 251
249 723
766 146
703 548
321 416
153 67
272 443
377 226
389 272
27 52
999 149
886 270
250 680
723 972
396 712
317 395
123 506
965 820
532 80
620 123
726 123
416 657
153 443
506 694
249 472
80 432
567 80
121 599
548 272
815 712
565 200
395 690
761 650
472 454
472 46
761 76
337 60
103 200
123 121
76 829
726 532
18 815
250 425
965 608
146 149
972 248
250 270
468 321
371 270
27 680
321 937
664 680
364 103
416 317
67 972
831 703
371 121
690 27
226 599
149 103
649 832
449 506
250 694
272 532
943 67
270 46
567 371
449 831
432 121
416 46
76 468
660 103
149 664
936 525
248 596
91 501
809 472
80 620
103 99
145 46
321 67
832 263
885 548
99 468
657 468
690 712
820 998
871 80
206 400
482 321
364 694
482 206
315 766
76 532
660 177
709 619
832 248
337 936
80 153
345 680
76 596
46 226
501 815
565 567
67 146
149 249
103 263
345 67
482 525
690 831
886 76
657 416
449 315
443 99
548 121
694 337
432 103
694 650
200 506
123 794
91 619
248 52
723 121
506 52
364 183
345 766
364 567
886 80
978 272
619 177
501 937
396 664
972 943
214 99
226 396
998 599
416 831
443 664
649 416
937 263
177 761
712 270
657 726
80 501
660 270
371 449
416 103
321 815
153 723
377 60
829 400
103 146
664 52
321 315
366 820
377 345
337 206
649 443
690 482
272 815
149 206
18 548
248 345
761 396
809 200
52 664
657 76
99 371
620 425
506 169
364 506
501 91
395 972
121 200
965 468
454 315
454 321
761 815
832 567
608 371
226 809
395 723
103 998
831 454
249 149
532 183
712 619
532 664
337 608
703 76
565 723
395 619
183 766
664 536
226 183
723 506
76 548
321 620
619 377
596 886
432 482
389 548
149 183
432 121
886 337
820 270
443 454
146 548
389 400
815 449
832 501
565 315
680 506
317 536
395 396
315 248
396 886
18 389
831 345
943 177
103 978
998 395
177 972
468 263
317 377
99 525
315 726
794 815
832 599
712 371
619 482
177 532
965 67
149 200
123 315
972 565
91 620
660 746
416 712
443 565
999 794
345 99
315 829
400 536
317 660
709 169
565 482
482 377
315 250
723 60
565 146
567 809
820 60
712 206
723 99
815 432
885 432
599 52
121 432
206 599
815 567
153 315
482 565
619 177
998 366
472 501
449 596
270 567
337 317
315 472
321 425
443 123
829 599
251 345
536 389
525 650
60 177
432 183
608 943
103 567
567 67
153 999
149 321
366 608
565 608
972 395
60 885
226 76
395 746
371 972
27 149
121 206
694 820
886 567
506 999
885 432
121 377
337 371
251 650
454 599
567 396
395 660
251 832
52 608
389 815
315 52
183 999
599 454
371 943
80 885
366 123
123 809
712 886
536 886
694 649
943 103
596 794
27 449
121 886
885 321
501 416
377 454
206 396
249 91
317 712
153 400
52 886
146 501
649 248
809 766
831 389
726 200
315 248
965 815
366 885
649 214
746 67
345 694
943 177
99 272
694 364
999 27
532 250
454 317
619 649
649 936
364 121
567 200
525 536
809 829
321 400
443 416
248 690
123 937
619 263
270 885
99 321
766 99
664 250
177 416
746 596
