100 500
--
279 319
768 420
755 88
239 714
366 541
408 755
468 360
279 348
856 468
928 952
151 582
920 913
856 928
856 91
616 920
91 344
745 191
928 865
469 305
40 206
856 408
91 745
279 399
965 224
755 235
769 469
856 356
257 140
235 558
149 787
344 66
820 727
151 274
54 953
408 701
151 768
616 608
768 419
274 433
112 13
344 736
206 870
257 925
856 279
421 286
13 958
279 570
865 68
149 974
356 109
254 316
151 239
952 427
970 189
701 842
40 304
570 60
274 569
66 521
616 585
958 887
701 970
745 375
13 616
787 340
442 597
408 972
865 442
420 485
40 312
408 254
856 151
151 465
91 891
13 272
928 22
344 621
112 965
304 137
239 739
419 456
279 374
112 421
928 54
151 112
257 349
768 40
970 147
865 257
286 612
151 106
582 750
106 769
206 509
304 227
745 366
465 820
13 149
585 849
--
356 608
366 257
887 257
13 739
465 206
88 420
239 316
887 736
714 349
408 585
137 286
137 891
856 928
701 755
870 714
420 235
974 928
608 149
13 952
701 312
344 887
109 191
972 755
925 442
736 920
509 891
621 952
597 953
374 420
755 60
870 22
66 227
366 54
274 608
149 928
597 206
360 356
887 842
925 769
399 974
66 227
468 319
612 891
151 408
106 88
189 374
54 312
356 442
421 612
456 745
427 925
856 612
420 349
427 953
891 953
349 887
750 137
40 304
40 865
701 856
745 727
953 972
191 769
769 60
420 305
374 621
913 88
541 925
745 312
920 147
887 597
621 612
274 787
849 468
189 137
427 147
714 68
360 304
40 254
521 612
768 433
928 316
755 13
870 865
257 421
419 952
239 305
147 865
274 54
279 887
856 344
928 140
787 227
972 736
736 421
112 925
952 312
485 319
768 239
887 349
68 304
348 739
891 149
870 348
558 787
920 88
419 91
842 970
235 750
68 727
928 621
727 891
137 274
608 375
570 569
739 928
509 891
366 570
541 925
191 465
375 88
421 569
421 856
965 224
399 206
106 891
356 769
279 485
456 787
849 319
312 272
920 442
427 585
340 106
68 608
585 420
727 227
340 22
348 701
870 151
714 420
227 768
112 54
701 925
755 585
974 375
820 509
849 714
952 787
66 739
739 356
621 305
856 419
360 151
13 421
849 68
597 755
366 257
887 701
304 958
849 701
257 227
925 66
66 920
727 887
701 40
140 348
974 140
714 235
582 88
189 820
701 856
442 316
621 521
701 469
305 224
768 40
442 585
147 112
849 274
22 279
769 189
865 887
750 856
399 442
787 239
340 469
60 608
953 755
433 399
541 768
736 149
701 736
206 521
727 419
972 112
272 60
286 558
304 399
701 442
304 608
820 569
106 149
739 509
304 612
60 925
953 750
419 569
870 54
887 151
399 227
106 870
925 274
91 54
375 13
40 972
316 274
349 701
521 612
970 433
305 149
958 585
239 433
952 891
112 66
569 820
68 319
348 616
54 60
257 356
316 374
974 235
106 88
224 399
485 304
421 149
468 972
953 235
612 356
582 149
755 140
570 60
558 974
913 541
509 456
570 442
768 68
257 714
235 22
541 891
140 727
366 928
952 612
112 727
621 820
286 224
608 137
316 465
147 465
701 408
239 274
137 274
925 616
616 88
91 360
235 972
465 468
227 736
420 920
91 420
787 366
887 714
891 112
541 745
925 304
348 109
887 191
427 257
68 22
66 68
239 736
865 286
701 541
344 865
109 137
521 316
585 456
356 420
374 755
147 616
274 953
701 427
66 755
399 521
485 701
279 891
750 349
419 736
755 745
106 485
147 360
319 304
54 408
112 616
374 456
60 257
319 769
312 972
558 621
569 509
340 739
465 189
442 109
254 40
60 375
13 254
870 621
972 420
913 608
965 727
137 40
348 349
612 189
952 608
54 224
727 541
865 442
856 569
239 597
375 953
469 442
408 235
736 68
137 736
769 750
920 13
224 597
66 13
340 608
755 344
224 151
970 736
925 374
727 745
319 304
312 485
701 257
304 239
191 953
842 974
465 849
149 40
485 842
239 106
612 106
856 952
736 356
112 191
13 887
312 112
319 399
469 224
569 755
227 442
257 597
597 344
304 849
305 928
151 769
887 842
769 953
965 442
608 239
206 88
769 465
469 456
820 870
456 701
279 360
870 408
191 305
970 608
616 701
88 736
140 714
608 965
286 965
856 272
91 953
149 151
842 366
235 340
842 570
137 147
469 485
521 887
820 189
965 286
585 485
768 442
769 621
427 235
13 787
344 925
608 952
312 755
714 745
319 13
399 235
856 736
399 106
149 254
870 891
887 91
469 585
189 356
408 319
582 920
541 151
887 925
274 286
485 928
360 456
974 420
316 739
616 787
701 953
366 485
235 66
427 849
224 408
316 286
736 109
279 842
375 151
319 920
54 585
465 585
279 235
91 891
521 701
820 842
887 191
140 191
965 755
608 427
22 375
348 140
570 279
279 558
60 887
820 465
597 348
66 541
842 191
91 254
965 970
60 420
465 582
974 509
887 739
305 279
485 312
272 149
420 147
286 925
147 356
149 442
304 235
68 456
316 970
465 621
465 755
191 597
521 612
149 60
913 91
272 621
366 272
189 91
22 736
920 925
974 344
714 469
206 360
570 887
140 891
952 928
140 739
925 340
925 366
420 768
570 597
585 465
239 344
257 427
925 421
68 360
974 279
891 399
