500 500
--
552 895
777 347
226 897
737 692
473 82
246 39
753 7
342 452
678 734
119 521
790 477
229 324
131 98
127 757
736 135
711 831
91 679
839 696
592 329
406 916
709 96
92 930
508 989
322 26
608 315
603 199
91 822
716 642
753 866
31 373
848 79
784 59
521 738
635 877
385 269
199 806
778 927
437 423
848 823
622 397
314 168
504 173
956 428
851 80
969 209
80 947
910 560
925 444
507 430
422 836
290 409
383 434
325 449
552 442
809 42
542 622
127 541
509 331
493 286
196 932
2 90
998 715
691 203
531 583
770 683
773 332
90 827
787 326
134 607
409 403
400 958
640 609
269 912
235 590
169 222
705 579
904 828
531 2
684 69
57 636
865 984
536 408
79 566
22 202
350 552
111 646
70 538
836 382
127 282
830 260
902 548
865 317
186 58
848 413
58 508
417 893
541 598
254 406
57 41
882 113
342 978
91 387
400 369
400 349
325 865
749 536
186 603
4 933
675 945
20 84
196 126
444 674
131 221
276 474
315 420
622 165
385 779
472 169
382 272
385 235
133 785
566 418
134 535
58 368
916 162
203 791
848 342
290 787
59 980
784 820
807 780
349 246
771 77
817 416
902 266
299 710
715 194
976 92
361 939
58 651
912 786
848 325
935 377
430 799
851 354
775 818
235 29
958 493
552 670
552 389
535 722
769 532
670 766
832 524
179 438
111 280
332 91
256 915
471 276
851 756
594 663
720 821
290 769
566 491
566 695
848 773
998 131
290 835
799 543
739 954
444 957
753 268
957 301
541 371
851 95
350 689
474 955
897 102
955 934
852 139
373 156
784 507
663 460
55 530
415 237
299 78
509 707
24 201
471 523
402 312
278 6
865 277
828 737
164 970
705 720
430 44
747 334
88 53
472 362
583 70
42 23
583 928
299 753
651 184
709 809
912 279
179 741
288 923
373 265
809 287
169 157
998 307
24 839
342 322
228 760
968 678
79 190
24 990
7 904
434 671
27 868
754 253
566 514
559 88
715 909
897 843
705 717
957 587
820 35
7 736
538 56
504 353
998 270
848 471
476 446
402 89
817 708
342 829
583 57
92 655
958 602
691 819
385 226
598 390
934 150
675 109
592 231
921 167
433 993
301 834
400 271
695 542
397 411
320 228
79 294
790 911
819 424
822 114
79 186
334 104
316 314
646 328
95 466
770 27
689 81
77 220
278 509
79 527
194 540
925 808
121 790
701 467
368 433
784 504
92 830
254 51
559 976
231 196
639 132
400 921
342 851
848 473
957 281
277 640
871 586
902 300
523 402
84 454
900 31
77 388
773 476
39 803
430 774
594 229
705 946
253 340
583 685
509 701
452 644
331 258
57 267
900 886
231 634
294 54
411 87
674 657
978 900
361 379
987 882
57 778
931 234
296 807
598 871
250 398
803 553
409 176
250 635
710 343
451 639
770 584
602 217
809 860
507 290
998 854
171 936
268 845
268 394
866 453
968 216
559 533
509 341
921 383
728 852
269 422
92 628
717 164
6 694
639 862
809 210
823 405
325 968
542 309
173 20
644 158
784 121
434 859
651 316
523 183
775 894
476 133
186 985
453 296
361 179
927 728
309 288
939 740
314 749
848 709
493 127
521 963
132 224
822 972
390 11
549 480
593 739
822 777
79 250
422 593
363 177
531 931
484 36
476 922
376 775
385 24
651 771
171 1000
369 245
111 254
476 711
915 83
711 124
96 853
369 770
406 747
820 513
476 376
705 601
392 19
325 361
398 608
882 824
444 448
900 297
369 582
709 155
41 615
848 9
784 327
471 531
173 386
773 299
385 278
859 3
361 937
29 732
695 874
784 501
463 437
866 50
171 832
902 116
272 363
514 544
848 400
530 431
171 935
912 308
978 979
245 666
303 721
471 385
507 187
874 684
644 677
347 141
484 716
400 691
134 441
628 730
902 171
715 592
78 627
507 370
819 111
663 375
325 594
753 573
784 134
79 987
984 759
276 754
460 415
35 556
221 21
717 929
956 624
540 417
433 223
385 350
830 675
250 472
709 256
874 971
217 25
448 973
533 638
753 119
186 998
442 969
851 55
7 182
998 303
681 910
342 784
59 451
937 681
737 702
753 407
573 719
692 549
651 4
315 128
83 22
194 484
184 497
284 890
946 463
387 151
638 10
947 32
937 597
258 401
476 902
536 143
535 855
369 392
909 925
987 643
277 956
705 559
753 697
169 817
449 320
531 705
176 898
23 704
845 215
58 238
542 284
--
774 779
536 25
771 449
308 602
791 954
286 277
784 131
770 784
121 597
987 979
375 509
936 592
935 143
820 416
931 155
722 354
284 237
133 229
226 855
199 177
184 449
434 177
151 514
315 11
803 151
910 851
55 874
874 466
741 155
276 79
81 722
609 993
3 771
513 694
728 970
121 634
300 756
852 910
681 791
254 2
141 548
821 403
862 22
132 413
299 234
9 615
329 912
413 347
692 927
980 284
92 268
84 173
278 171
862 854
449 20
238 928
818 21
31 542
349 196
288 424
128 984
624 930
41 254
927 56
308 697
460 484
590 2
332 176
865 90
405 536
473 246
893 989
449 720
134 573
504 670
548 536
342 370
282 897
582 898
753 740
78 403
96 728
390 164
433 851
969 322
215 221
624 231
83 535
824 383
835 915
697 583
55 900
552 886
757 223
504 730
535 566
229 280
20 371
279 51
472 845
990 538
609 859
417 732
316 169
774 737
771 851
484 226
882 642
371 771
41 369
199 373
156 738
353 222
559 900
441 822
701 819
229 998
902 90
807 696
754 134
845 848
102 433
972 753
930 165
141 467
701 238
202 215
196 84
325 627
246 416
963 223
603 984
830 224
973 431
474 363
194 454
923 155
386 406
777 463
168 41
121 151
874 695
521 196
266 756
809 824
890 368
544 438
592 463
91 756
968 615
624 10
471 36
35 678
985 301
531 36
134 737
29 58
868 790
340 221
694 324
385 538
402 253
635 287
524 294
388 231
368 287
389 689
521 31
370 548
785 689
312 155
7 984
753 331
362 786
732 739
31 143
930 871
747 971
643 269
573 601
968 397
343 560
327 424
325 848
83 935
327 406
428 831
266 1000
176 774
279 824
683 131
657 732
453 759
303 238
925 927
415 369
541 158
25 737
831 732
467 989
603 513
312 133
284 77
162 549
579 998
29 642
734 334
756 684
420 157
893 543
549 769
96 307
915 19
444 3
848 394
350 497
678 702
868 179
183 88
407 109
368 297
993 167
839 471
910 176
347 368
784 186
493 9
759 474
81 582
646 78
886 915
756 556
638 102
131 448
904 7
350 806
58 453
862 721
77 474
651 559
897 272
222 651
777 643
238 156
760 936
368 342
314 223
224 532
737 627
119 91
741 301
430 993
894 411
628 88
36 990
671 90
968 809
167 947
592 683
223 196
417 697
80 828
694 77
420 179
327 316
265 369
141 560
979 59
165 158
296 288
288 382
6 104
260 553
135 476
955 452
133 276
165 42
671 36
116 635
898 533
971 39
350 536
109 862
141 164
922 363
119 253
388 280
279 104
822 780
26 35
607 978
916 566
184 524
423 627
893 806
223 460
543 757
269 956
559 832
931 807
258 277
315 158
740 932
210 326
156 113
32 276
397 446
121 590
11 821
164 309
971 471
538 238
58 6
121 287
448 133
683 98
663 956
636 541
476 177
299 628
400 186
473 549
265 874
411 976
327 882
930 229
171 923
324 584
543 400
685 527
237 90
830 217
836 583
738 235
320 747
451 785
851 587
287 615
799 126
675 32
689 150
413 809
523 710
893 288
385 827
280 369
998 267
254 491
27 297
719 87
615 31
770 817
651 845
324 266
504 210
681 615
705 209
674 202
634 370
530 418
135 416
710 124
417 701
51 608
740 260
807 636
543 403
222 329
932 821
474 890
31 281
6 586
270 738
936 320
126 677
684 362
971 400
921 646
785 27
976 586
862 859
740 449
290 476
741 237
434 491
957 54
79 385
890 732
199 933
501 102
156 368
141 116
707 711
3 332
92 327
98 691
405 179
460 491
431 375
258 288
732 54
171 935
369 868
466 808
169 753
397 476
721 177
710 234
42 778
855 55
692 732
480 777
394 678
19 773
824 362
369 552
322 405
171 774
156 19
454 601
803 957
817 741
509 803
790 709
925 651
272 774
111 224
428 598
35 590
717 467
834 297
701 508
893 780
848 375
216 900
646 651
433 202
809 394
548 634
235 809
708 347
307 675
187 922
521 602
331 598
527 615
1000 328
531 19
910 862
709 376
904 25
473 598
692 164
530 91
267 423
548 586
956 430
819 730
69 50
418 553
406 484
173 969
828 303
413 523
350 95
531 57
705 460
946 437
803 893
453 332
294 320
929 332
540 818
497 216
592 923
868 911
134 82
324 513
985 128
923 732
835 173
288 998
935 704
297 444
806 363
598 340
912 972
984 722
269 597
692 655
186 646
754 820
930 803
408 135
229 573
636 169
854 88
280 770
809 362
628 167
