500 500
--
2375 2759
7614 5022
258 1439
6858 3961
4343 1730
5790 1188
7659 2172
7180 8135
3700 6761
3574 8255
9034 9766
1341 2280
351 1592
3485 9508
2172 4896
5790 216
516 3023
9335 2899
912 5576
5991 7048
7202 7286
2754 8125
137 2757
8554 5191
2746 8822
413 2578
7671 2042
2346 2333
7925 2877
4785 9950
4633 8514
3234 137
7887 4489
8663 9960
8307 9396
8135 4358
7154 4053
5258 4211
3401 8424
1188 7154
3175 5238
8663 6129
1828 75
4661 7761
6274 566
9015 7013
7374 5585
3111 3525
8788 5254
3330 8797
9776 6613
6505 8721
8182 2043
9113 6244
6786 2688
7454 5107
3429 8788
5991 5266
2293 6971
4785 6491
491 1370
4891 1410
2172 1487
6286 2626
8182 4548
5035 6988
1891 1359
418 2318
9335 9161
2748 3257
6786 1232
9366 5209
8866 5665
9161 2447
8866 912
5259 6749
6222 5899
2482 359
7374 6219
3944 3114
6339 4887
3401 5817
8705 2480
1805 5646
8869 4258
7374 4604
8721 521
5186 6795
9176 4524
9154 7522
2757 6022
8424 6772
642 1516
6761 5988
5254 2346
3909 991
6269 7786
9473 7470
6159 7822
7584 5466
642 666
4740 915
359 9068
4803 4883
413 8834
7454 9216
4053 885
9154 2920
8646 1627
5819 8439
9825 1084
9447 1072
6219 6752
1005 6023
350 5991
9477 7454
8663 2528
3234 3700
3401 1508
3093 8663
4189 716
1104 1063
1188 9034
3574 2524
8991 8785
8991 5258
4803 9366
7309 4343
3574 3093
7454 5615
6022 2366
2172 1201
6432 2534
2172 7260
491 8577
6339 369
6286 5808
8900 9118
9335 415
3429 6274
4310 2339
9858 4129
8869 6339
1627 6079
6269 9477
9776 2134
9113 7925
31 9025
1188 9707
9994 7163
3175 4950
2757 4189
3821 1709
5258 9447
0 1407
1027 4779
148 3582
7659 1385
2482 5819
1211 4606
543 880
8151 2141
6786 8866
5808 4573
2524 3980
2294 6335
9335 8796
4633 1891
1828 7180
75 2553
9588 8991
8884 6505
2482 1104
1537 3944
148 4740
3324 7034
4785 5265
5283 3943
5235 7192
4941 4467
4127 4752
4127 1828
1063 4163
6269 7374
9216 940
1099 9000
5988 4611
1063 8278
1099 5756
6269 4633
4310 8848
4211 6486
4936 2624
8646 9858
5639 9154
5576 4003
1410 2271
2482 5705
1027 6207
8705 1393
7887 7738
3093 8673
2134 1759
1024 1500
350 7385
148 5790
350 5035
7659 5259
6276 9564
5265 7566
6786 4891
7614 1962
6596 7741
7844 6143
1844 8489
4661 9272
8991 0
3944 6611
6795 6014
1247 413
2141 7978
9154 140
9031 4268
3093 8884
1844 4066
3700 9445
8554 2601
7154 9265
1508 605
6848 9082
5238 9473
7659 4785
2294 9588
6269 193
8788 5166
9176 350
4310 8520
9176 1005
8185 667
4001 6765
148 5936
5259 4941
3574 4127
2534 7309
193 9845
5725 4678
7202 3135
6269 1805
9508 3324
3175 608
912 7007
1805 1656
1099 1429
7786 3136
9118 8138
6486 4108
418 7693
4127 9256
350 3234
6826 2609
160 543
160 8900
8997 258
4775 2952
5451 7529
9808 2573
7385 9113
5585 9655
1104 2694
4053 9925
912 2294
8424 8185
7034 5235
7180 7671
1828 9176
6786 4310
626 8307
2467 7224
8705 3505
1024 6726
2759 6082
5790 5186
2447 3589
9109 8296
5186 2725
4775 7135
2749 5368
1828 9031
4189 2087
1828 1219
1110 3069
7042 302
1188 1485
5576 5571
8866 8646
7219 5122
224 3717
3401 4661
3943 9759
3869 1256
5259 3599
8869 31
7180 5699
1627 6632
5790 2749
3324 5779
9396 351
4993 7072
3568 5725
4752 5639
9015 9423
4268 2953
626 9732
9154 8217
7374 170
5259 4803
6765 1272
7224 6276
6432 9808
6772 1844
8456 7907
9118 418
7374 6640
3175 7202
4803 2764
3324 964
3568 4856
2271 1102
1108 7800
4883 4637
3114 7542
4363 3568
8255 8033
7374 1108
4268 5512
3324 7748
6335 8309
4896 9109
148 6786
3574 3485
4891 8182
4066 2748
3093 9052
9655 8332
6786 626
4633 6294
8900 3664
7659 6482
9588 236
6786 7659
4661 2375
1023 9806
1410 6826
8125 8705
3574 148
912 4580
6726 8119
1891 9090
6432 8582
4785 1883
543 7614
521 9257
8866 1386
5921 4536
224 4359
3324 2754
7224 4383
9707 4001
5035 1268
9176 4936
5259 8197
4268 4918
3582 4527
9707 4363
9776 8589
4891 8554
2172 2293
6159 7945
4189 1024
7738 5629
4490 5921
5576 9015
3700 6432
6752 3235
7219 6159
7374 5743
7925 1211
3574 1099
8151 8236
8554 7887
351 9004
3093 7219
1805 6858
9176 160
137 5027
626 1023
3429 3050
350 3429
5665 2365
7202 4993
608 8151
7154 9825
4490 2467
7385 7027
3207 2746
9447 2236
543 5383
8796 7461
9161 9910
7013 516
4310 6286
612 8869
148 5167
9015 227
8869 5374
7260 3196
5991 1537
2294 3175
7007 4377
8991 3330
3574 612
9508 204
912 9776
4918 1637
8900 8456
3700 5283
3485 3401
9477 4490
8424 5833
8439 7936
9466 2482
3574 8443
7522 489
8796 7813
4752 2663
6219 2378
2749 1581
7013 1806
4700 9601
915 5376
3114 2297
9090 224
2042 1027
4127 6269
5991 6848
7470 4700
415 1628
9210 3111
3429 7042
543 8955
7925 9335
2467 6763
224 5451
1500 9994
6848 3207
8866 9544
7309 4690
521 7584
4918 8253
7385 7000
2467 7128
4189 6156
9335 8630
626 5142
2271 4775
3175 8997
2609 4516
9808 9466
3401 4688
5921 1269
7027 3909
6286 9210
7659 3869
2043 7844
7470 1110
8135 5073
7671 2308
2294 1044
1891 491
3574 8141
6335 3852
5585 1247
7007 7090
521 3691
6269 642
6269 4833
3961 6476
9808 6222
9335 7602
4524 3754
2378 1353
2172 3821
6079 4777
3093 2970
5790 8159
7693 6596
5283 1341
4359 5873
4752 2885
--
2578 1637
4856 258
4688 9113
6294 7454
1084 6143
8296 940
9910 3582
1828 6749
8159 1806
940 3050
5936 9113
964 3207
1844 6826
9825 236
4548 3429
9994 9031
4343 6276
1232 4358
4163 7286
2378 148
8900 4524
3485 3574
1806 5756
2480 7470
3691 2573
5235 8309
9257 8309
516 8955
9068 9052
9082 7027
2280 4258
7385 5235
2748 7844
7219 8796
224 7542
7761 4856
4936 912
1828 5790
1256 7202
5725 1730
7738 3234
2339 9257
5374 8489
3069 8253
5725 1232
8443 1359
5383 3207
5899 8255
3234 521
1500 3599
491 1084
8307 4489
3111 6491
1581 8848
2378 3599
1592 1353
4129 4189
5873 940
4268 2297
6971 8125
7659 9423
6988 7671
7027 6276
6269 2573
2172 915
6129 8185
940 1268
4310 667
6082 7180
4936 5368
7286 991
1500 9925
1592 8869
6339 1084
8514 2885
2375 7602
2952 7602
5699 3568
5936 2663
6786 3943
2578 8307
5936 7584
9015 9544
6244 1962
6971 566
1429 7128
8253 5646
3909 1247
9508 4950
6491 8033
5235 3909
9113 9265
9845 418
3093 9052
9272 5283
6339 9477
1581 1628
2293 7154
2688 9544
8119 1063
4310 5988
8788 1201
4383 2754
2480 5374
3505 7128
9335 5808
5585 1883
4358 4785
4189 4950
9858 2663
6276 302
608 3589
2953 1439
5073 9109
2134 4377
4752 4580
9564 2970
7671 8033
9994 4833
9090 9015
5639 8673
4127 8424
7761 9473
5988 2043
7309 4941
9257 1537
4363 9335
1439 6971
2294 3582
9858 9825
8151 1268
6761 991
6022 351
2294 8582
1256 7945
5209 6765
6613 1805
2141 5451
6207 543
9732 4936
9004 2524
5779 964
7048 4536
2626 7748
5817 2754
4053 5376
4637 4941
9564 9109
5254 2694
3429 9707
7260 31
7013 8278
4950 9109
2087 1828
4785 5383
1485 964
4359 413
8834 3136
8296 4918
4548 3754
2534 5258
2877 8797
3664 6786
1102 8834
3330 1005
1627 1805
4066 6276
6505 9960
9588 2378
350 4637
7529 170
1891 3136
1759 1410
2271 4678
0 7090
8577 3717
5235 4777
3691 4163
7584 302
6244 8489
1627 5991
2333 2952
9466 5266
2970 3852
2553 4516
6848 1370
4833 7007
7844 5991
8255 5756
7925 6143
2970 3069
9477 7034
1044 8332
4604 3429
7374 491
8630 9960
8119 4690
4359 4936
4633 8135
4580 880
9808 5779
3505 8151
9423 2339
7738 9000
6795 1072
2297 3485
7219 3234
9000 31
7925 6752
5258 9707
2482 75
3234 4268
7844 6795
1247 7741
5743 5725
6726 6640
8848 3852
9256 5936
5376 7202
9052 8589
1110 7602
1072 4001
1407 6761
7614 7374
3664 9154
4678 4606
605 4516
3135 9031
3700 9466
9031 3234
5585 8119
6826 2339
7048 1232
2601 170
193 1410
9335 4258
7907 8705
9015 5374
5266 8991
4053 4941
3821 5258
1099 4359
7180 3135
8138 8119
9808 6129
8217 8443
7219 4891
4661 1709
5646 1656
5258 8520
1516 1219
1027 2748
9776 8797
6023 216
5646 5368
2885 4690
5646 605
9109 2920
5166 7907
2236 8119
7945 605
2757 4775
8456 9766
4678 4779
1269 8900
9082 9031
8514 7013
4001 1637
5466 8236
8159 7219
3196 8159
4358 7135
8456 2236
2378 7027
2749 9216
3196 4661
6988 1272
7786 9154
5705 4918
6971 4950
2318 9366
3111 5699
8822 3852
2754 3135
7907 8253
6752 1353
5027 6486
1730 5873
9655 8797
1806 9161
1353 6207
1628 5576
9588 4950
9759 4700
716 6632
7907 3505
8797 1104
9176 9004
3589 8135
1219 5833
6596 5376
8884 566
1581 8307
2087 5254
2318 3485
7224 4211
2375 9015
6335 258
2318 5988
667 4752
2042 7907
4363 3909
3700 8582
7529 8582
7454 4516
7978 3207
5258 8869
3869 2624
1709 2754
1211 1637
3114 9994
3207 4779
4268 7013
1487 6752
5283 4700
5374 9806
6082 5451
5512 940
8138 1637
6339 566
5779 6244
2553 3582
5035 160
1627 2899
2749 5035
7090 626
3257 2333
9759 8797
6286 3980
9806 3980
4779 3852
1353 9265
1537 4740
5466 3234
7614 4883
5191 7542
9000 1005
4129 3754
4896 7741
5073 5833
1730 1044
5873 9994
6432 4833
2754 3257
4993 3196
6335 1592
2694 1232
6752 4918
3909 9960
224 7034
4950 4211
626 6432
521 8848
8646 4633
3599 7013
216 1656
7260 4001
7786 7154
9161 2043
4993 2663
4211 2899
8630 6486
9034 1102
6286 612
4129 6244
418 0
9176 6858
9655 626
8439 415
4918 2271
3869 6207
964 204
6765 9601
5705 4950
8673 7013
8197 1108
1063 2688
1806 7786
5639 6491
2480 8135
5615 4516
3234 566
8866 7907
9950 7738
7048 6632
3869 8138
6795 8033
7000 8955
9759 2573
4950 7529
6640 7135
5699 4003
2480 5756
4003 2271
6276 2333
6079 8217
5779 2573
4127 2920
991 1439
3050 9994
3234 7907
369 8646
0 2759
3234 8119
4891 4690
605 7800
9845 2748
4490 7013
9176 642
7813 6023
3691 9845
2346 8834
7034 8033
2694 5576
7128 9210
3207 915
9031 3852
3869 3324
6339 5699
7693 4129
6335 8514
5665 9732
8424 1628
6752 7671
4268 6156
4775 4211
1110 3330
489 6763
1805 2042
5873 2885
1407 9090
7844 7761
4803 1806
9109 4785
8309 4516
2694 3568
1439 8884
521 9950
3175 608
9960 9031
8456 7978
7000 5665
4359 4573
1188 4268
1386 9423
5921 302
5166 3582
3664 1759
8589 3401
6786 8663
9601 4490
5585 8582
8900 7887
7027 8796
1104 4690
4661 170
6482 5035
160 3717
2297 8796
5466 4661
2280 9655
1063 6156
4775 7542
6129 5629
5819 3235
4524 7813
6244 6022
1359 8822
3235 7072
5991 1393
9950 5615
4690 1805
1592 2885
8822 915
605 7034
9272 4678
2578 193
6014 4777
2609 5258
5186 9090
1628 2346
1805 3135
6749 1487
4779 1201
6749 4633
1272 6763
5817 9466
2236 543
5122 9766
7659 4779
