1000 1000
--
73090 58554
62797 51003
2228 5956
44490 38346
12766 58162
27775 74030
12254 35541
14880 35080
28211 47330
70837 37231
54806 46803
44698 24456
79735 59680
25864 82611
79261 68646
49952 66891
73621 37186
54405 35572
91229 83236
80989 10034
57630 55544
64559 84130
66576 25879
27629 64623
44885 1319
56580 49769
56233 89583
68940 3312
17432 62321
15043 13685
53073 60393
65585 34874
42042 49028
10750 15697
49952 61946
68903 24372
81627 65110
16690 83973
64525 49352
73858 14834
51940 37659
92410 63528
80837 36865
46123 29361
85779 14144
64313 38377
76728 20230
45662 45177
24987 17362
52451 96920
98869 14125
79641 80093
54218 5167
24690 29640
84899 86588
72117 14832
55758 38674
52365 92779
17450 60050
31941 45946
52451 37503
69318 35444
154 73858
64076 76728
88991 98104
50326 56375
86913 82600
32065 82129
4332 38371
38123 66322
89957 25232
99281 12659
69495 86064
99580 2730
98869 43773
20094 54702
81217 57350
35080 39553
49364 81684
69650 24523
66891 80597
40798 7523
85366 72625
62763 85290
72625 26719
64156 50788
52451 85896
68848 40798
50326 14523
65662 778
80989 12894
69495 19791
40798 87443
53073 933
26636 69751
95661 57620
73053 88076
86600 70646
70021 13853
41707 77017
57556 46524
31120 74087
78566 69898
16512 79261
84899 55642
14279 959
78970 44607
20275 27802
24437 84899
4238 94906
9457 60507
66576 41268
25864 15589
68593 48491
81646 35243
46431 38445
26914 42664
69810 1763
83478 64156
88626 25237
87443 58931
7844 8252
61693 88698
4332 66630
96766 9885
49952 31941
20198 43761
27332 28728
20198 56274
37629 65603
14095 11039
52488 46174
79562 96669
92404 36709
40245 47973
79136 66856
73311 25448
92515 5678
14880 49971
80597 83030
94261 78566
54304 98552
12859 90462
715 89804
42992 17432
11039 69225
70374 83314
45623 29559
715 4814
29913 6172
31519 12779
5016 97739
76476 85006
12254 96766
11599 32010
56084 49360
17432 61318
44607 56470
40798 20198
75359 5118
6122 44027
7844 76135
49899 57751
28433 481
4660 75288
90363 81217
29696 78724
39720 54390
53268 27913
89552 19847
78724 86926
49743 94378
30963 56233
8702 83746
39320 17544
65662 99535
29913 20380
95657 20515
94261 75023
84719 67850
59965 61220
20515 23989
88991 4332
23029 62797
52494 70724
61693 10521
29913 215
51940 6140
68593 41707
50746 41754
40990 66803
69225 65752
58931 96720
26719 68287
40800 70852
98355 3628
53833 41362
1763 66576
51940 60216
27629 80701
24456 50899
49545 47614
58259 98611
15697 58765
38445 42042
11599 94714
68848 6122
94919 11599
46431 84003
12254 11041
33145 58811
68848 49120
32010 75543
13476 83165
12718 21329
45521 46610
92410 81627
15068 67310
15043 13955
83432 57556
39320 83241
13685 8702
65662 7567
94261 29902
31840 15112
22079 82415
78942 40092
53073 54122
26636 32155
97739 80702
94378 42502
4238 31123
48129 15068
95657 31891
31266 9536
63482 41937
85779 69794
15371 10906
97999 37605
73053 9642
40245 57455
81217 21505
80837 16130
90363 24437
76050 51687
53833 72657
29640 49208
35080 56084
84719 95262
96766 4238
31717 98869
54959 64313
61946 79863
88626 56119
10750 22547
62067 59965
90316 29627
32633 79991
63739 35664
81358 68940
30963 62067
4332 7700
27913 1062
58241 30963
4822 9722
11039 98355
25250 77480
67013 61038
84003 41031
25005 9133
66042 77071
36188 53911
5317 6841
38445 69318
35990 66556
84719 62311
94261 73311
10856 8998
7830 70886
65867 18865
97999 25454
92515 73090
62797 64457
98869 51277
81646 23096
28211 44698
73073 15043
51508 35119
27201 77596
59402 28433
22549 85891
67349 19908
26498 35748
6495 38299
49952 46431
28728 78942
94919 91229
54959 74464
35541 69690
70864 40800
63757 67082
73073 69312
14832 76585
15043 51641
43761 62960
31123 75359
86588 25864
24437 10750
92404 90631
6564 99829
40245 1884
88342 29136
32155 46459
58755 52451
35891 9132
53268 16690
25577 7923
778 43544
1750 88342
68848 33145
80989 64247
78942 39320
9885 55514
9132 34650
20177 57626
53427 68741
29623 57371
64457 41700
35490 83798
44027 13363
38123 82545
51508 86913
58063 58575
82415 8591
23612 24177
74030 46947
79261 69004
26636 78929
79330 5553
69312 76330
49360 81358
7523 51940
52964 70021
36512 76187
49545 83979
27629 51263
45368 97848
64294 78698
43544 47368
86998 21728
38716 35266
80093 30625
23989 26859
6259 5608
20094 15738
50487 13664
85891 32539
54806 29623
58575 56408
29623 27332
31717 51261
27926 70694
37605 20302
10906 58742
80701 63889
5317 72117
11305 73014
98104 42480
49360 6932
35891 24690
22549 36965
79863 75670
39320 98580
58755 12254
4238 49483
57620 60065
55580 54284
35444 154
53833 29564
80093 1130
32010 92855
10856 49109
73073 64559
25448 92236
92810 88558
27332 28211
48586 6406
70837 79374
89216 63291
49952 92410
62797 58063
73053 51252
70019 63978
6406 3686
29559 47263
61946 69810
39320 61345
56274 13556
71956 49649
14523 34026
80597 61779
23459 39911
71424 93209
40245 89216
57209 3662
65867 14880
29623 31282
69794 90109
36709 55104
7836 54047
88626 21207
49971 40975
84899 19387
28211 76476
65867 78970
6418 18956
35891 73621
32155 10219
19729 49743
44607 2228
95661 91814
88991 20275
86764 93575
47973 4070
86764 98878
85986 31637
778 99281
56250 86106
19791 97905
80701 42121
53268 67013
43761 40113
75317 6240
62763 64294
48129 89957
40245 10856
22410 7113
62797 45662
26636 48889
24928 49899
14144 97798
78216 78276
72098 25207
48491 80910
65867 35891
14832 85779
54405 24209
80597 3271
4649 23099
29623 53268
33145 40107
72117 7830
56084 56580
8359 65500
1763 22549
50326 11314
57620 29913
64625 13135
84003 11782
70374 32633
9642 11478
37186 52494
65585 23612
55873 79562
80597 71956
25879 14279
92515 30454
5956 44184
68593 17127
4649 6418
3271 60064
96766 56567
29913 31801
48129 16157
78756 22410
35080 15481
89159 65157
52216 49545
94954 25005
17602 79498
49743 6371
2175 90834
51261 74398
39553 50326
94919 41103
14523 19285
4332 7844
31840 59169
49109 42659
52451 47733
37503 79330
35541 90316
54304 16512
86233 78840
86600 23281
17450 37856
77531 10674
5016 77531
53833 18523
42025 60193
64525 82270
90363 58755
66630 93223
49743 850
56408 83191
58241 60116
79641 33806
51940 94919
60116 26498
16512 31840
37605 71424
13685 63739
80907 87090
32633 92266
31282 19729
55580 68725
6927 77673
15738 6486
40798 91096
53427 19274
94261 55758
24690 1677
35080 46781
8998 51130
88439 61101
85199 34077
27362 14185
24690 25577
82415 59542
64076 48637
73332 99512
11599 39977
36709 58396
67328 23413
13955 89211
81627 91731
15112 88626
5608 66042
31840 44885
89583 14998
27283 39720
35080 53833
79863 8754
37503 73073
49364 56700
49208 42668
49109 79735
35990 52488
25005 42165
15697 2903
54304 11035
3994 40034
6564 77436
70837 61693
31801 5413
49360 80837
1763 11734
4660 46497
85986 24987
26036 57630
49360 76037
7700 68825
9642 38810
51261 41789
49120 99815
63439 23968
7523 15120
91229 70019
94378 15809
78929 43644
86922 27875
3628 64150
29913 64895
57620 25669
26636 63439
56250 63482
97795 65585
35572 67200
25484 64076
11039 75317
34077 3575
40245 25484
715 12261
27926 40599
11599 82527
56250 52513
38123 33059
42025 48586
56375 80907
38445 45368
40798 21809
44607 67328
95657 61575
22549 20177
67349 12741
39553 80116
55580 50487
73073 97999
47147 27626
13476 98590
30625 670
73090 55350
23968 29290
44490 69038
44698 37134
40800 45941
4238 51745
9642 72170
52665 36512
71956 89552
63889 86857
20515 31519
84130 36053
42992 24558
88438 86399
94954 51508
52964 14602
89583 12325
7523 48129
65110 77468
29627 50090
51130 3524
62321 58711
32010 70474
63439 65867
28211 42691
69225 9587
69751 1750
26636 49952
33403 38308
215 89609
35572 56778
38716 2093
10856 97638
40800 49005
95657 8445
6927 83569
14880 70864
48889 45613
53833 42787
86233 37242
22549 79136
54959 80814
58755 18965
34650 46123
25232 27278
26636 54304
84978 83945
94906 99046
40798 5317
81509 96826
78724 66480
61693 45521
68940 42658
24456 28117
4189 35187
31266 48700
14144 26930
32065 37354
35080 40245
41723 23124
78251 2175
23612 27714
84003 55639
3225 75484
14523 20094
17432 31996
14602 47147
44885 5215
86913 82596
7523 27508
62797 20225
22953 67106
76585 72098
8445 47620
54284 40131
39720 55873
29564 80964
19908 22166
82545 68710
92410 12766
10856 67349
20515 36061
79160 85199
56309 27159
69318 9457
86600 61364
29136 44629
67609 94774
33145 38123
97795 20685
76244 56309
90363 62763
73858 95962
29913 5996
67349 17056
35119 19241
30882 57381
33332 6996
23459 84719
32633 77833
26636 17602
17602 39960
4332 76059
86106 40239
72170 95991
69004 26743
97999 26036
78149 12859
7700 8359
23029 56250
63439 64035
25207 35068
94210 44330
47147 5014
27159 55430
15697 25250
10034 30882
55104 23963
84136 23459
54284 66632
83945 63914
27629 9046
75023 84078
26636 23029
38445 92404
68940 14823
49483 87377
48129 66347
9722 6495
70886 38975
7523 85366
73621 20568
4238 6106
15697 23349
37354 94210
86233 11482
7700 80989
47147 47273
2573 86233
41688 8614
90462 56545
7700 12718
13855 28697
27362 42992
98611 39270
38445 41723
51263 29329
46123 69053
9642 5677
70571 48709
72053 51196
15481 7403
73053 6259
53073 73332
68725 66014
3271 18992
41362 68593
2228 75028
72117 33403
84136 83432
82129 58197
27283 69495
18965 51693
35444 65662
64156 53737
89583 22025
59169 32322
38810 85723
94714 44490
51508 27362
23029 54959
70864 83478
54806 84172
69751 57209
70864 27926
4189 91613
15481 22953
49208 31266
54959 4649
5317 36188
38716 84136
78566 73942
64457 25578
2228 26850
92410 63757
25454 63350
92404 12093
58241 90363
79330 41228
54959 54820
65867 49963
38123 68699
29913 95657
49971 6927
23459 54218
38308 35659
49109 3747
56233 33332
70852 52665
39960 92810
42787 2573
73311 10349
52451 6564
52513 64187
81646 17450
33145 3983
8445 24667
62797 84367
96826 45896
959 55084
95661 11305
83236 94954
15371 62303
24437 52964
97638 5016
67349 24744
94261 88438
11039 13855
68710 41135
29696 88439
20685 68903
18865 22976
62960 23832
23096 29637
14095 4660
29559 44471
41362 4822
51940 59300
7700 3225
4332 27629
22953 27411
95271 52893
44607 41688
89583 70571
24987 70837
13476 35312
49769 95622
52494 40990
9132 22079
78149 35990
41135 57283
64525 63944
31801 96011
13855 35490
25484 50747
40245 36073
95657 50746
26636 58241
40798 95661
96766 53427
56084 72053
38377 64805
7700 26139
27283 22011
35080 53073
67349 79641
44698 27775
9132 3994
57209 26611
67349 85986
75317 31829
34650 47552
65110 24545
47973 79160
35266 17325
4660 65766
85986 66951
78942 43154
24987 37382
65867 88991
24987 52216
10349 47618
31840 34147
7830 55580
26636 31717
73073 89159
30963 54806
67349 20432
10034 70374
66891 31120
50326 1782
56470 65152
57751 60363
16512 45623
5608 4189
78756 99580
77596 71078
40245 86764
59169 59704
6564 54405
35541 5433
65662 10213
35080 94261
85290 47359
56580 27201
56700 37629
57350 81146
97638 29696
84978 23058
11599 97795
9722 2260
58241 81646
79562 69650
33145 58259
45623 14095
87919 78651
41268 37294
5446 25812
92410 88883
14880 87919
60193 51921
48586 14881
26719 7682
2175 66133
33145 52365
16157 91436
78276 46147
5608 78756
8998 73053
56250 92515
83165 18696
17450 71215
22410 69421
50487 86998
88626 13476
26850 89334
73073 35939
56233 76050
38445 30008
89334 95271
1677 86922
27913 15719
98869 9382
2573 12562
81217 64625
68940 53775
15481 86600
89211 51183
56233 9140
35080 68848
97638 78149
11314 73707
23349 59857
19729 76244
84899 10259
154 715
19241 78251
5996 30738
60116 24928
2573 25289
63482 71571
28211 15371
89211 5446
54806 32065
4238 63555
13476 32556
34147 1059
4952 98404
38445 78216
88438 32031
39320 49953
52494 24251
39553 42025
42691 77343
31941 89937
55084 4952
37605 84978
17035 12946
78970 46801
25669 86315
39977 26914
15068 27283
38445 7836
68593 5275
28697 22121
49971 22808
14523 55753
35444 59402
59866 45947
61946 23978
28728 49364
63914 22773
25232 8469
64625 51264
61364 19770
53911 17035
33059 61812
14095 64525
90363 38716
53833 59866
21809 23765
55639 45755
73332 91296
52494 81509
10856 67609
81358 12678
6259 37310
35490 76359
--
18992 57371
29913 65500
35990 98552
83432 80907
73090 89583
7682 778
10750 96669
6932 37605
46497 79991
18992 89957
56567 8754
5275 56700
16690 18992
82527 69318
76359 60116
59857 26850
29637 69751
5433 87919
62067 41937
40599 94774
24558 86588
51277 91613
20198 23963
20177 13685
38371 68287
13664 47330
57350 33145
50788 92404
23124 45623
5446 34077
60363 67850
12325 68725
40798 49360
12779 57630
25577 46524
49005 43761
95622 36709
49109 38346
84172 49005
64525 67349
71424 3312
39911 33403
39720 29637
46431 90363
40107 20094
74030 89583
20094 78149
99815 95991
89957 74030
38975 73858
40975 37856
5014 97848
7844 58765
3983 13135
60065 98590
35748 26036
37382 24523
92410 51252
27508 77673
69751 36188
28117 39977
51693 37503
79330 97638
45947 84136
58742 69053
60116 4332
54284 67200
78970 16512
98878 89216
15371 95661
83746 2228
7700 85290
57209 34874
29559 97848
97795 67609
11314 42121
41700 46803
48491 80989
31840 57283
17127 86399
89334 24545
70886 12894
39270 11599
49208 51641
54122 55580
97739 69312
58396 10906
9133 89957
66803 25289
82596 60064
56408 12659
35748 1884
61779 11599
24545 8754
14823 63291
481 46497
15112 92236
29290 9642
32155 47330
91296 91436
4649 7403
73053 64187
68848 17056
57350 80701
5446 43544
20685 67082
84130 65603
56274 59704
80814 56700
54806 31891
95657 98355
79641 63528
86764 81146
13853 53737
82415 50747
63944 13363
23058 35312
35187 42691
42121 22547
78756 29329
20094 8754
92266 19729
86064 61812
66480 5553
83973 97795
64457 35312
24558 43761
60116 75317
15809 20177
52451 31941
76359 14602
2903 47620
5317 72053
63291 64156
86315 68825
25669 22547
29627 85986
67106 32322
45941 22773
64313 88342
73311 68725
26498 39960
76050 46431
46781 27283
26743 43544
54047 18956
96720 68741
8998 5118
28433 97905
68940 7700
88626 35541
94774 35664
27283 29696
670 78840
63739 12859
68725 5996
49352 2175
42668 1750
55639 4952
79991 7700
2175 53268
90363 39977
35444 36188
62797 12678
75359 4660
56580 92779
16690 3524
1677 99535
6495 38308
41723 88438
27283 67328
76037 2260
73311 48637
66556 18965
57556 5677
88626 9133
47147 94774
85199 64895
69898 89609
82415 69690
19847 51183
18992 17432
10259 68646
10219 44330
68903 65662
70019 69898
45662 46781
66891 64076
14185 14832
51921 78698
90109 89552
43154 19770
24667 11599
78251 21505
3271 46610
94906 85006
2093 9536
56470 20302
26914 51693
95962 75023
3662 63978
49364 20380
83979 27283
69004 86233
77833 26636
66856 79160
90109 62321
48637 67850
95991 29902
80701 18865
62763 12659
76037 51261
10674 13363
45896 27283
33403 7403
79991 65867
74398 40034
70474 49109
715 47614
60065 77017
67013 91814
84978 49364
51921 11478
57283 29696
24744 5433
60065 78566
43761 98590
91096 97638
76728 47618
80964 61812
79160 66014
68741 59300
78566 49483
92410 85199
51940 46524
4814 94261
84003 70571
40034 959
10349 32556
83432 15120
12859 62303
14998 76037
64625 84172
20230 27913
8754 12741
20685 20198
86764 4070
55639 70374
68699 68825
83165 63291
62303 73621
41789 87377
50788 81684
21809 76037
47273 92810
60064 48709
63757 67850
98611 91613
24523 98869
91731 45613
1062 2093
68593 93209
42658 35490
3524 46803
5608 58554
36073 87443
54702 7923
91436 77673
33806 43544
45946 22976
15481 36965
14998 88558
63350 75288
47618 65752
82415 74087
2175 32031
45946 49545
78929 72657
17602 63944
46497 78840
52964 40239
63739 66951
66014 89552
79498 89957
1884 28728
37503 2730
76059 55642
92266 1750
71424 84078
45941 99580
20198 5677
7836 79991
82596 27159
57556 54405
32539 77071
52216 8252
6996 51252
46123 71424
6371 69495
60216 9587
68825 16157
55350 12766
58063 27802
56084 69318
37659 43154
15112 23832
63757 56375
12254 5608
53073 49364
54218 1319
4238 14602
46781 38445
12325 86588
41937 51183
30008 51508
75484 10213
19791 75028
90316 36965
79562 79136
23029 31120
17450 20380
4952 86600
63757 96011
35490 72098
10750 24744
11599 70474
91613 8614
63482 11041
72053 34650
73053 17602
45177 84003
12779 89957
53737 69312
30738 43644
79991 98404
6406 94378
88438 69650
64313 20515
23978 31637
98104 26611
85366 69225
60363 91613
45177 86922
72625 42480
2175 20094
58931 5317
91296 64805
24209 13363
2093 27201
85199 52665
53775 14279
46147 59965
86233 670
90363 47552
68903 66951
53073 5553
78698 26914
27913 61812
37231 91096
48700 10259
9536 44471
13135 19770
6932 29640
85199 4070
68699 22549
64156 56580
49005 64150
41135 23029
52488 30882
68825 37354
25237 84003
69225 18992
51745 39960
67013 49899
56309 60363
92810 76059
715 58742
715 17127
80814 49899
22121 3225
89159 49743
68940 42691
47973 70571
13135 64156
7567 41789
48637 46147
64625 18523
47618 76135
34147 58765
53833 44885
22808 72053
89216 35659
14880 29627
35939 64457
66891 25232
42992 9046
27802 59169
83191 93575
87443 5677
4070 20275
19770 41362
68287 47368
89552 12779
14834 7836
64625 73014
79261 56470
49005 92404
31637 66556
37134 75484
14095 33332
17432 8591
58575 65752
54304 12678
49109 9536
9457 54405
66042 46524
28433 17450
14144 71956
65152 29637
54304 24744
69421 10034
80597 22547
86600 84003
83478 59857
42025 7830
19285 14834
19847 46801
75359 23281
75543 71424
65752 20380
61693 5215
43644 49028
25207 15481
45662 38445
10521 66891
80907 64076
63757 65867
15120 45368
51745 30008
7403 4660
41362 88438
5996 11041
52893 26850
73014 20685
5167 47147
24558 2573
68593 79735
82270 86857
34077 70021
52494 32556
85779 22079
79330 67349
52964 60050
45946 26139
3628 59169
89609 92515
5956 6106
6259 38371
89211 10856
79160 72625
3983 97739
31829 40092
79160 5413
33332 66632
16690 70852
70724 70646
49545 10219
47552 38716
68287 3628
13664 89804
94906 58575
29696 154
63739 59542
3662 88626
55430 56470
41031 24667
19908 24177
14823 79330
45177 8359
50090 83165
51508 51264
38308 32155
22025 61946
78566 8754
64457 12741
69312 56408
64150 75288
15120 74087
16512 27278
69421 21809
55544 55642
91436 49545
51921 37186
49545 40245
27508 46803
37354 97795
38346 8359
69810 23989
2228 36061
15697 52488
66556 77673
55642 20432
24987 6495
24545 74087
49769 73621
51252 26036
15068 58575
26930 90631
54702 39720
46459 4649
25237 86926
86926 76585
8754 44330
82611 20275
84130 36073
12254 96669
92266 45947
10856 45947
33145 98878
46174 43544
42992 77531
35891 80964
84136 27411
25448 65110
91296 49545
62303 73942
95657 7523
95657 66630
96766 98590
29640 79562
26636 66951
67850 75023
66322 59965
74030 52451
60216 73311
47263 9382
9132 60065
14523 12659
27626 27332
69898 49899
92404 40113
58554 27775
57556 42664
73332 14880
85723 41031
86399 6172
88698 1062
90631 45623
70474 58063
95991 70724
38445 70724
27626 31891
54304 13685
58554 8445
96920 64625
53073 20432
22976 61101
26498 80702
53737 4070
85199 94906
27714 8998
14602 77673
12718 63482
78942 26611
69810 35243
85366 84899
38975 28697
9133 39270
96669 44698
6418 11035
7682 6564
38371 24372
61575 25454
49899 78756
98580 42668
15589 91731
44698 98869
15738 99815
27283 46803
5016 79160
74030 11482
40975 20515
63739 37629
3747 35664
6841 31941
66042 89804
75288 57381
70019 30008
13363 4238
57630 33145
79863 6486
61220 89159
34147 64895
40239 46459
53833 33059
79374 43761
68699 74398
83569 12678
77531 95271
23096 36865
68646 98611
2228 15371
19241 72098
7567 41937
40034 17544
77531 51921
16512 35312
26930 88991
63439 11478
35119 41268
95661 9536
54047 84130
52488 26859
87377 18865
83979 37856
23459 63944
64313 481
22121 72657
49109 27159
67106 66322
65152 80910
56567 35664
41103 63739
46174 1677
81509 46801
78756 57751
98104 35266
23099 15120
88342 77480
85896 15112
31996 49545
58063 17544
14834 44629
5678 63482
78970 51687
23124 4649
98878 25577
56233 72170
20198 95991
79863 8754
22953 3524
38810 91229
67082 10259
60064 56084
38299 24251
66556 60216
40798 69751
2260 55873
64076 59857
29329 88558
35659 1677
27913 95661
51196 12779
61812 74030
49953 51508
24667 18696
20685 78942
25577 7523
88439 25577
95657 95622
91814 35080
15738 3575
81646 32556
4660 18523
25577 19770
57626 42664
65752 54405
30625 56580
46947 6106
13853 64156
26139 55639
25669 14834
19729 26914
28211 77343
43761 26036
23832 79641
778 88883
933 78216
83314 43761
87919 1677
15697 13664
83432 11314
46801 45623
28433 94714
50747 62067
52488 94210
25448 4822
26036 26636
66322 17325
42992 11039
59680 37629
70021 83432
20432 64150
4238 92236
61946 11305
72117 75317
67850 850
40990 14823
80814 65766
73073 42502
17450 67106
8359 61946
19791 27283
46524 55639
96766 36512
97848 69318
70019 23459
79160 56274
86399 34874
86926 78276
36965 61038
90109 78756
5167 25232
52964 65662
55639 9536
69053 3994
76187 77071
55753 35266
76244 85891
98404 47359
53833 10521
77468 65152
65752 55104
45941 38308
15809 51641
84172 17362
23832 46147
22808 88438
86600 35312
23968 88626
86106 45946
481 27629
78566 15112
40131 55544
27332 13135
56274 84367
37242 70646
73014 44490
959 51641
46459 5014
92855 73942
5956 48709
81684 4332
54122 59866
68741 80814
99046 15068
88342 59169
85199 80837
51196 79735
6418 933
40131 57630
59965 20685
24456 41268
42042 54806
29136 76359
5553 54122
65662 94774
31519 22773
27159 39960
45896 27362
91296 19791
5996 27875
47273 31519
51252 22410
56119 69053
7113 42691
57371 89583
17544 49952
62067 54702
80989 6564
89159 79330
94714 24437
90631 15043
63944 58197
25864 41754
23281 64076
24251 25454
36073 6486
99535 45177
75359 25578
84367 32556
32031 66347
62960 37242
64035 74087
94714 79374
14998 55753
40990 24987
75484 29361
85290 57209
50090 35080
19729 84367
81146 11039
23413 12779
23612 23459
51196 1130
14144 95262
27508 42165
83798 7682
89804 1677
55642 69053
47359 35068
35490 37354
83569 70852
55104 58765
54284 19770
8998 51508
86106 69038
98104 70694
22773 70864
14832 19729
63555 69421
83165 5413
40034 24928
41723 73332
481 37310
86998 55580
22079 58063
24987 12741
89609 29640
65500 46524
97798 50326
76476 56580
11478 93575
83945 3312
80814 65766
38299 80814
89552 66576
97638 34026
26719 22547
215 10906
56309 23989
33403 78216
97798 54218
64623 3747
62303 42121
49109 35541
84003 27411
79330 51261
72117 32539
80837 73014
31996 3994
87090 63482
87443 77531
77833 63739
14144 84003
86106 7403
88439 42658
84978 44184
71956 3662
22549 77531
14144 29564
41707 13955
12718 22773
20275 63291
76037 35891
76585 15481
36965 4822
92236 36865
61318 57630
7830 23099
75670 55758
67106 89583
35080 42025
53775 59542
20685 13685
2228 61038
5996 56375
55580 85986
22166 27508
25578 22079
81146 89937
97795 21809
79562 27714
84003 68741
86857 43544
25232 20685
9722 99535
5433 41723
58575 2903
6486 66951
19847 13685
18865 21505
75543 64247
38674 6240
38377 10259
6406 6371
15719 29329
55580 60393
19791 26139
31123 6106
36073 24456
13853 57620
29564 56233
62303 24545
23099 62067
5678 56274
6371 35572
60393 48491
44885 51277
24744 98104
80910 65110
34077 18696
29564 55104
94714 69225
94210 27362
69751 21728
99512 85891
5446 19908
46174 715
23099 850
86913 79136
25669 37134
3524 61038
94261 51264
98404 68593
68710 7700
3312 1782
23989 47614
63439 73621
3225 2260
23058 3524
97739 215
13853 3747
63889 53073
29559 13664
31996 58554
26636 75288
24667 42992
45521 3994
3271 86926
9140 9885
1782 26611
95991 46947
9457 86998
50090 31941
85290 5118
68725 54122
99815 14523
5678 22079
74087 91814
83979 59300
37242 64457
13955 75484
73053 66856
89211 42480
32010 70019
89159 38308
25289 31829
94906 12659
30008 37186
15589 92779
23989 89334
41754 61364
96720 49963
84130 33145
8614 91436
37294 26036
51745 64559
49483 19729
12261 29627
83432 5553
2573 71078
32322 43154
92810 65867
43154 75484
61220 2260
85986 4649
29361 72117
3747 15043
47330 56700
43761 45947
40990 42480
87443 51940
98355 27802
68903 54959
56119 6932
90462 17362
31637 81217
55084 6172
56119 6418
40034 39320
3662 84367
23096 96011
25669 19387
47614 91613
92236 8359
49743 69312
68825 25005
80837 66556
28211 9132
8252 35490
27159 24744
92855 96011
63889 88698
24744 86764
51130 32065
41723 25005
57209 8445
68825 40034
1062 26914
