1000 1000
--
34988 49697
55241 61854
59411 19502
87669 81781
67343 73060
6745 9897
24119 23316
95247 13957
43106 3707
2257 45505
15767 63946
20636 14509
70392 59026
36966 61269
92885 60963
58907 17261
18217 43403
84079 68865
52451 52153
1643 95183
67682 9697
97325 44392
51385 84645
32915 80315
76599 94883
60969 37995
43523 27547
18115 11966
67725 562
94942 77760
46949 2257
29497 7849
4059 50711
90931 5158
87274 88073
72142 88759
52966 92652
87686 17413
86023 44708
56638 81521
43344 74969
13808 47349
81197 65975
25457 12109
32045 1373
79093 27882
562 21967
70239 18214
13587 42830
47470 90384
55241 99822
84842 7779
82325 23642
8527 55886
26361 36783
8527 69156
61902 63194
87274 33114
18217 69268
43965 92978
88954 84532
20246 89789
6911 70313
18115 58017
92687 82947
30812 92167
94529 32812
91017 16227
73691 38303
15129 57580
65739 25580
66227 69073
89253 82725
15457 1630
25755 2127
44613 64626
58362 23876
89811 44954
43699 60902
97444 4151
32045 45344
9897 43944
28532 82172
11966 84494
87697 17082
48763 68352
86118 10438
70115 38012
14247 32757
26204 28040
88137 2511
15404 74374
36748 68403
45344 81865
13895 41596
94942 2023
22715 23261
7777 39180
69734 20246
48763 50231
49888 29497
47009 92833
18115 63190
21338 87246
14758 22715
84550 42565
41718 93129
30698 91281
25072 20130
49888 52760
12272 30412
15767 76897
54877 93206
20130 57986
96231 27392
90708 38078
71279 8054
35619 98789
59241 70315
61854 30542
70239 25582
35482 59426
54405 73654
30542 70106
43944 26708
35157 31023
13975 68518
66521 49888
45706 97862
69734 42162
87669 31190
45344 80866
59348 96083
29603 81346
38012 53262
77151 84914
26361 97711
79093 90090
6052 66521
32915 60857
28390 27785
43699 13487
28078 35295
38401 50724
58701 70392
87325 80725
86345 11174
75644 43699
30812 24182
21583 84620
8574 69521
56645 99565
29920 78098
23444 13484
55000 51373
87686 45925
53961 32953
7279 43523
3707 9162
5247 38569
80315 572
1098 48348
79093 38221
45344 92003
1759 4626
50724 29603
43403 63846
32915 67740
59566 76364
71556 36943
53688 71322
26361 26556
56618 15129
13765 59732
1181 63
38619 11566
95526 47184
77151 67682
43930 40096
38092 82522
70115 14037
29748 32737
2023 66840
88137 39167
56645 91017
55371 89368
80315 38619
53081 55018
32915 26361
80860 81443
78710 48975
45344 21304
96231 58035
95183 3614
30812 48032
9625 86658
67595 70235
29497 81900
62328 41189
69995 97009
60857 83463
29920 40933
86023 27334
27392 64673
31828 87588
19022 17728
13599 58122
48416 18192
26361 21355
66521 13808
20433 59334
88923 13716
5248 37849
58035 25755
5274 5713
41102 68595
54076 49515
62144 21338
87669 23866
74793 61262
62328 70239
60857 13895
21967 86548
29349 73691
36748 30945
1165 8161
88415 46636
20681 56696
26204 19460
58701 15404
64039 88137
14247 58701
86345 18018
24792 32319
11984 24164
96046 20201
14462 49024
26556 22840
87101 54943
67682 28322
14634 55893
23109 74404
26200 79318
21304 68581
64039 69491
63505 2614
80315 56322
95241 51173
70115 28408
14115 13668
87101 86201
80315 23444
96231 82886
55018 22929
9897 9254
42565 86345
96117 30120
92003 33521
80315 6745
54076 45659
15399 5247
69995 15399
69674 66363
33521 38920
63478 69995
55241 6052
91198 78265
45925 38115
65739 46532
52771 10831
50963 92151
62328 99256
28903 62910
88137 86763
65325 12206
63190 36833
26204 88393
34725 26303
78710 97926
46636 68555
98789 45706
75644 3389
18115 24802
58907 15939
86763 71279
29153 95724
58362 21583
78213 51979
26361 81849
66227 29967
94665 27475
93206 2067
4643 38092
88982 18984
52187 34567
70115 75644
86201 31047
97325 34627
32524 42998
84129 41951
78710 91088
81900 64792
1643 66227
37140 52740
40397 94423
98699 14988
50231 59241
56618 23586
6745 87274
82947 52474
68352 95247
25167 47117
53514 80039
60857 70115
62328 18115
3389 35080
60857 29920
6745 89259
7376 89160
13918 72604
69268 59733
67740 26200
15399 49009
95564 10552
78640 99332
3673 22650
3025 56618
48763 32045
25755 62874
11802 53254
49033 87101
3932 70112
70313 6143
39331 27078
58362 20038
84129 88415
6911 41102
4210 36394
25780 95526
65418 75273
34725 87095
45344 3326
26361 1181
73060 91198
84879 9546
50355 23132
67740 29153
14037 78640
1098 97064
80315 14462
84129 48784
3707 78856
61854 20433
29445 86136
88923 35494
77151 2913
9807 4789
28408 3025
85647 35297
25755 38960
84879 51349
47132 14247
63946 39759
32045 95564
1092 56347
65739 81931
74702 90466
3326 91128
15767 35619
50963 78345
4210 81197
94218 68644
44392 36656
76897 19406
79009 88081
70315 18447
1759 21854
45344 42060
81197 29386
45344 77538
30542 87325
37112 97824
45706 76037
21854 65325
55241 24119
21074 77169
90444 20614
32964 5866
1759 34240
24802 99728
78213 24348
32964 30549
96914 90817
81781 19170
19170 4568
62328 92055
6052 96507
39089 90708
21338 18217
27392 41254
85602 90931
97444 71556
37140 4661
38401 58270
31190 6453
86023 33136
41951 10605
27776 10209
1643 4643
13975 93260
85264 1080
94942 50699
30542 85264
41718 56645
92055 78797
71360 14115
99413 84842
68352 20806
20437 21552
48763 37606
5713 98281
83942 12375
50929 54076
50724 69908
45344 13765
1630 2476
29920 49233
46949 61064
42060 37112
21967 76056
24182 68050
38641 55371
22160 94942
43344 26389
38920 9172
97603 99715
84550 23109
25755 48416
22840 86377
42060 22548
34093 57098
32964 47095
61727 33577
58035 13975
4511 62241
25582 70911
95706 29697
96083 92885
29349 13918
16965 32568
25167 54199
55315 80630
67740 62144
14462 79093
55018 12897
94883 48753
56638 65754
10602 14651
12422 60155
52771 30812
36364 52451
67682 4272
48763 12684
56645 98483
10268 53668
31323 84079
50699 56833
43944 63478
80866 65560
92687 48193
36394 88954
86345 80860
88415 77823
1643 26851
78710 50355
98753 23754
25580 21855
41718 52443
77297 55946
49233 56688
21345 80930
96117 87008
36783 11984
32915 47132
28408 58907
47954 8308
26556 4059
1630 14634
29497 28532
84079 68040
15725 82325
80315 67725
76599 26204
67740 92463
19449 76852
17857 4680
73705 73818
48784 3673
7467 24721
29748 60445
51979 62683
30812 85647
87697 60281
22840 45325
72230 20419
58546 53884
88759 31024
37606 22012
8574 15863
80725 98753
78345 23292
94218 71951
3510 21345
3707 67385
33521 40609
47333 27422
5247 23410
27422 61902
47132 69734
29274 93097
59348 94665
1181 44958
44958 3641
57580 32933
13957 24953
47333 43965
18217 29706
12684 25167
21074 41078
44954 33386
88137 24792
64039 55000
47132 59411
48193 41718
64818 13599
29967 33547
94529 86049
48784 5890
74404 49630
26432 90623
41465 48561
3673 66033
45317 20636
21854 46121
52771 38401
43106 1643
50963 86348
75769 99362
55018 75769
20806 96117
1181 27668
3389 65418
36783 88982
47184 39930
47362 75827
53514 44613
58017 53514
15767 73774
4661 98048
37556 29274
22929 35230
46949 90444
47349 10268
59411 97325
42565 11378
30945 10811
48193 15725
94050 41283
5247 72449
25457 10147
24182 58362
59411 3056
19229 78293
74793 81423
56638 24617
59426 4803
34627 79084
99565 63505
66521 89253
29697 23886
91281 58519
53254 52377
39089 95706
38078 55315
1928 82938
1181 8527
40397 35700
56322 4623
86658 12012
32045 59348
97444 55745
38012 1092
6453 67926
86348 94529
36376 35162
21074 72230
45344 64039
95564 85602
34627 67813
32933 4123
45456 3201
94446 45043
64673 40972
69995 92250
14037 57423
37606 47573
83439 51164
15129 82816
75644 36966
1098 62328
27392 84722
49888 28633
44392 35157
30549 17296
20419 62463
23316 20554
67725 56463
93097 57188
59411 66617
79084 96231
48416 45625
80315 20437
52443 32964
25780 12079
3673 12878
23316 91467
32886 12088
69734 43106
54405 65623
14462 99850
9897 60774
91088 30666
53254 54877
9897 95685
15399 59800
92167 82637
59348 73705
1181 95241
76897 55270
5713 7777
48193 72312
70112 84204
97678 21168
61414 86631
37556 96957
65560 594
48784 96174
1630 30839
12096 95277
25580 2231
21345 49914
4151 99738
70115 10142
562 43851
36966 41465
52187 64167
78543 4097
82522 65054
47184 36376
23444 69654
43106 48120
4210 75857
88923 50929
70106 60017
33136 78543
77827 40397
39180 36931
78213 53688
22929 34988
42658 12008
26556 4210
20806 89565
56145 61727
67595 22783
40397 60969
5248 23210
79009 86118
72494 53
78710 39975
82938 72494
21355 25317
15725 78206
88415 11802
43944 37556
24802 30698
63949 9618
89253 51385
12096 10602
76364 16512
6745 29762
69995 77499
39294 60460
23444 77151
62179 54405
87008 68724
14247 36686
81900 20900
82947 91862
64039 34477
32915 48763
95685 10161
48120 50963
31190 2500
98136 97678
60017 2551
67343 73629
50699 66066
58907 32524
73705 63800
34240 26818
1928 91542
76599 26432
23210 87252
4626 87234
82984 91945
76358 53961
1643 84129
39860 74415
30542 25780
3932 45322
65975 74414
35157 59566
9367 47954
66227 88923
77151 21074
24182 84882
36748 10787
60017 19449
78213 3198
92885 72142
32045 3510
15725 76599
9897 1165
43523 35482
62144 9625
14247 25072
13587 67595
69734 58780
95526 16323
65739 59871
68403 37293
25582 14758
29697 96849
29920 47362
89253 74702
1643 80392
14758 84550
24953 23765
45344 22082
59566 66587
4587 77058
69654 55326
4059 93065
18115 29748
22160 71360
3641 15138
45925 34093
13662 42658
80866 5248
36783 59136
10142 62179
62328 66209
63949 78561
70106 28627
67725 31512
58270 32533
3707 3909
92833 25457
68352 73966
92463 80835
23886 54284
28532 30626
9546 27950
42162 77827
80860 3214
32045 91043
21355 19022
98699 41725
25072 52187
38012 77337
73705 82004
82004 86480
77151 86023
15725 51127
26556 96965
29349 42676
53081 35435
82816 7009
63190 32179
97064 7279
12109 61414
22929 99699
51385 88461
39294 33088
32915 52771
54199 72272
30542 96914
66587 51421
84550 53392
29153 74264
77499 8198
91198 13437
92250 69674
88415 87697
84129 9807
21304 18679
42162 84245
69734 92687
21967 40069
59241 5274
84914 47333
82725 58784
78561 32341
1759 36748
48193 32886
56322 39860
48763 78710
84079 10460
40096 65399
77499 22148
38012 12422
77823 26268
26556 8574
67385 12934
63949 70466
50963 31323
3389 64593
23444 77008
24802 49033
50929 82474
9367 15358
93206 32232
95526 12272
84129 13662
9367 27776
56833 57595
42060 56638
55745 96046
5274 47470
91017 97444
29153 12096
80315 79009
69674 23706
73048 45456
95247 402
70106 2305
50231 46949
75104 69854
96602 55241
35494 98744
12272 21059
1643 28078
84245 43839
38619 39294
12096 82984
66521 78034
90444 38641
39975 10026
83448 65056
13895 83448
37293 43344
86480 92113
10552 7468
81197 37830
50724 73048
2023 17857
94218 16302
5247 62336
16965 67022
80392 89811
32933 77068
84882 58927
81781 91907
55241 94050
21854 87686
9897 6911
39167 34725
67022 28789
84550 73700
5890 95735
94423 46686
12422 88472
35494 82128
53081 65615
59026 78342
88137 37140
55386 85234
32892 94446
29748 55158
57188 55184
97678 46056
75104 99307
15457 1541
56645 52966
29497 66133
2127 7376
6052 1759
29748 28390
6745 83942
52740 17301
58927 51347
1541 56050
43403 56145
14462 16965
70392 55063
36364 55386
41718 4587
25167 75104
56618 22160
86118 80540
28078 74218
83942 58834
9897 41594
28633 22029
59426 65793
27668 74793
35297 77297
14405 83439
37849 96113
56322 47009
78206 80083
15404 97676
42162 9840
52443 58546
93065 88269
1373 35393
25167 98136
36376 5587
93260 19029
89253 65739
39860 66366
50355 93270
69734 55397
74218 36364
49024 3932
32886 74977
24721 64818
91542 67224
64039 87669
1373 28570
32045 53081
63190 94218
45322 81083
8527 66000
1643 39089
84645 28813
97325 9367
67725 20681
65754 46096
15725 28903
76364 82967
24348 13587
50355 37635
89253 35762
48120 76980
58270 88355
15138 36459
92687 67343
9897 15457
98048 90289
48763 78213
25780 14547
18115 97603
53 4511
80083 28022
91088 63949
67682 40727
41283 50453
41078 64729
92687 7467
86023 29445
78293 76358
92885 4513
91088 31828
92833 98699
75644 45317
20130 99413
97444 62693
2551 78094
14758 15767
78342 85223
66521 69774
13484 74289
25167 84879
50231 1928
45344 94459
48784 43930
18217 19229
12684 96602
66209 89871
82938 14405
48193 1098
88923 39331
32045 29349
74218 73083
3389 18597
36783 26721
96602 32892
54877 8006
--
85602 60445
97824 43930
66000 88923
60857 53081
1098 48763
16512 32045
74969 32232
15767 50724
60460 50929
61854 70315
3389 67682
61064 78710
74969 36931
68644 59800
83463 49515
57986 86345
15129 87008
49888 42676
87234 14462
58907 78797
36966 55371
74374 74218
77499 20681
30549 39089
14115 58701
54877 58927
95685 32045
66000 25317
49888 49033
60774 25317
27882 70112
78342 65560
53081 18597
48763 29349
12934 94942
95183 97444
63 58017
60281 16323
59026 68595
41951 65560
38920 20130
20433 55184
87252 66587
26200 16965
77760 66363
63190 31828
93260 89565
88073 8527
21345 32341
92113 84842
61727 20419
5248 35482
58701 12375
45344 94218
91862 2257
21967 93206
45625 38115
77297 64729
35494 97676
55184 22650
65418 28570
91542 67813
92885 96914
12272 64626
46532 36833
20201 12375
64818 29748
71322 57580
76358 23316
23754 12684
47349 20614
6052 13975
19229 82938
59732 26818
86201 24182
89160 22029
32757 33577
25457 75644
29386 22082
34627 68581
31512 87697
35494 86631
37293 66227
9367 52474
4661 55371
67740 48561
11174 55946
96117 64729
69521 66840
79318 5248
18217 99362
94942 55063
2231 80860
24953 97444
35162 68724
87252 95277
88073 58270
45043 73083
46056 41078
13765 59026
14115 572
94218 39167
65623 14462
30542 20419
38221 1759
51421 3707
79009 78098
67343 76358
10602 40727
20614 41718
84645 40609
26389 5158
92250 87325
7468 76364
85602 48193
76364 41725
32964 13437
95685 4680
22840 75769
26204 13957
12897 87697
96113 88759
4123 83448
46121 4097
80392 65560
21355 18192
57580 85264
50724 22650
8054 21552
88461 22650
70239 28408
38092 22650
2476 30839
13587 30812
50711 86631
19029 82947
78710 86136
65975 77538
72142 98048
58362 37995
73774 17261
94942 30412
27785 22029
9367 32319
60774 4661
28078 85647
97064 54943
23444 36394
13895 59411
29349 36783
87095 13487
42676 55745
99822 75104
49914 91907
88461 52966
3025 82967
92463 10811
89368 10147
32892 89871
22715 4151
62179 84879
23109 90384
87686 27422
69734 13716
97711 96231
36931 51164
20554 5248
69268 32533
4059 82938
76897 25072
27422 12008
92003 26200
38078 62241
55745 56050
38092 53668
67224 59732
56696 69674
9546 57986
21855 27392
47184 92978
69654 94529
18115 83448
79084 44708
56618 79318
41596 23292
39294 58035
7009 32892
84245 48193
58834 59026
51347 86658
3056 80315
14115 82004
30839 43944
16965 55000
30945 95247
76599 36943
82474 71279
71556 97603
23210 11566
98281 84245
18115 93097
47349 32915
74289 91945
48416 37140
38303 30412
36931 49515
66587 13895
33577 2551
77337 45322
14988 63505
27776 86118
50724 70911
23765 41189
10161 40609
23132 56618
43106 26721
99362 5274
20246 86631
21552 69073
90466 48784
40609 58927
75644 89253
2500 12012
15863 41465
95724 55000
42658 76980
6052 86345
12079 36783
65793 62336
87095 1373
81865 9162
63 92055
67224 16512
3932 27392
82725 65623
48120 59732
53254 1630
20130 68581
78293 82474
15129 58519
72494 42060
3214 38920
36394 30120
19406 70313
8006 63800
99822 84842
23754 32892
4623 32953
92003 70313
56322 84245
87588 68865
562 79009
97862 80930
37293 26708
45317 28789
82938 23886
4513 30542
69908 78856
82984 74702
96174 72272
73818 81346
94883 27668
61269 13765
30945 49888
85647 2500
59026 69156
93129 84722
73691 27334
94665 91907
78710 11174
59334 43839
32886 21074
23132 64039
39975 3198
32319 88472
46532 62693
3389 86658
41725 39860
64818 4511
43106 55315
44954 51164
4123 73966
11174 55000
19029 19449
48784 28408
40972 96231
27078 67224
72604 32341
4059 78094
76599 62874
33136 98744
47470 39089
40972 93065
92055 99715
99362 78034
7849 61902
32915 87095
85223 18217
46949 41189
32045 29445
55184 25755
32737 1092
96117 69268
81865 63190
50929 63505
19502 13484
99738 91945
53884 77008
92833 52443
18679 34627
27785 68581
5890 56618
23866 3389
8308 14462
9162 41189
27547 50724
91907 71360
71322 82967
97926 84914
83439 32319
76852 68403
38092 15404
83942 17857
19029 28040
2023 64818
32341 55893
54199 4643
13662 63478
19029 56618
99738 23866
45706 50231
98048 24119
47470 19449
20437 32737
72230 7376
59871 27668
40727 3201
64167 82938
46636 41189
84879 24792
88982 14037
78098 39294
32886 56618
12008 29603
15404 78265
50711 53081
29967 22929
2067 88461
81931 70106
58784 58270
14547 21168
26432 23586
21967 47132
70239 30120
47954 61262
81849 4643
4511 27392
87697 73774
97711 10438
20900 89253
23109 42658
22148 81423
77068 65739
26818 19022
10460 38115
45322 10787
23292 45625
4272 10268
66133 29153
38012 70115
66521 56618
4123 84722
52474 43839
94423 56638
3707 82886
51164 5158
26556 69674
69521 24792
64039 65615
14115 80866
30412 85647
70392 7779
84550 68050
78342 23410
55018 63800
13437 36376
29603 56696
73083 18018
21338 18192
70313 44954
22160 96602
79093 32953
51164 14988
63194 10460
10602 91281
36943 87686
29603 58784
90931 69521
58122 93206
10438 29349
60902 4210
65399 70911
23210 81346
40972 59566
53884 65325
49009 2614
23754 8198
92113 56688
81900 53961
81423 84129
27547 23410
40609 36376
44958 70315
49515 90289
43930 31024
86023 42060
79093 52474
47184 62328
59026 98699
50355 41951
49233 59026
43839 29920
30839 48032
87686 54877
3932 86480
45925 48120
67926 17301
60963 1098
23410 66617
80866 39167
26268 19170
3025 9618
22840 73083
28390 67385
94665 91281
14651 2614
38641 63
94529 96957
65054 53254
79009 1759
10552 81083
43965 99699
27950 46121
90931 80540
39930 80866
76897 62910
87101 16302
43944 6745
84204 87588
59871 92652
69654 84204
4680 4123
10605 17261
18214 65615
16302 15939
74977 84204
35482 61854
62328 43930
15129 35393
51373 10147
39294 91198
97444 26389
7468 18984
90817 60969
30120 69073
47362 30120
23706 25317
68518 33136
55386 49914
25457 89368
78345 69654
70112 69854
86201 93260
8308 91198
67813 22148
98136 19029
18214 99822
87246 62241
26708 48416
86631 98753
70313 49024
91128 25457
84079 69774
9618 38115
60969 50711
3614 48120
34725 10811
62241 77823
22160 27475
43106 96083
27392 58907
19022 10811
11174 37849
10142 69674
1098 34627
9367 58927
26432 13765
40933 69674
52740 84079
94942 24802
22783 13662
48416 82725
41283 45322
58907 60017
70466 30549
15358 13437
79084 76852
81781 91043
32915 86023
8161 68595
21168 48975
41465 11966
59334 41594
13918 74977
86548 4097
23876 27882
21168 88355
70315 41189
80860 85223
49033 84914
3214 17261
66033 87246
47095 80540
43523 97678
93065 94942
84879 52377
39860 3326
7849 65975
86631 48975
2305 73818
38012 52451
36656 14988
49697 58907
51127 39294
46686 9697
20246 91128
64593 58035
82172 11174
43851 73774
32915 70466
55315 80630
59348 12422
53254 65975
12096 96083
98281 51373
52771 20246
77827 1759
62328 99850
10147 93206
30412 73691
58519 89871
47362 21855
23410 51385
36943 20681
5248 79093
68555 18597
58270 42676
45505 37606
33577 64729
47362 18597
49233 37606
22029 70235
52771 30549
2257 32886
11566 13587
39930 51347
2913 62463
36376 77823
56645 26721
59733 88073
12422 82637
44613 53514
34567 41594
49914 52443
9897 99307
48753 87234
98281 44392
52377 18115
34567 68555
81865 37830
4097 8161
96914 9172
27392 84620
96083 85602
14405 86136
47954 92167
78265 6143
20246 7779
22650 59136
33577 92978
23410 26851
82172 78543
54405 1928
13975 49233
82325 91907
38960 13716
3389 65418
88393 5158
47333 9367
29697 1541
96083 61064
35230 66000
55326 85234
20437 35157
52966 69491
39860 65975
1643 51347
55315 76056
94529 80039
29274 87697
21583 23706
99699 89253
90931 74969
59426 59732
47333 76980
21552 84842
51127 51349
88073 99332
12934 21059
95526 43699
85264 28408
48348 1643
594 65560
27422 94529
89565 57098
36931 77008
73691 4680
98789 74374
29497 65615
48193 54877
41283 45456
71322 11984
32886 32568
94665 48193
51385 47095
38641 42658
74414 1092
35435 35230
2511 5274
52474 36376
7468 92463
61854 8198
91017 82816
96849 3932
47954 98699
19502 84245
97711 99715
83448 9367
51127 68403
20806 12206
95685 53
12934 79009
15725 31023
81423 30120
63946 48032
30626 30542
12079 31047
47333 87246
73691 95724
42565 4587
98789 36833
90931 37293
21345 39294
97926 7779
7468 78561
13437 10605
33386 13716
87686 56347
31024 73966
88081 36376
51421 75644
77827 77151
1928 66033
25780 22715
74264 37112
30549 32812
35157 13487
59334 11984
13437 91017
32953 37830
84494 17413
59334 12088
9162 31323
81083 89368
12079 50724
23642 59026
18984 24182
72312 12206
84245 91198
7009 58017
82004 68352
19460 83942
33114 47333
65056 68644
3201 11378
49630 58701
73705 19229
86136 99565
93097 9254
94529 77151
6143 94665
2305 51164
69156 39930
94459 7467
11802 82128
61727 3326
12096 3025
15129 34988
3510 2913
13437 61262
34567 89253
96083 2067
572 20201
67385 34477
10161 99256
52187 51373
2476 79318
26204 30542
81900 7468
96914 13668
96083 78342
86345 27882
26556 41951
42998 33386
62179 69521
19502 30542
19029 51164
83439 46636
67224 87669
78640 58927
67740 3673
8527 34093
19449 8574
55386 90090
10787 43851
34627 12109
41718 32568
22029 82474
2614 14651
22012 36459
82947 80835
21074 13487
572 24182
84494 16965
10438 45659
66000 41283
58834 81083
55326 52377
3673 48416
52740 28408
23109 20900
60155 55745
12096 34240
78034 36394
32892 87697
53081 93097
72272 84620
75644 10811
6911 92885
85602 59733
81197 92833
92978 96117
97064 3932
30666 1541
26721 40609
91945 72449
77499 28532
30839 15457
8574 99850
39759 78342
73691 27882
53961 13918
38115 62179
22160 22012
9546 3198
47009 78856
16965 32568
80930 87325
53668 61854
7468 66366
64593 5274
12109 54943
23132 32757
1098 94423
98699 78206
22783 26432
24792 86348
52443 32232
58035 86348
15138 26361
28322 21059
32232 87008
56618 82984
4789 56696
1165 47184
13895 39089
78640 50699
92151 10605
83448 30542
45043 36364
32964 86377
50724 72604
26204 37556
7849 93097
92055 45043
57098 7849
70235 67595
20437 31323
18192 97444
62144 50929
41465 14509
1541 19406
91862 90623
10831 77823
82637 22012
46056 58701
74702 59426
51127 35393
3025 58701
24119 65623
97824 21355
89565 2511
86348 11378
29445 9807
36686 14651
67224 20806
87234 63949
76599 18597
4789 1643
97824 4272
76037 70466
50355 26556
66840 2067
94459 29386
72272 48753
90623 80860
63505 32232
23292 48561
55946 58546
84914 4151
64039 52760
88472 99822
69854 68581
36783 40069
96849 70112
93270 19449
92885 83439
73654 26556
71279 21059
65054 36833
51421 10147
12206 80039
13895 1098
3614 55886
95277 65623
92687 18217
39331 42830
61854 11802
9625 96174
31323 50711
36783 91043
64593 4511
63194 1928
34240 87686
53254 49515
56145 38641
35157 402
54943 66521
39167 62463
90931 65615
22160 13957
26851 37293
65418 57595
94050 99565
15725 77151
31024 58035
70315 89259
14037 73048
73966 98744
33088 81423
61727 51173
81197 33577
37606 56322
24792 7468
27334 64673
47117 99565
32341 95183
41725 77008
19406 76364
91542 20900
68644 39759
93129 16323
96849 99256
38078 49033
92833 95564
7849 66617
90931 26268
20437 73629
68724 20437
91281 59241
562 67022
47117 93065
84494 75827
95685 74218
23886 93260
68352 75827
20900 28813
16302 63505
61269 29386
67813 73691
60155 41718
40397 18217
3707 62144
20806 9162
30666 56618
90817 22840
43699 7376
23586 87669
95564 62328
14758 4097
89811 97711
36364 32179
49630 66363
65418 84842
25580 43944
90817 49888
15399 77151
66000 35700
40069 3510
21338 32524
10142 85647
78345 72604
21168 58519
31323 3614
54199 97678
61902 80039
27668 96174
17082 4568
62910 87008
66133 67725
88269 1098
74977 36364
46949 43699
3214 50963
73774 37830
13668 71556
69674 52187
5274 65399
66366 50453
88759 69908
43930 28040
56688 92250
76056 21855
13716 83439
27078 1092
18115 62328
53 32964
39860 35162
98136 32179
76358 28627
5274 75827
95241 80315
58017 96083
80083 43965
60969 21967
82967 88923
86348 27950
86480 10552
54877 12422
93206 34477
26432 18447
62144 57098
5248 7779
28627 41102
92833 38401
89253 92055
29967 86023
65399 69073
8574 84842
69734 26303
49024 5713
32533 88269
72604 17413
95685 19502
95241 70315
51373 41718
12897 66209
68050 62179
20038 87686
77068 53668
67224 7467
3614 18597
4123 31512
48763 43944
81900 44708
18217 74977
88982 6745
24164 56638
36376 54076
20636 46686
