1000 5000
--
85252 50967
50616 33080
85857 29939
52905 86242
63826 24909
95955 89046
89890 11355
24363 73135
85857 13703
85857 37408
36829 59543
52905 91507
48472 63728
76316 27830
76316 90087
75167 27496
42997 817
75187 95148
39557 51261
7466 74201
95370 44729
8890 38452
18590 25895
96115 50573
18955 56192
97690 80406
11819 66814
87697 82488
75167 77144
40461 68537
46341 88472
32308 71550
24125 27076
19884 54910
38601 57794
53043 52100
84570 17488
73605 57357
62045 94210
65667 57632
46764 20174
11355 74000
63093 66014
9124 43152
63729 64670
66417 68267
1572 73515
65055 85146
67632 11691
34131 4996
75167 23405
68593 68400
53199 99120
77135 96539
65286 79448
59258 3632
18955 395
68823 39171
75167 48943
47229 40679
12727 62222
79041 71903
70483 52834
66014 90040
49121 15414
47961 26791
39480 97033
71298 46323
66715 80291
74135 11943
47316 95733
96109 35866
8090 28174
79041 26425
18590 1572
11819 92843
395 18363
89453 78392
67174 77406
12384 73192
5637 28018
6986 40029
99327 3406
36478 79496
36806 47823
35298 26020
49121 51238
11566 90932
2836 77463
40979 11521
49121 13006
12701 49798
12793 1229
50263 42894
91075 10173
25711 91579
79448 74406
61597 68823
70483 63023
67402 84215
86667 30287
24363 94318
18590 44092
78392 35298
15617 88387
41270 52665
36309 63541
62116 49121
48253 67980
25109 95163
45815 52547
45815 58270
22787 93445
73899 15937
39714 342
88490 57016
73172 43398
76698 41043
65254 98027
99541 20644
95370 37953
69604 31825
8090 94397
5003 31312
22420 3382
91375 47599
17749 73049
62116 66121
6016 94949
57454 47002
72466 52840
53572 21718
50180 82349
48454 56980
73899 58295
20825 87697
87697 9600
31487 62370
89890 57221
81274 83639
86242 87764
39480 42094
12384 37228
52665 55043
73755 20436
24125 13596
61840 89453
19119 18832
53572 81274
24269 67576
91075 99475
73629 40833
32150 90134
37787 75974
68823 10015
47823 52807
41270 63421
22787 69769
23196 81617
91507 74135
84771 96557
4060 57971
37807 11378
91375 96857
14965 56749
86055 61800
78049 99416
49440 2497
80122 25653
84771 28910
83474 24125
36806 94418
37363 53922
62116 38601
8162 81852
57758 87136
66136 35515
68593 60342
66014 77860
86242 40979
95712 73755
27076 82606
11460 35700
87028 99362
70483 49733
18434 61597
24909 54436
37953 42167
27830 18946
33560 91606
8162 95018
23405 95043
6986 16472
80348 89846
90087 99541
74135 88702
71315 51112
62045 46140
58270 70966
87028 59122
91507 97824
63093 29337
80716 33936
97690 2965
20422 3925
7946 90308
91407 34947
59258 37158
53572 62875
80122 73974
19884 62388
75526 11745
5913 55816
43398 88490
324 96466
18353 87615
73515 88295
84526 62208
63093 14769
47717 20727
18912 97896
77356 88858
47823 54645
95370 76316
83474 59258
81804 30799
91375 16025
3854 39812
47002 2406
35700 79093
52665 23442
99541 5003
96583 74514
48253 70199
89595 21961
41072 67174
41072 98315
6986 96177
53043 55796
62208 48253
44729 75920
95712 62916
94418 11229
90040 94956
11934 51876
25109 16858
57454 13897
5789 55833
27036 81883
12285 7466
92084 93520
57782 5981
43803 8162
94318 7695
83474 85857
29939 67482
54706 42000
53199 89773
43803 82279
52797 44431
90087 63093
62370 84109
70199 87524
18955 30720
47717 31487
53043 3077
37643 42986
57357 77434
79041 75341
47002 16445
88387 90321
60043 32208
61840 6986
71987 69260
91579 99929
57712 55961
89252 21461
84361 76850
24125 97690
86667 99926
24363 12488
60342 57712
10316 11819
18434 76229
38601 90621
58189 68638
35354 20256
76316 18596
39812 71974
89453 65391
53340 829
62916 79235
99500 93032
75205 68312
28601 85485
68312 56520
75974 84361
64515 48513
84526 92265
84898 12277
2755 27226
12285 48541
81804 32665
89890 9268
44729 61103
73629 56166
2755 12576
4996 1503
829 89504
36478 69840
86055 96115
44061 95273
57587 52010
6301 85388
57357 77549
89292 87479
92025 88874
58179 45957
2755 18766
27403 51148
27830 58179
44954 75526
8090 69837
87697 55620
47915 86852
80662 90262
61472 30729
32798 55072
62916 75187
41270 39557
58283 61472
37408 64689
34983 50928
58189 99
72466 41979
71987 76350
66121 32308
97690 18434
60342 17537
88300 62761
65667 21282
8975 28362
10631 40448
83474 11724
95043 36829
26189 81403
57497 22336
32185 13157
86055 59786
89638 84772
42894 47910
62208 28601
62208 86055
97165 11978
18434 87028
58168 77165
58283 81299
69560 5789
80342 13047
37408 77356
15367 53199
15367 59119
49733 82172
55717 50618
66715 43281
51872 43592
12793 17063
98647 53819
82008 94122
60550 90635
28910 70889
2078 16262
57782 57745
89638 60550
58739 67811
6016 66136
39615 91867
48454 86667
58189 62116
337 30286
67980 58681
82837 75171
25895 92880
58234 39684
29939 59498
98647 69604
24269 89252
90087 28917
76316 89890
14769 53104
32308 30251
31112 81746
47002 33560
97690 24130
77135 15723
8162 83633
27403 67317
32197 40426
52738 39615
58283 65055
85541 15545
72171 79843
68312 3854
77135 15646
83633 71893
45292 49455
35298 53733
80716 9140
73331 4770
90635 25303
13596 2978
99541 11646
92843 92084
80342 43286
4797 69133
68400 57587
71987 77190
80342 60043
58283 39714
28052 26417
24125 68533
99486 9476
12384 69830
97617 2755
46069 27158
29337 74332
46323 12508
32756 22032
96348 88376
70889 98750
41270 57454
82837 44061
60342 13681
63541 14254
2836 21821
58283 22787
59502 66056
41072 73800
95955 64319
11943 54173
77190 57694
27403 7124
23405 71021
25711 80431
73899 79922
82172 74138
63826 73172
57587 80348
57587 80759
46684 39480
90087 89638
92843 5913
73899 13827
76316 52905
49121 73331
95979 86384
85857 7627
51765 24370
16059 60557
48619 84024
84526 38798
68400 18912
97824 4196
78392 60455
33170 52852
92025 22920
82729 72466
67980 8978
38798 19884
60493 55413
49121 46341
89638 96452
12411 99500
56520 22839
15723 38215
18832 32840
46684 46482
71987 88300
69604 7946
37228 53683
47229 32979
77131 54196
95370 53572
62116 60915
84526 50616
62388 53340
16059 34224
71298 60493
48454 95979
42094 12411
22722 78773
52905 17749
63421 85306
8090 6301
5003 82656
12384 63978
25711 81132
36050 12701
36618 11934
50263 52040
12285 18353
68312 57681
79041 34648
41979 94025
37787 10665
74332 73605
69560 59340
60342 69560
44463 10960
30023 88275
77190 55171
51765 50180
59258 95955
48541 38807
59786 98533
33560 29694
6975 56648
97617 91375
38798 40654
15723 25400
10665 85797
66014 80342
95488 5513
78975 84058
91507 41585
83639 5401
91684 32123
98533 1899
44729 89595
80348 81804
46762 31112
50263 71758
78392 84898
15617 58739
94122 8602
50263 24363
43514 337
20825 46069
5003 27687
47915 51066
97690 53043
10665 8890
79041 48395
51872 91684
9124 82008
63421 8390
6975 13613
15723 48912
73331 92116
99541 36618
62116 42106
38798 12285
61840 32445
73629 44103
20734 89292
46341 21392
62116 25711
2078 10316
43592 67955
22455 81075
80291 99983
18353 11272
25653 79221
644 22953
44729 2078
47690 2836
58295 44954
62761 40275
61840 20371
67482 12793
32208 59614
78049 22794
15367 54499
28601 54706
73605 24269
26777 35221
79041 94504
48707 68821
82729 22420
52840 10933
57793 4853
22787 40506
84771 83976
11819 73899
59498 76761
89638 72171
99541 23915
88858 21266
50967 67402
48472 45503
7466 66673
49696 92061
27158 23537
85857 24638
98647 61566
80342 41270
40029 36050
73879 37807
11724 22044
21718 64183
57454 66715
59258 79041
40979 56183
73629 94605
80759 94709
62208 83704
20644 47304
36349 75717
85306 52568
8090 20734
11724 32216
72171 48707
23442 33170
38601 11844
77131 19119
36050 35564
14085 31507
44431 46254
80716 82724
60342 18590
57357 44463
80342 80662
66417 25770
12576 63799
45292 11566
89046 23774
52840 40784
95979 76995
14769 26188
57782 6975
18590 80122
48472 80632
13006 26189
76316 58189
48513 57559
72466 85541
68026 89465
98315 91075
48513 63826
44431 37043
18233 56176
65055 9733
66715 43600
4797 37535
58368 80603
86852 15367
71315 923
61159 25393
12488 60639
18596 97736
37953 20541
70966 91667
76316 87507
49121 52016
37408 75111
13596 28490
82729 47690
2396 68445
71974 2396
8978 9535
74332 48619
18353 6476
9124 14085
62007 47961
12284 36478
86384 78892
11943 45815
395 77768
66814 61159
9733 32798
40654 48472
71893 63729
68593 46764
6986 12384
2755 44015
60493 5549
76316 68593
18596 4836
99 47717
75920 49403
82172 70636
10631 9124
98647 51120
49121 67632
47717 8975
18946 84576
12284 50263
85252 92820
76414 51664
11460 48454
24125 73629
92116 98476
47229 99486
85857 71954
88173 51793
61103 58168
8 54855
10083 60260
25303 37031
37643 66965
42986 53547
75974 4060
57587 49588
26188 27403
12384 47915
59258 12284
26020 68627
54173 95855
37043 30011
20436 10083
74332 51872
96452 27036
74514 41752
5003 46684
57712 1959
40461 92049
62388 35252
44729 65667
14769 91597
53733 12429
89252 59066
62007 66915
90087 58283
88173 31291
76761 6820
45292 52738
26189 91516
2965 5447
81746 66380
76698 52062
57454 64515
53572 27810
76316 75167
19884 24979
24125 23552
41072 76414
11378 11435
37953 6016
2755 29595
92843 61819
52797 41234
76350 63500
76933 86824
80342 90239
58168 81462
50180 16059
68627 40510
76316 83474
2755 55717
20734 37643
27093 74959
47915 87577
99541 84526
27158 55983
42000 31695
42997 91399
47561 40461
62116 33089
15617 12432
27190 66417
62222 80188
70483 51821
6594 35100
53572 92025
75920 84570
19119 76698
68627 71799
35564 90763
59066 1132
50263 23196
17537 99527
12384 96583
74135 43096
28917 1609
20436 70483
11724 83212
75526 26264
27830 97165
98533 18400
78392 4797
40654 99327
43281 97213
52665 10631
79448 5637
5913 32197
17717 82070
94418 37474
45292 40294
71974 34983
79496 10056
12284 45205
12539 57817
52905 18233
32208 56821
90621 42817
48943 80716
67402 90217
52797 68616
7466 82729
51261 70663
96790 8625
12285 95712
82008 99214
50263 3544
6476 28421
96539 57782
18912 97839
11355 64583
18353 12727
90087 324
97617 77135
52905 47229
10316 97617
21821 62045
38798 65286
76316 47316
58189 44947
6986 37787
77415 32150
42991 46762
68593 90271
40294 86631
76316 98647
80342 42989
40979 57841
86055 79729
66814 71315
9476 53457
85252 57758
37787 7335
31487 94879
64807 30592
2755 77415
98533 96109
32150 432
48253 63698
24125 417
68026 91407
57971 6245
77165 28376
75205 25661
3925 82061
77135 87045
52040 26777
71987 42991
75974 78270
57632 32185
23774 71692
8 43803
47561 76933
99541 644
17717 52356
99362 57711
84570 38597
78392 22722
76698 91906
70483 81452
58179 7085
95018 35354
70889 78789
22794 43067
47717 57497
91579 73126
73605 60787
99 10215
62116 14965
14769 73879
16059 32994
91075 44084
6986 85252
66814 58368
18955 8534
31825 56861
96583 15617
91684 42997
79093 36349
91684 56650
40175 5504
72760 71014
86242 61531
68627 40716
51238 47561
75187 28052
49121 52729
95733 6594
12727 18406
62116 25109
83639 1900
29337 51765
32979 20534
63093 68026
32185 88173
12277 56995
47002 54894
58270 78274
60493 42678
42991 45292
80122 69298
26189 57793
74959 8090
37228 90558
85541 66817
37158 27740
32185 9952
29337 99561
16059 1739
40654 67680
53733 30023
37408 82837
36806 1874
79041 11527
62370 86473
92310 49696
64515 97533
72466 71987
89046 75205
11943 52797
18353 77131
24363 55752
99541 84771
89504 49440
51261 78975
75920 58234
41585 12375
95584 19456
28601 52538
91684 40175
9952 95279
73974 72760
1739 55900
99541 17717
7335 93534
94025 80137
95712 37363
14769 65254
53547 20940
75341 22455
35298 23184
89890 41072
53043 71298
86095 59502
20436 28077
57712 3752
32756 57994
57221 86095
95712 95584
62208 32861
74959 96348
10316 20825
61819 87767
80759 96065
62208 35332
91579 99420
9733 92310
62116 41674
11566 61162
65391 69281
9268 9669
57454 8
23405 16464
43803 12539
51872 97086
72171 32756
95370 11460
45815 60744
9124 40291
62208 27176
92843 36309
53572 20422
99420 64807
71987 95488
81403 64548
40979 74942
7695 8325
95733 54158
80342 36806
64515 62007
11527 34131
11435 68664
76316 61840
75187 3769
1132 96790
58189 89167
57454 9849
99929 59990
97617 86477
58189 43514
11272 58486
92049 78049
66673 34887
5981 76160
47229 21328
35700 27190
46069 71000
38601 29227
67482 27093
86242 18955
35332 17226
29227 54607
--
40291 29939
49733 43096
78975 11521
6016 97690
67402 16445
80137 73331
39171 56520
78049 53572
88858 64515
66014 22032
77131 85485
1900 77165
93445 84058
44092 23774
63541 22920
56176 78270
71954 57711
61472 53199
40510 85388
89292 57841
2078 59502
80759 34131
66121 78975
47717 61531
34947 42989
65667 9535
84024 46684
6594 33560
53922 49121
61800 40506
99420 87697
33170 67955
99327 99475
23915 13681
34947 99416
5549 59498
17537 59498
49798 18400
92880 56166
62208 73974
26188 20644
96857 73049
57221 36349
47910 56648
20422 2396
63698 66380
57711 12701
36309 96790
68823 43398
95488 55171
23774 22920
36829 60493
11844 7466
2965 83976
51120 37787
54436 20734
99500 89167
20541 13897
77135 90635
5513 69560
17226 94318
90635 92265
77165 40506
61531 84361
52665 3632
86095 11527
27810 51876
85252 23405
34224 56821
25770 66965
12488 99
48943 82488
76933 44954
74201 3854
80188 52100
50618 7085
60342 8162
11435 57794
60557 21718
77463 79922
49696 45205
90271 6986
47599 10083
84772 44947
16472 21961
33089 43514
54499 2755
75171 27176
92310 12701
7627 70889
95148 7085
10015 60744
20534 79496
51120 18766
68533 12701
22787 87767
81299 97896
4797 43514
55072 24909
39171 89465
84058 37043
41585 74000
32861 87045
82070 40029
78274 71893
23405 36349
26791 5513
14965 10665
66121 89167
6245 28421
10665 85252
68533 59066
68616 52905
54158 817
41674 23915
29337 28917
68533 41674
48454 43514
76850 88173
64689 45292
56648 8325
90321 59614
94122 8975
27226 57712
8325 74138
5513 7946
77415 60493
11272 36806
52040 8162
4853 47304
98750 66814
59614 79729
10665 2836
91867 57841
99541 91667
11724 60557
79093 11229
90558 55413
9140 46140
96466 66121
11691 67174
66014 86667
9476 17226
55413 6245
46140 99983
18766 89252
52797 28077
817 30729
12793 59502
75205 60342
42991 96466
8978 59786
67317 30720
37408 45205
68664 74138
25400 64183
11229 55717
35100 36050
31695 84526
11646 80342
65391 40426
432 22455
12285 9952
10015 7124
43281 337
42989 87615
90321 86631
79922 9268
6594 91579
58295 43803
66380 12793
57745 90217
89504 56176
58189 27403
69133 55961
91906 78892
923 5981
5549 92265
58283 71692
96466 66417
57745 97824
65391 57559
52729 37787
21282 78892
65391 40679
22722 75111
70889 10960
32861 52062
55171 14254
84576 61566
90087 12432
88173 54855
2396 10631
91667 43600
79235 86095
9268 52040
23552 37787
63023 88490
42986 67980
95163 20727
54158 24979
21328 8625
16059 52834
47823 89167
95018 19884
73515 80662
75341 42106
18400 32756
79448 71758
16262 55620
71954 6820
46069 58189
89638 49696
76995 50967
39812 85857
11844 78049
92880 82008
4853 57758
96466 395
51765 73899
38807 11566
87577 15367
97617 7085
16025 18406
27496 70966
6245 82729
91667 89504
95855 99475
28018 13703
64583 5401
77860 18912
26020 5513
89465 85146
69830 11460
76761 29595
89846 44947
74514 40784
13897 74201
59614 96115
54706 62116
98750 11229
6301 73755
14085 27158
49588 31291
92820 56192
16262 3854
28917 21282
9140 92116
12727 90621
80342 79922
21461 12277
74406 99120
71954 46069
73135 72760
12285 43514
44084 52547
88858 82837
12701 8625
52356 79729
92820 20174
71758 25711
82279 48395
31695 67576
97533 46762
40291 96466
58189 4060
93534 75167
33080 28421
48541 26020
3854 38215
45292 94122
60915 71298
97839 10631
68400 43281
54706 5504
77549 45957
47690 88376
85252 62370
9669 60744
56176 11819
94605 97033
77860 36829
53683 78789
69281 18363
22839 90932
42000 36806
65055 73755
46482 54158
62222 8090
20734 26264
40175 34983
24638 99
13047 11435
34887 80603
4060 61162
28052 80603
7124 46323
58295 76995
42894 58368
57745 25393
99475 90558
31312 31487
33089 6476
80632 11745
4836 5981
5789 40833
38215 52729
39615 77165
52807 68400
64583 26188
80716 46341
54855 28601
56166 78975
78892 44084
17063 60043
53199 83704
37474 88295
94418 395
75171 63826
76698 2978
59498 15617
57782 52729
11691 96539
64515 47961
71014 22420
31487 80662
30592 32185
32994 32840
57357 59066
13703 71799
50928 17488
8890 10631
63023 28174
85485 99120
52568 47599
30799 79221
5981 91075
82724 71692
96857 13827
73800 22787
10665 19119
20940 12701
68638 33089
40510 10665
84024 28421
3632 55717
87697 41585
43398 57559
10056 96466
7627 97533
95955 60915
3854 37228
9535 43067
7695 76229
5637 40291
35515 8
30592 74201
46684 11229
92880 40784
44015 5789
395 28077
99 73192
42000 17717
87577 79496
34131 57587
95584 69837
33170 96177
28490 63698
35100 59543
31291 58179
3854 66056
8602 52040
98027 46254
79221 61597
2965 76316
96557 68627
80348 99362
31312 78270
16464 63799
55752 73049
71550 61566
51872 66817
76160 60455
45815 68267
75920 86631
56520 32185
60493 92061
78773 64689
39480 22953
76761 46341
21461 90040
57587 9476
13596 11844
93032 76229
21821 57745
1229 11844
25661 56192
66380 89846
32445 93445
57587 59340
76229 80716
28174 22787
40461 65254
2978 70636
28917 86852
395 81852
76160 65667
46764 38452
57587 46323
64583 13047
77768 69281
35100 88702
28490 24125
55072 48541
41072 65286
51238 47229
12793 26425
6245 87697
62370 12793
20940 31312
41043 97533
97736 99214
58681 15646
75717 66014
80406 52738
35564 47823
43067 71954
54910 47316
18832 89773
47823 2497
5549 337
55413 66417
52852 93032
95955 92265
43096 57817
87136 76933
77144 52852
11745 20644
99929 67632
51872 35252
62116 69133
44463 71758
55717 59066
39812 7335
13047 42997
97086 17063
77135 18434
31695 96348
43514 47561
80603 55752
74959 40275
62370 98533
28490 89890
52100 50618
11934 8890
8890 35700
23774 35564
32861 68821
79448 32216
48253 76850
27830 59786
94025 36478
96065 55900
73331 97736
16464 96790
72171 12284
37953 72466
69830 92265
55043 34887
88295 88275
59543 84058
14254 48541
99120 29595
91606 35298
67980 46341
43592 89638
59990 91375
5504 70663
33936 7085
58681 51664
73974 96109
12285 37408
3769 56650
28910 54196
94210 89846
5504 63698
84058 32840
38215 96115
27036 76933
11229 19884
47823 89465
52356 68267
40510 96557
47915 33170
32216 55072
52840 62370
30286 12727
85252 14085
8625 97213
23442 52356
76761 27176
95488 11527
48541 52807
60744 1874
27093 56176
4060 52852
97617 21328
54855 73899
61103 91906
51238 52010
89465 39557
27830 61597
14254 13596
91906 91606
9535 26777
88490 55983
6476 42991
52010 57016
18832 84361
82172 53683
25770 19456
13703 57745
35298 1503
62222 40294
94318 53922
69769 82656
7695 61531
87507 76160
49733 63826
64583 59258
96177 8890
30720 9952
52797 43592
94879 24638
95488 12539
33560 40654
95018 48513
22839 17537
67402 55620
52797 79448
59066 57694
78392 62208
82656 54910
3632 4836
63093 69298
2078 34224
2078 95955
27176 69260
58179 20727
2497 8
96583 99486
90040 73879
53340 15723
66915 27093
21461 46254
58486 73879
37228 73974
27810 67174
52797 43281
18946 46323
27093 87524
90621 75974
62370 95018
89046 8534
15367 6594
57454 66817
91516 69840
85252 42000
80662 15937
39480 52538
97824 18955
6245 23915
57497 60043
46069 57454
1572 32861
3406 37228
52538 39714
24269 51148
6986 95733
47561 37807
45957 1572
64689 8978
5513 20436
84024 21328
68533 88702
94397 57587
29337 68445
56183 37787
20825 74406
50180 28077
52738 61159
24909 76160
48472 1572
20256 12384
54196 91399
5789 12284
83639 4770
69281 86631
94879 52729
14254 49798
32665 57694
52834 28174
51148 87136
51793 96065
52040 18406
9140 64548
99929 74406
79448 15646
53104 95370
60455 75205
49588 1739
33089 37228
84215 40291
65667 30592
11646 88858
78270 34224
4770 37807
78892 57497
52840 49440
82656 52665
29939 18233
99486 77165
71954 58234
50967 57971
66965 27740
76698 29227
59119 82061
57454 13157
1874 90558
65254 23184
30592 30287
92820 71692
41674 11691
64319 63698
33170 24363
78274 51664
14965 17717
77144 644
52538 88858
37474 99929
53733 99926
24269 81804
40510 38215
94956 47316
40294 60550
51261 57758
32861 19884
75171 80431
75341 43286
35221 75526
88490 66380
40784 12285
68537 54158
93445 95955
80431 81746
93534 79448
64583 95163
45815 66673
27036 5447
23774 59258
5401 90763
61472 89292
51148 62208
5789 3854
26791 93520
64670 49588
24269 6986
88387 49121
80342 99416
61819 11355
5504 58168
18946 63728
96583 86055
62370 80406
13047 91667
57632 64183
95733 62208
74514 41585
22455 39714
89846 77356
3632 23537
91507 17749
96539 95273
13047 95855
87524 47599
89252 91507
32798 25400
91375 98476
93520 66817
1899 30592
62116 71014
53683 31507
68445 92880
92880 6594
15617 69604
2078 34131
91597 13596
66121 74514
3769 1739
6016 87577
43286 55900
84058 84771
11435 76850
28490 89638
62761 16858
67402 50967
38601 47910
55752 52738
13681 27176
42000 82008
13596 94418
64183 47961
82172 89846
71014 98750
11934 66814
52905 94418
92265 18406
56995 47561
57694 43286
89846 18400
20940 44092
6986 94418
81299 85797
81132 36829
9124 35100
46254 55752
24125 58270
80122 35252
11566 82837
62388 84024
75111 19884
28376 68664
58189 2406
73629 53733
64689 52016
29939 98647
74332 6594
37158 9124
33936 26425
23196 91075
25770 39615
62875 14769
84576 5637
68267 67980
73974 26777
55833 63728
46341 55796
54706 41674
5637 81852
60455 35866
6975 4853
25653 89846
26020 22032
27740 81852
3632 36478
19119 96539
15723 52905
9849 10083
39171 82837
24370 56861
87615 26264
30729 77768
61162 29694
11978 53104
13827 90763
35252 94318
52568 11844
68026 82606
17488 47304
13596 57794
79093 63728
88275 11355
73126 7335
99561 13613
38798 84771
86095 56861
13596 61800
59119 74138
67482 30286
48395 76698
47002 41674
71014 90087
25653 66014
99541 8890
71893 61531
55171 80188
73899 62370
62116 46323
9669 91375
48619 94504
62875 90217
71987 91375
48541 38215
30011 86824
22420 54196
97736 8390
28421 7466
66915 77415
76698 95855
28917 97033
78789 10056
72171 57497
77144 10933
90040 94504
52040 43398
69281 91075
66417 77131
66915 60260
12793 10056
11460 4196
74201 77406
28601 5789
23915 22455
51066 96583
38798 74138
11435 41585
46762 57782
5789 43398
95273 32798
95488 59122
79235 12277
92049 37474
40426 73331
26188 27176
32216 73049
92025 3769
36349 45205
82488 81075
59786 66817
66915 14965
22794 58681
75920 73605
74138 38807
52852 7466
34224 51793
82349 20534
49121 56861
53547 71954
24269 42989
70199 59502
90932 20256
14085 83639
94210 84024
35564 90134
67317 27226
53819 5549
58189 49403
75526 62116
85146 88472
71550 88300
97033 2078
37363 829
92880 64670
11460 73974
61597 5401
49696 17226
1132 53572
7085 34983
24130 78270
14965 1503
13897 31507
5789 21461
75171 62388
1739 11460
59122 18590
85252 26188
79448 35866
18596 34983
87697 50967
99327 66380
63799 90262
95733 5549
92025 58168
84771 6594
72171 18912
57817 94418
86667 72760
17537 16262
20734 92310
14254 23915
91407 5513
96452 82279
62208 81804
47316 43514
52062 63978
5504 74514
45503 37408
45205 84526
66965 81132
40294 70966
11378 67576
59502 71315
20534 35700
55043 77415
16472 85252
65286 74406
4836 88858
52547 75526
644 71758
88702 20734
27190 2836
30251 68823
57782 67811
51066 34648
33089 44463
59258 92843
57587 75111
48912 44954
12411 55961
25303 34983
1959 89890
34947 64689
30729 68312
92049 97896
58368 95273
8975 17226
23915 11355
31312 79843
28018 88173
40426 77406
644 35700
40291 51112
48472 15723
6301 91516
91407 67811
72171 33936
10173 20422
90239 10083
62045 67632
20534 87136
11819 37474
9849 2406
45292 68616
33170 79922
4853 21282
1229 36829
63500 28174
88300 25653
78892 3632
49588 68616
73755 63978
81274 98647
15937 59122
27036 74000
16472 16262
99420 68638
47599 25303
40461 59786
95955 8534
45957 11943
70966 32216
50616 34131
67811 71903
49440 95979
68593 42989
20734 42817
55072 15937
22953 47915
89465 829
92025 98315
13596 33089
39684 47717
90635 78892
26791 72466
41234 8390
8325 86242
49403 14769
12701 77415
18832 88173
11229 64515
57745 18912
10083 64670
3925 85797
8390 33080
34224 23915
1609 28421
45292 34224
43592 63729
32150 16445
1739 30023
71021 94418
95043 7085
88376 96115
81452 35221
5549 40175
56821 38601
85306 27093
37043 88874
11460 99
40833 17537
88300 96539
11521 90262
42989 18946
22787 46764
62007 22722
38215 62370
57794 63023
34887 17226
95979 1572
79041 10665
14085 82061
85306 59122
20727 99214
90262 78270
55043 61162
87507 417
62388 92116
56650 89252
99362 39171
50573 71987
54910 94956
15545 96557
31695 96115
57497 2406
53819 4196
89504 88472
34224 83704
342 40175
19456 66814
95148 25711
6476 12432
85146 92084
38807 82656
79922 40426
31112 95018
91667 41674
11943 3632
53683 3769
32197 95955
44061 74138
78773 47690
91516 64183
59502 47690
33080 79843
41270 90635
15545 89773
98315 33560
10083 82349
49121 21961
90321 25711
61819 47823
40979 75111
81274 35700
80431 22794
20422 70483
9669 20940
27076 34224
27830 12277
92820 32208
99420 96348
77406 80431
12701 33170
52840 73192
80632 80406
5789 52010
54706 45503
59258 87524
84109 73515
17226 85541
30023 49733
43281 35252
63500 98750
58283 41234
61566 12701
80759 75341
54196 13157
1503 56821
57794 43281
47002 33089
56995 49440
69769 20436
62116 90558
76414 91684
44947 87028
99527 13157
15367 56995
99983 91597
46482 54607
3077 43398
56980 23774
61840 68638
12701 37953
20541 817
42991 12284
63799 95855
97736 37158
89465 89773
40029 56183
94504 68267
83633 58295
91507 84024
37228 33936
97824 55413
8978 87697
81462 11521
6016 39557
1959 62208
94418 75171
52010 63729
58179 71954
3769 97617
68537 20734
28421 49588
36478 19456
61531 28421
22044 40979
48395 92265
68445 86242
17063 92820
51821 37535
8162 29939
5504 78270
17226 97086
42817 80348
35298 1572
34947 85306
1132 57681
35354 73126
51876 24125
44463 9140
77549 50263
24130 74406
8890 77549
57712 87136
32308 77415
61597 9476
66136 66814
1229 3077
73331 10316
60915 10933
33089 57971
51112 79235
6245 77463
54607 49798
35564 417
87507 337
95043 33080
43803 42678
97690 21821
20734 337
71000 9733
50967 33089
5401 22044
8 82837
7085 95148
42894 63093
95584 19119
55752 86473
47316 69840
53457 342
4996 31825
54894 99416
9476 12539
91606 80603
63729 20727
84576 24269
8325 45815
54436 33936
28077 52905
55796 18363
71692 57745
40448 90321
32861 33560
97213 56648
86631 77356
97690 56648
78892 90087
41234 63799
39557 74959
89773 82724
89638 40716
7124 44463
20541 37535
2965 4196
18590 75187
87524 82008
35252 26425
12411 90558
81462 88300
73515 53572
73126 51112
47561 69830
85857 21282
89890 3854
81883 58179
77415 53683
57712 57971
44103 18353
90271 91516
42106 20734
37474 52568
9669 15937
13827 52040
79496 71987
35298 48395
14965 13703
5504 52016
7627 1900
27810 25770
79221 43096
39557 34887
59614 73605
10665 24269
87524 39557
89773 2406
63093 64689
52100 57794
75187 24909
47690 13047
71987 86095
44084 56995
37031 95955
3752 84024
84570 18353
36349 45503
77768 5447
15937 14085
50180 78773
65254 99500
44061 12793
87577 42894
40506 99120
46323 30011
68593 84772
82061 74332
71298 923
92265 17537
12508 35564
40426 58179
18596 97839
27176 46254
4770 27176
94210 34648
34947 13827
74135 99416
28376 54910
89504 41072
47561 34648
32861 57841
97086 89846
88490 61597
68312 83639
30287 40784
25109 16445
93520 96857
58234 63500
44015 85541
11272 69281
91579 24638
5637 56176
32150 13681
40784 57817
54173 37228
22044 52010
12375 37807
65055 26417
40716 82488
44954 24363
32308 15414
81617 69830
26425 50263
63023 43152
11943 53457
18353 2497
52356 74332
91516 42986
5003 49588
33560 32445
89292 73172
11819 87507
13047 39171
85541 80406
98476 76350
47910 73974
55620 43281
52729 8
15646 6245
99475 22420
18832 35866
27403 55413
44729 72466
56183 48472
25661 47717
22787 95163
3382 62045
66915 13897
14769 99420
11435 62045
53199 71021
26417 52852
84024 88387
46069 34648
12384 94949
37787 67174
98533 98750
70199 16858
26791 417
91075 63421
57971 56648
81299 83639
41752 16445
5549 2396
37228 52807
13827 90262
56980 17749
99362 43600
77356 2078
81403 45503
27403 67576
40461 74942
52852 54855
86824 77131
52062 3925
7466 55043
25109 96348
27226 8325
85388 77415
11460 34887
26425 95163
50573 38452
24130 77406
77463 9669
28018 34947
86242 69604
11521 73800
71692 5637
66136 9476
6986 6594
99 10933
99327 14769
71758 53043
61819 84526
47961 99926
42106 4196
78892 94397
59498 18363
33089 6476
50618 77190
99362 32798
44084 52905
26189 95148
57841 52100
84898 28362
69769 83976
50967 74942
10631 60260
65391 34887
53457 21821
20644 3544
5981 70636
90558 43514
95279 89638
87577 85857
61597 46323
20422 54910
91684 1572
97690 4996
95370 47599
52538 73135
81804 25653
73755 89252
73135 28910
82070 53922
53340 47304
87524 95148
3632 77190
12284 43803
6245 18590
77415 76316
3769 52100
90271 66814
74138 24269
96177 37158
59502 68267
42986 85797
95855 82172
5913 27190
11844 17063
47690 35332
43281 9733
1229 90262
39615 99926
89046 57711
40679 36806
28917 80137
51876 81883
1874 40506
16472 49440
48541 40275
91667 71758
71974 75920
2836 52016
14085 13613
89890 18955
33170 54910
61159 3752
94318 47304
29595 54910
18406 11943
27687 44092
61819 89638
57841 71758
24638 84576
73172 32197
64548 87577
78892 2396
76414 40506
95488 82656
37043 10960
94418 80603
432 74942
35354 75187
26417 89465
36349 13613
42094 91399
75167 80431
6245 99929
14965 47316
80291 5003
61800 78789
60043 11844
57712 42094
2978 24979
11844 27076
88702 44463
51120 91597
83212 80759
89046 74959
64670 32798
63826 80122
54855 91579
48472 48541
43803 54436
67980 94504
9124 70636
8602 71954
62370 18363
63729 22455
58739 20256
85797 32665
51066 10173
1899 10665
27076 23442
39557 94605
89846 76698
79922 81274
20727 64583
20422 52040
35866 96539
17063 35221
96790 84058
68445 62208
46140 44431
1900 47910
71000 45292
44954 32756
10215 69281
31695 82172
12488 45957
85252 98027
30729 80431
29227 83639
59066 29227
65391 87524
12429 43514
39812 43600
47304 25711
17749 96583
27740 99500
10960 5401
48513 31825
53922 82349
76160 40175
81852 61162
61840 84570
17749 32445
51872 79496
68312 10960
90932 97824
46482 18832
53819 99475
73879 97617
76414 55171
55900 31291
50618 16464
11355 32123
71987 51120
18434 51793
8602 94397
91606 76995
47002 8975
47961 25393
66014 64548
9733 32208
71000 71954
74959 40175
80406 20940
26020 23537
37474 11460
22336 11378
53733 71893
46069 11943
71550 89292
10215 53683
11229 40029
57745 20534
13596 87045
37363 5789
38597 51664
9476 44954
13703 91516
28174 24909
84898 27226
10960 1899
27830 34648
88295 57497
74000 44729
37031 52062
13613 26791
97690 3769
3769 76316
2406 75187
99500 1132
1874 85146
47823 32197
27496 30799
7466 1503
30251 12284
90271 31312
88702 20644
11646 51148
32445 64689
21961 8162
15367 8325
94318 90134
18766 7335
51821 84215
63729 91606
51112 7124
32798 54607
30286 79729
52665 79922
44084 85388
67402 99527
5513 39480
77463 89595
68400 77356
25303 21718
78392 68537
51664 34887
11566 20727
45292 61531
85146 52016
32979 33080
20541 88858
57971 40029
10015 84898
76160 56995
88173 11272
68533 88387
45503 37807
29694 88295
91399 42894
86667 3077
4060 62761
63799 66056
53572 90271
91407 4196
12411 42167
1874 13681
63093 97896
4060 75111
38807 8534
80662 38452
54436 77415
99120 11566
96109 84058
40294 9733
8162 1229
90217 60557
21461 26020
47961 63729
18406 43152
95279 35866
85306 31695
37363 52738
82729 52807
21461 80348
91399 80759
8090 7466
19456 52840
4836 48395
28018 58270
36309 2078
78270 13681
36478 30729
36050 11745
84024 12727
89453 32979
51112 37807
20256 34648
88387 47316
32197 9535
44103 87524
77135 52016
3925 83639
20256 69298
5401 84024
40175 87507
87577 37043
46684 46254
57357 76850
98476 42094
35221 94418
87507 89167
61819 85797
18596 417
81617 51876
65391 68312
20174 79729
5549 36806
8975 97033
68267 74514
6820 44954
57632 77463
56861 29227
28910 20422
32840 99926
57221 11435
13613 44729
30011 95370
22839 48707
39615 31507
54499 23442
43096 70636
91906 64689
99486 43152
76850 57357
38807 70199
11943 17537
9952 97165
19119 92880
84109 49733
28490 78789
30729 72466
13827 3925
34887 55752
36829 82488
50928 57632
11378 74135
52040 25400
94709 12285
42997 67980
81462 76160
12384 1572
81804 87524
91906 64583
28174 77190
90308 88702
59786 69281
85541 52738
32840 6016
71000 4770
56176 85252
32756 96583
28362 20422
57782 38452
21961 88300
54436 89595
43803 46482
3406 40175
6301 42094
27830 60260
42678 92310
18832 44061
37643 53199
60043 61162
20371 51120
36349 1572
79235 76350
12429 44015
90321 81075
31825 87507
54855 34131
18363 337
95018 53547
52834 85252
35252 95273
41270 32979
86384 36829
80662 41585
35564 12429
27496 96466
60550 8625
58189 65055
40716 19884
95584 4060
76160 72171
61800 53922
5513 94318
11943 43514
82008 27093
81746 46140
40784 91075
11978 81617
82070 71021
7335 30251
90558 56995
18946 66715
43398 64548
96539 77165
77165 94879
20734 82061
95370 18434
11745 94397
29694 51765
85797 59543
6820 9268
5504 94709
32665 6594
98476 33170
63421 82724
44431 4836
58486 60342
95584 75187
81274 51876
32994 64548
18596 82837
52100 11934
58283 66380
8978 65391
58486 56980
64515 29595
11819 94418
61159 3382
19119 37228
20541 26020
10056 87697
57758 90040
60915 52840
66121 20541
78392 82008
15617 71014
95043 15617
66965 23442
13047 10960
94605 51112
60915 88295
5789 17537
13613 17226
16445 86095
89292 83976
39714 43152
55171 79496
84361 24370
6016 51120
84361 45503
77165 28910
44103 89252
11943 52538
53043 61597
69840 96177
42000 19456
55816 28601
67317 99420
51664 20541
68026 2396
26417 1572
36309 47690
8534 91667
55900 87028
51112 90271
91906 89638
82008 25393
41270 57817
35332 29595
68664 6301
5637 48541
9952 86852
41234 25109
57497 13613
74332 9733
4060 82488
28362 50616
3406 48472
36050 90321
20734 55752
6245 57971
66814 57632
21461 43286
32208 68823
8162 80188
9140 96857
10015 6016
24130 22722
59502 1874
77768 52797
60639 77434
94122 83639
22839 5913
38601 57711
8162 93032
34947 32216
57971 24125
12429 64319
30011 76850
63978 82488
32216 89846
24130 36806
21961 84772
53683 70663
32216 19456
59498 49696
55796 20174
1572 3632
65254 44015
67680 62370
77135 24979
30799 27093
91867 47690
88472 30023
90040 77144
55833 32308
47915 46323
21392 27190
63729 41979
51112 82729
98533 71298
77190 91867
81452 68400
8975 95584
51876 52905
67980 5789
40510 60557
27403 64583
75920 33936
52852 52062
98533 87615
61159 25653
69281 65055
62045 46684
79235 38215
76414 74942
99527 2965
55900 829
29595 49403
73605 77165
95043 28376
82349 44954
39615 42817
61819 47961
70636 55796
9849 99214
2978 99983
91399 55816
51120 8890
92880 32123
96177 24909
53922 74332
51664 17749
87697 15646
89167 54894
97896 8162
55833 4853
57758 27158
98647 57681
75920 68267
74332 51876
76316 41585
30720 95273
99120 22920
61159 8602
73192 76316
92025 30023
65667 68533
28018 86631
37474 25109
96065 24363
63500 70199
22787 63541
32185 91684
94122 68664
42167 69769
33080 36806
11355 57971
57587 97165
57758 82172
32979 52568
38597 22722
67402 20727
27687 27830
1899 41270
68400 37474
99561 59990
18406 52807
32840 50180
14965 40510
47823 9849
58681 97839
99926 86055
66121 37535
13047 27158
18946 68445
63698 42094
342 55816
77768 37807
57793 13157
85485 24125
48454 66673
64583 61159
42894 18406
90134 43096
77406 32665
34648 74138
36478 58295
24638 65055
87764 97213
55752 37953
71692 87767
64583 84215
22794 89046
68445 53733
35700 63500
64670 89252
97086 84576
23442 40426
5549 57221
18353 78270
44947 69840
79448 68823
68821 99541
73974 95955
29595 40510
10083 91375
64583 40426
18363 85857
45292 30286
62208 45503
30799 12375
84570 74000
52356 67680
18363 73331
10960 70483
69298 83976
41043 90932
94397 53104
32445 40506
57497 84361
19456 9268
79448 86055
16464 24125
1739 97033
80662 64670
12539 73605
5789 25770
80188 59498
13897 80188
74000 66056
71954 56183
69830 28376
90321 37043
3632 29939
79496 65391
85388 79922
89846 21392
1229 68445
73331 90932
16464 63729
17063 54173
82070 85797
58681 26020
26188 8890
95733 53572
57994 53683
51261 89595
99327 82729
69298 22839
59340 56183
48541 53819
69298 25303
6476 71974
23537 21392
81617 38452
35100 32979
27830 52807
43600 89046
96466 22044
92880 18363
76933 43152
88295 28052
27093 40175
98750 62208
89046 20256
81883 84024
95018 56980
82061 23442
61566 66417
43152 10015
85485 74000
54645 36806
83704 99541
89465 71799
20256 50180
18590 73605
94418 342
69830 49455
25400 49455
55752 55833
77190 39557
81462 26417
26425 10215
71799 79041
89846 27036
1503 11527
21718 82837
60744 59258
25303 49440
83639 50928
35100 32994
9952 73629
80759 35354
90040 74942
63729 24363
96857 24130
41752 73135
3752 32861
25770 75974
20734 62761
6975 74135
86095 20940
36349 55796
31507 20534
52807 42817
67680 63729
30799 86384
77463 99214
90932 20371
35221 56749
6986 68664
33089 13157
54158 88173
52016 32308
57221 37953
6975 70636
91579 51664
80759 49696
15367 90239
18353 40175
68638 40175
82279 88472
80431 52905
68823 40426
77131 9535
57632 38597
92116 923
73800 75920
64807 6594
23915 2396
47910 90321
79093 64548
70199 5789
39714 67317
23915 59258
64515 923
92310 94210
97617 99929
30023 69133
75920 10631
5513 14254
52840 73974
11355 68445
20534 88702
69260 90635
87697 33080
25109 51664
12285 75526
81132 46254
28077 15414
87615 48943
89504 49733
95855 35298
11566 27830
20534 13613
9669 53572
76995 84576
92265 23537
89252 74332
40461 75717
42894 63799
4836 90239
9952 20727
13681 76761
2406 28910
11745 53457
81746 98027
11646 22920
89453 59614
70636 4770
28910 56520
28362 42991
9124 58368
49121 36349
9476 16262
98027 54706
6245 94879
34947 14769
8090 42986
11943 17537
22455 58739
6594 57758
30287 80716
98647 95955
73800 10056
47316 92880
31291 11691
52100 43096
73515 87479
94605 60550
41043 77406
96857 21392
26020 85541
56650 91375
74138 54158
31112 77549
27093 86852
90271 90635
86477 91906
57782 79093
8325 49121
54158 22722
43600 31487
84058 33089
42986 18832
65254 27076
61597 56192
44092 67402
49440 35252
94025 76350
98027 27036
99420 21282
8890 81852
95855 12576
58486 61103
94879 25400
90621 76761
52062 52547
8978 90308
26425 58234
52738 71315
52062 24370
52062 73800
91906 56648
61159 16464
33560 46762
53922 78975
73629 7946
53683 61800
74201 80122
74959 95712
50180 24979
24370 28052
18406 27226
68638 6975
90239 40979
19884 40506
5913 56176
88275 62916
90321 48619
60455 67576
68593 52062
9952 10933
90932 92265
28052 82656
3077 9733
52738 57694
73800 96452
97690 55961
55620 12701
30720 88472
84215 84576
54158 42894
70889 22953
85306 46323
12284 7695
42986 90635
86824 2406
77434 75167
57454 37535
91375 42817
96115 18406
74406 60557
70483 82488
94210 23552
30729 55816
43600 96115
57758 2978
32197 22420
59543 80342
94397 37363
66814 84772
81075 11934
46254 69830
67632 99983
56192 59122
88874 40833
57994 68533
43398 52062
45503 71021
49696 47599
99362 62208
40979 92880
71987 54196
18596 35221
27190 9268
923 7695
14085 71987
58283 36050
26264 57221
44015 90321
7466 78975
95855 76160
923 2755
78049 53457
38597 32308
60915 88275
70636 59786
37953 33560
93534 58295
34983 52547
64548 68616
1959 63023
97736 45205
60557 61159
4853 82837
61103 12576
10933 5637
26791 15617
98647 12285
57971 94709
27036 78975
88275 68537
52665 13703
89252 55752
9268 35221
19884 63978
23774 65055
38597 12284
69281 86477
68627 82729
98750 57221
82724 56648
82606 91667
48943 9140
22787 52738
95163 59786
11819 395
47316 38452
89846 55043
66014 95584
17063 83639
66817 92084
44015 18353
395 77135
60639 90040
35298 20422
60744 78773
57745 27496
49798 67955
83976 90040
80188 34648
74135 27076
92820 55752
80716 42989
48513 27158
86242 97617
32216 44015
80431 42986
74959 16858
78892 20174
90217 22953
87507 54499
52738 64183
90763 62045
18596 57587
77144 78274
50263 51112
68267 46254
64183 20825
88376 67402
817 95955
92820 21282
80122 44463
11724 57782
54607 91597
67811 18596
69837 84058
62388 46254
18946 54499
68312 77144
2497 50928
46764 71692
39812 15937
68400 88275
72466 43096
96857 40294
82837 60639
97690 92116
47961 88858
71000 53572
26189 50180
31695 68026
15646 84570
78789 6986
16858 45205
62007 5637
51112 51261
75187 82172
23774 77860
21461 38601
50928 40275
89292 6975
9849 1229
68627 87479
52729 34983
57016 23442
71974 3769
62761 64515
20727 38798
88858 76350
61159 70889
77463 47823
78773 11978
12576 96557
89638 8978
1229 91399
46482 8975
92843 2836
15937 18363
80406 8090
94025 53340
97896 57632
68664 27740
27496 22032
52840 97617
61159 27176
8625 21718
61566 63023
47229 7627
73605 98476
15723 33170
644 3406
73879 68400
88874 82488
73879 95018
75187 79922
23552 94605
32798 3752
27158 27496
22455 80662
18363 80291
47690 55752
42167 67632
9600 48912
7695 68445
66915 44463
68400 98533
76995 11272
58270 7124
39684 13681
51876 89595
48541 32994
27093 54158
342 99929
96790 58283
39714 31112
95279 92084
84570 36806
55171 53922
20534 87615
45205 84771
66715 53733
52356 46254
17749 8
57994 62875
5401 90763
28421 27740
3854 18955
93445 3925
12508 80122
10665 84898
77165 8975
70636 29939
19884 80406
84772 87767
87764 35100
15545 92061
73899 31695
53340 54607
79235 94879
45815 44947
42986 342
59122 25661
96452 61159
98315 62208
47229 75341
2965 28421
90932 644
38215 4060
817 37408
16858 50616
91507 62388
16445 35515
32979 95148
86055 99214
50967 88472
68312 60455
94397 48943
70483 74201
90040 33936
81746 89292
37787 66121
43803 32197
12284 53733
6820 55900
9124 57782
48619 99475
81075 66814
62222 91667
12432 23915
77135 36806
90932 26425
58295 60493
49121 92049
4770 56648
84898 34983
53457 28362
94210 58283
65286 82172
10083 42986
87697 80603
18406 99416
48541 20256
19119 48912
27176 62761
21461 94210
43514 55961
66965 80662
91407 49440
68533 44061
20256 52840
76761 90271
92820 94709
47717 25393
42991 27176
55072 37474
60493 17063
56176 84215
63093 32861
15414 57817
59066 55043
89292 68445
76933 42167
18400 25400
64583 9669
59614 28052
95370 51148
97213 37474
43152 40448
59122 60493
11691 62388
66380 41585
53733 6016
95855 83976
90932 26777
9952 24130
43803 11460
69260 22044
97617 44103
60455 30011
51066 68533
41072 62370
54158 40716
88376 47002
75111 324
46069 70636
36309 97896
22920 98315
34983 10933
28362 22722
66915 75205
41585 67402
21821 57712
39684 52834
61103 48454
82488 88275
97690 89167
54196 83212
76414 25895
42894 74135
11745 10316
68616 41585
22794 24130
4996 21961
82349 9600
53572 55796
3925 28052
50967 76160
19119 66965
64515 55752
2497 62761
27158 8390
57632 75341
47717 20825
44954 62916
99527 35252
54158 15414
61103 52797
65286 2836
90217 28362
48472 33936
22794 11566
84771 30286
75526 69260
76316 46140
98750 93534
38807 41043
78773 11460
52852 6245
79041 52568
80662 81075
98476 3544
57694 17537
20644 50263
55072 84215
14254 80348
35100 76850
37535 98750
56648 77165
57559 78892
30011 42106
88472 50263
88275 56749
6476 82837
73126 34983
84109 95148
84772 18832
34887 51793
12727 28601
89465 54173
42894 52834
76698 96557
17488 44103
8625 10173
12576 60744
14085 51793
95163 43286
41234 6016
5401 88387
21328 25109
73629 90239
57712 74959
97033 63093
17488 91684
55043 7946
45815 22920
63500 31507
26264 67317
9476 71799
29337 43398
14965 52100
17226 38215
5789 93445
34983 22787
51148 99362
32308 48541
24363 52040
75171 54607
56821 97086
95979 86477
32308 31487
92061 64689
84109 82606
57454 19456
27158 54173
62761 76761
40294 94605
35515 13827
68664 72466
87479 68627
27176 88490
94879 22839
62875 3382
99486 37408
90621 46764
74959 74201
90763 46764
11378 2396
67174 22953
12793 89504
50180 56648
44954 22920
41674 36618
28601 64515
60342 89167
44431 58189
65286 30251
41270 56980
39812 71987
28174 35298
99929 57587
23196 48472
28421 95855
80342 88472
12277 5513
13827 35100
20825 32979
63500 28917
74201 30011
27190 55620
94418 417
27687 52834
68823 87615
77131 51664
92843 21392
57454 22953
27036 35332
75341 35252
77190 40654
80431 99
51876 89846
48253 56520
58681 85857
17063 38807
54894 37228
7124 46323
51261 35515
89292 87615
21961 40506
14769 60557
66965 30729
9124 2755
28174 7946
15414 31112
83633 22722
90621 52797
56183 15937
14254 64515
30799 82724
61597 62761
67576 11229
96466 49588
9849 20541
44947 98315
76160 52665
8090 17717
90217 82279
96466 94956
40654 39557
97839 60744
11378 97839
55752 22032
53819 77144
67980 32150
70889 56648
86667 80137
71315 84361
39557 99475
73899 58368
44431 71692
87577 24909
12277 55717
24909 923
68267 73192
77190 23537
25711 38807
25653 96557
55961 24370
18766 20174
11460 57711
42991 95584
77768 59786
37228 9535
60915 53340
43514 61103
52852 86384
42094 61162
87507 17537
35332 96177
86824 50967
52538 20534
76933 38597
90087 22787
76414 82724
84772 82172
78975 13681
78975 71758
92049 73879
48707 62007
25895 27810
40979 25770
68267 51238
3769 86384
80603 88874
60260 37535
74514 11527
56995 54645
53572 99
94504 63093
4836 26020
47915 99527
99486 15646
66915 75171
87764 1503
58681 6820
11378 34131
82656 15414
18363 98315
80291 51821
8090 5981
99527 10631
73755 20436
7124 18596
76414 42997
88387 44954
93032 52356
47599 54173
14769 79496
30023 80406
96109 16858
75920 22032
94956 84024
48541 7466
53572 14769
53199 40448
72760 63541
95488 23552
18406 85252
40510 4853
22787 7627
73605 51261
95712 23184
59119 21718
23196 39812
74000 99929
16059 42989
324 92049
1132 13613
79041 43281
23552 71903
85146 17717
97824 25895
32197 99416
42106 66814
56183 18363
95979 73049
23196 81274
79221 35332
61531 11646
88490 66915
7124 96177
8 28601
45503 52797
99120 417
15617 99362
13827 17063
73135 7627
7627 87767
62916 56861
99420 12701
41234 817
52665 77463
99362 46341
80348 39171
89453 16445
1503 52807
78049 92265
75187 80342
84109 74406
82172 99541
85541 76933
9849 9124
99926 58270
84215 44729
1572 6476
23552 89638
90271 47690
9268 62388
60043 52905
23196 59258
9535 95370
19456 56166
52568 81452
48943 65667
89846 47304
34947 56166
80759 36349
57559 34131
6594 21961
63799 8975
12411 77406
32185 28174
35100 51066
7124 15545
25770 44061
30287 56176
38601 17717
26425 30287
50263 91507
81403 40716
25661 41270
53104 82724
57559 79448
86384 87764
66121 54607
66715 68400
52807 432
7085 72760
84570 5637
39557 31825
55620 47304
97533 96466
55072 97213
52538 76350
53922 58283
97165 68533
88858 6975
54607 12701
3769 58283
60639 55833
94210 11978
58168 70663
43286 47717
56166 2396
6975 73629
87767 2965
18353 71954
58681 75920
97165 21266
90134 18946
71298 65391
60342 95488
6594 31291
55900 57681
54706 29337
61840 5447
77406 81852
44431 1899
68026 89292
27190 27226
7335 4196
69769 98027
7695 35332
50573 68593
45205 71000
38215 59066
75717 52040
39171 24638
32861 57971
69830 89504
2755 18766
75205 96115
34983 10631
34947 22455
94879 99420
56650 43286
69133 28174
84526 59258
89292 25661
78270 76316
76160 53922
52538 90271
55043 66814
80632 33560
13827 63729
18766 53733
73605 58295
57632 57712
10056 34224
49440 3077
32665 14769
68533 9140
92116 24130
27496 42817
1503 1900
10056 18363
96857 5504
3632 36309
25661 59498
83212 1229
82724 64689
12384 80632
2497 24269
56176 97839
91407 97824
1899 52852
60550 54607
11934 7946
74138 35252
68026 47561
55833 57681
87767 44061
37408 40291
35100 83474
84576 10056
84024 6016
12277 7466
66056 3406
61819 28917
23442 7085
54158 99416
91579 36050
59990 92265
95163 1874
56648 71550
8 92061
68533 31291
99541 49440
41674 56192
67632 48707
28077 32308
10215 40175
28490 43398
26777 7335
15414 71298
27036 54607
89252 14254
42894 40426
77135 41979
80291 34224
21461 54910
74332 51261
37953 28910
83474 37408
80342 51765
92061 4836
51148 59119
61597 10316
9952 94418
21961 30720
88300 82061
37363 99541
42678 82724
32994 9535
9669 88376
16059 12429
69604 27810
68533 63500
42167 21266
40461 48619
46684 22794
12375 10083
12384 7627
39171 31825
71315 95273
28910 84576
60915 95712
57817 82606
8162 55413
53572 69604
56995 44084
92061 57497
81617 80122
65391 337
9476 73974
88874 89638
2406 49455
47823 10083
80759 63023
48912 27496
27158 50180
8 89773
40461 37363
5513 96115
16059 76995
30251 11943
42106 55900
91375 65667
28174 11521
46764 47717
37158 99561
87764 10083
99327 82061
56520 97839
2497 91597
90621 99983
57454 30011
45503 79922
11844 92310
37787 89890
52797 25711
20174 27093
44061 26777
58189 64319
32798 17749
54706 57559
71000 98533
71014 81075
97839 6594
32445 94397
84361 81299
33170 16445
66121 62388
95273 41270
9140 48472
65055 68026
6016 28421
44463 66965
76160 32123
72760 38215
89167 95279
97086 98027
90040 22794
12429 87045
6594 12277
40979 44431
71692 61566
76160 57782
94122 46254
12411 62007
32798 73974
31112 6975
11844 2836
41979 53922
63421 7124
12539 77135
87028 10056
50967 51148
95043 18406
90635 82279
85857 89846
84570 817
3769 49403
95733 76160
59990 32665
73515 19119
84576 77131
8390 1132
34983 60493
41234 29694
20644 91407
99500 53922
96790 12727
51261 49696
76933 54706
92820 31507
26020 44103
96177 10015
48395 3382
99120 96790
40029 79843
59786 88173
53457 4996
23405 91667
84771 36806
82008 43398
86242 95979
53733 25393
77406 12375
74000 66014
25109 18766
27176 26417
83639 97213
90308 74332
62875 77144
94210 81452
83633 55833
80431 91667
90621 87697
75717 10933
2078 49733
79729 58486
1572 23196
24979 53547
29595 11460
47002 45957
39480 44092
1609 42894
56176 97533
80759 41979
11460 56192
96177 88874
22336 87028
14085 49440
66814 69830
923 48943
43600 76229
9733 9669
53199 64319
50928 27093
44103 27740
36309 74135
15723 56166
71000 52538
64183 16445
30251 20256
82349 97033
8390 60744
87615 60915
75920 22336
18353 49455
32185 60550
97033 55816
42106 52538
61800 87764
35221 12793
57016 80291
87577 50263
96065 54706
78274 64515
77860 92049
99120 88275
11745 64583
86631 20644
8090 26264
46140 12539
57794 81132
63421 32798
43096 75205
21266 32197
51238 54645
44103 44061
28376 86055
77860 8978
44103 10933
12284 18406
90621 75974
64515 26264
55900 99327
98315 11745
57454 64583
61840 71692
40716 71000
51238 47910
70199 86631
28362 40979
59340 86473
72171 21328
14769 16464
74138 57745
91606 35866
37043 80348
63826 52797
13897 30729
63023 80342
55620 19456
94956 60787
92880 99475
59122 72171
20436 14254
57817 88490
59614 60639
96583 9849
21961 40448
40784 97824
61162 48943
9952 41270
33936 57221
27740 92820
93520 8890
66014 97617
90271 28917
43600 71987
73800 73629
40294 42094
30287 6986
32308 75341
47599 5401
8162 20256
13157 46140
1609 25653
71550 6986
44463 83639
21392 71014
49455 46341
90087 56861
92084 14254
89167 10015
59122 54436
49455 89453
89167 6476
2078 3769
1874 72171
37158 32994
10015 35252
92116 69298
73629 20940
90271 10015
90040 25770
77860 47823
82656 68664
44431 68821
18912 13157
61597 80137
1899 84898
59786 9669
61162 41674
18406 37953
75205 62761
28917 95279
41043 48943
92116 77768
48395 57793
17717 45815
57745 52100
1132 7335
56183 35298
61840 11460
55900 97086
66136 16262
81075 88874
25661 45292
95163 817
94949 53922
38452 20174
39684 99420
12384 76229
11978 829
17749 22420
11272 44954
21461 43096
99486 76316
53683 23184
45205 75167
41270 85146
48541 19119
49798 90262
62761 1959
44015 21328
54173 30251
83639 9140
52100 74138
68026 28362
49588 40461
73049 84109
25770 89465
8975 95279
67402 61840
57016 86667
58486 55900
40784 20825
89167 37953
26777 53733
87507 39615
21821 52738
77415 37031
5513 88858
98027 32216
28376 93032
78789 57632
61159 68537
13703 62388
10056 10316
82008 36829
57841 2396
35515 16445
41674 85485
1900 28077
80122 40294
1229 69298
18946 66121
70636 28376
75167 86824
51112 59990
37807 92025
47690 70199
10215 44092
83704 71550
50263 67680
68445 58368
52834 1229
12429 83639
52538 51148
41234 24370
86852 45292
22044 27036
63799 54607
74201 37363
66673 97736
40275 35221
33080 14965
84058 59119
11943 27036
63826 36478
32840 64670
50180 43600
6594 5913
10316 18434
13157 18434
99486 63541
85541 26417
3769 50616
32861 18363
31487 85252
56183 43152
70199 12793
67980 11844
89595 48541
39812 37043
59543 8
3406 8534
62388 11646
53572 63698
84771 40029
37228 22794
98476 99475
81452 89453
40679 86095
64548 76850
81299 95148
84576 91906
22032 71893
62222 22839
92116 56821
57817 4996
49455 22953
1132 85541
1739 73192
87615 99214
78274 49121
43600 71903
57711 98027
56749 18596
57712 30720
18912 37474
54158 73331
97824 66136
19884 9669
41043 46762
63978 49696
4797 19884
53043 52100
27036 30023
42000 89292
30011 95584
75526 44103
10215 91399
5504 90134
15937 395
96557 59066
85485 41234
81403 70483
2965 40679
28917 72466
57793 22455
38452 13006
52040 82724
57221 57694
97165 42894
73899 11229
77165 96065
26417 3406
59543 40426
22787 64670
13157 71000
817 42817
35100 63978
51872 84058
94709 66814
38807 21961
16858 3544
68664 81132
9476 86055
92820 17226
77165 28077
69260 38215
13703 87045
63421 43281
91906 50573
48619 77434
89890 98533
21266 82061
24269 49440
54706 70663
15646 57016
6820 40784
23552 37807
66056 87615
58168 55752
8325 12277
37158 7946
29227 63799
24370 54894
92820 14085
18946 36806
11844 69133
21266 31825
48395 97033
49455 48707
37787 16472
30592 44947
88472 56749
80406 9124
25303 32150
21282 35564
99475 32445
84526 77406
21392 18363
66014 74959
52807 55620
61531 95979
88874 22032
42678 18353
24909 90308
57711 75974
27810 62875
77549 64807
50967 99500
62045 7335
6975 46254
46684 48912
57817 18766
20541 97896
97165 82656
18766 62222
29939 82729
76316 88874
82279 35564
62208 70636
40426 62388
96539 8162
78274 95273
39171 57994
41072 59340
15723 57793
25109 61472
45292 46254
17488 27176
11819 42986
45957 99541
25711 8090
76160 60493
12539 37363
85252 71298
94956 417
20174 59498
5981 89595
16059 70483
22794 47304
97213 80603
1609 85252
52016 63541
11844 51120
27176 92820
40294 95148
56995 66817
64183 79093
3406 59498
53819 24269
86242 76933
58179 61800
40294 17717
48912 52010
22032 8325
55620 28490
28601 81746
47316 61840
12539 74959
18353 35221
11691 21461
24269 79843
92084 38798
92061 33089
13596 46254
20940 47304
41585 53340
43067 80632
14085 94418
20534 9952
95488 21328
73172 74514
84109 6476
94122 52738
89046 27403
81883 57454
93520 51872
44092 60455
94397 88858
68312 36829
66673 93520
74000 48395
58168 58189
56821 20371
12277 66121
337 76316
90087 53043
44084 34224
54894 70483
51148 14254
96065 73755
4836 49798
20256 32308
8602 34947
88275 32994
97617 16858
57758 35100
829 64807
51148 45957
44431 49588
94318 5401
58283 78274
40275 71014
36806 67174
69298 74201
37953 54894
34947 8890
69604 395
23552 58681
79922 45503
81883 90621
99983 84576
83633 86852
32216 32445
99929 77190
91867 67576
22455 25303
70199 56183
39714 11435
66814 9140
83976 71954
417 36829
77406 29337
58295 37228
99475 73126
47002 37043
55717 82172
36829 83474
82008 12411
55816 96348
71893 8
23537 62875
9124 86242
87767 57454
2078 35354
28490 11435
82061 54894
92049 48395
21821 90262
44061 13006
5637 48943
62370 96115
89773 18434
5789 5549
63729 92049
9952 7466
38597 26791
57632 63541
66715 5447
60639 81452
37474 7466
65254 64807
81883 47599
96348 90040
65254 83639
24130 62370
45815 63421
36309 43398
31825 31487
19884 57559
43514 11272
24130 80342
60493 83474
40275 1739
70663 77190
48707 55961
66121 61472
32197 32665
67174 42678
47002 5401
68616 43152
24370 49798
47599 94397
88472 1132
7946 99420
99983 10015
13827 67402
46323 36829
83704 26791
54910 80759
62208 71550
18233 11745
25303 11844
64670 32979
47229 82008
65254 94956
55961 90558
77356 16445
60455 56176
24979 97213
55717 33936
27176 79843
7335 96583
22953 23442
12375 67402
53104 81617
23915 73879
52568 20436
89465 4836
85797 26020
37643 2497
69769 50928
10631 97896
94879 4060
3382 32308
70636 16472
68616 62761
22032 27687
40979 53547
77356 13047
66673 88874
98027 70889
8534 89453
28052 78892
58368 1229
62875 68267
79843 70636
64515 3382
15545 90087
5549 20534
40175 63093
62007 7946
69133 55072
33170 66417
61162 59258
96539 61597
3544 57587
27496 67632
48943 52547
40275 29595
56650 99
22455 82724
24909 4853
58234 57817
58270 23442
57454 51261
71550 13613
2978 92843
95584 89638
63799 88173
88300 62116
98647 62388
94122 47961
52356 73605
28362 7946
73605 66380
22794 57971
95488 71799
4853 37953
76350 97033
32150 92116
98027 56520
58681 95043
45205 3854
2497 5549
15545 51148
44729 68616
5003 39480
27810 9535
40275 61162
12727 88275
85797 69133
60550 10215
80122 96539
9600 69560
46323 51112
20727 97617
99983 59614
94397 32994
89846 28174
49455 30251
48472 20727
68821 92310
1899 88173
52665 829
22794 54645
13827 76414
47717 20727
84898 32216
62222 91516
97033 57694
40510 96466
25770 57587
8890 47229
79729 20644
39171 38597
97165 46254
10960 4996
29694 20422
1132 87136
20644 432
48707 48454
85485 91516
21392 49798
82070 95979
68533 68445
84898 68627
16464 79235
22032 71799
80431 32208
32197 96466
97617 1132
96466 28376
54173 21282
31507 92310
8 7946
12411 90635
82061 58739
97736 22420
24269 88387
26777 9600
11646 64689
30011 52356
96557 74959
91507 54499
66965 91597
20174 8890
18363 95163
53683 40716
92820 44463
324 68616
95712 77860
52010 35252
41234 67980
19119 92843
84570 6594
98533 95148
43592 4060
60787 26188
46323 88300
644 50967
41979 92310
2965 2078
59122 2078
20534 82172
99929 11943
63728 25770
76995 86631
12284 96790
8390 53683
88490 24363
76933 32798
51876 11527
30287 89465
49440 66715
7695 11745
19119 35700
96115 18434
49121 26425
62222 71974
59340 45205
46254 8625
49440 57632
35298 61819
53819 7085
15617 76698
52905 58486
79843 40654
33089 86095
53733 81299
42989 21961
26264 88472
96557 51821
90239 69840
95979 30287
32798 94418
50967 23442
28917 417
52738 99486
92061 52852
56520 61159
2978 12411
48395 96115
41752 2965
57711 40029
30011 67576
41072 87577
16262 18596
28174 78392
60493 76995
58283 6245
60043 99926
81804 54706
58295 37408
18233 95043
78392 64548
54607 64548
58486 9849
62007 51261
25661 67482
37158 73331
61840 9268
35100 57497
49696 52738
82008 6986
56861 12701
51872 95163
31507 58486
20825 40291
55171 81299
25661 54436
36349 21821
12432 5913
7085 40461
90621 91375
24370 35564
96557 78274
34947 39812
81883 97533
82729 32861
324 97736
35100 52010
40679 432
22920 16858
42997 12727
68400 32208
21328 90621
86095 61840
67680 65286
3752 3854
81299 1874
57712 77356
56650 56648
57559 20256
32185 71903
44015 37031
85306 96348
91684 20174
79041 86473
32756 27830
74138 43592
68664 73192
62007 15937
10173 55900
32798 75974
21392 39557
75974 89252
38798 88295
14085 88490
57587 26777
53104 66965
80406 94709
39714 97839
55900 432
73629 31825
45292 40510
36478 63826
41752 34224
79235 35100
3544 15937
21961 97033
44061 63500
5513 81075
84772 99416
67482 58739
44729 97213
35100 78392
5981 5789
56192 46762
32185 56648
20422 70483
11527 81075
44103 57971
11272 7695
84526 87028
47229 23184
68638 26189
3544 77860
27036 89595
54173 34131
66380 47961
74942 72760
55752 52010
47823 68821
47823 92025
8975 27176
3769 68537
81462 65391
73755 81403
91579 66136
40175 60493
30799 94397
51112 68267
58283 86477
61162 10631
80632 46764
98647 47561
71000 77135
57221 31507
35332 7466
73899 3544
78789 95955
7946 78975
25661 8
61566 95018
9124 44103
44431 86384
60787 89453
43281 76761
51238 81403
35298 78274
55752 82070
91375 74942
51793 66136
18400 8602
9849 7124
49440 60744
52797 43803
24125 28917
89465 27190
67680 51120
89453 32665
32665 5003
75341 80188
40461 97033
29337 71298
90932 97736
18353 28421
70663 19119
11521 28421
29337 77406
27687 40461
54499 4853
54173 85306
52834 48395
52568 59122
64515 67632
51238 15937
96177 85146
50616 57454
15617 36618
88376 32665
26425 25895
92265 87697
53547 92116
6975 43803
81462 40510
32445 89595
18832 90635
72760 74959
43067 74514
40275 71000
52062 76995
94605 46069
82061 89504
16262 18434
58368 83976
38798 83474
53043 97033
47915 33170
4060 6975
57016 68664
60455 6301
11646 63421
27810 27076
80291 3544
69840 73172
99214 41043
11355 52100
94318 69830
12375 55752
20727 39615
13613 69604
28174 23442
92084 96115
57758 30799
7085 43096
10083 48513
18596 94709
14769 40448
84526 17063
97736 88275
17488 17537
20436 61159
52665 89167
47561 42000
32208 37474
9733 82008
66056 34947
43067 91375
64807 8975
79221 6986
54855 91407
27190 53457
9733 19456
73172 91579
9535 58234
61531 98027
37807 31507
74201 61819
43286 5401
73800 37043
4996 77768
3854 71758
60639 68400
89292 84772
59122 90932
46764 69260
57497 63500
31695 71550
96583 35332
74406 48253
87577 30729
6245 89453
37228 82070
97533 10083
64670 83633
27226 79729
87697 94709
73515 9952
72171 16445
97533 40291
85857 61840
61566 63421
66417 21961
23442 37535
74514 57681
44729 40291
50573 44092
90271 89773
5913 94956
39171 12508
68312 12384
73126 92049
14254 66056
53922 58168
25895 78274
5549 41585
77190 94397
11978 73515
12508 66715
18363 51793
74201 50180
37953 31507
23196 9535
99541 73049
48541 73192
69837 26020
55983 24130
64689 40461
80122 51066
37158 10215
55171 77144
5789 62388
18434 21461
40679 51261
63826 62761
87524 13047
417 22420
52840 79729
54894 79235
50618 67174
3382 95279
11934 57817
28174 54499
77434 30287
50180 97033
52356 39812
78274 44061
60639 20371
23196 50616
49121 98476
16059 84024
79448 57711
86477 45815
15723 60787
18590 92061
13596 67174
30729 97213
11934 69281
84526 97165
94504 76414
27190 40506
21392 62222
59119 28910
83212 24363
73974 88295
27740 69837
97736 65286
90134 94879
13157 30799
25661 31507
63093 19456
81403 22920
86824 12375
81452 30720
66915 14769
84772 89465
66014 48513
25661 70966
86055 3544
40291 64319
95584 2965
12277 36050
97213 47002
4770 50180
35298 46684
57745 21282
55171 89638
34131 66817
20734 24979
40461 78274
20371 89846
9849 3406
85857 80122
1572 56821
32840 62045
11378 73974
66965 51120
82349 91507
97824 86631
32197 10215
50618 50967
19119 55620
2396 80122
51821 15937
47717 50263
2396 16262
79041 29337
51821 39812
12432 81274
91407 95273
87524 86824
28376 54645
46140 20644
87524 33089
1132 43803
83633 94956
47910 81746
52538 64807
11691 25770
27810 40784
98027 7335
3406 15723
47823 60557
39812 49696
2965 86055
57497 7124
62045 90558
67576 17537
1739 49403
24363 51238
89773 32840
3077 56980
15723 98533
12576 70966
9124 38452
47304 27226
71903 84109
80759 59498
85252 86852
57587 88275
71692 32840
57221 88387
8325 63541
5981 62370
61800 66817
27810 2078
35564 46341
33170 75171
76995 79041
52834 78049
92310 87767
92880 56166
48619 77549
28018 46341
63729 28077
68638 5789
99416 69298
7085 47961
68593 84215
29227 24130
52547 67317
11521 71987
33560 71298
98533 76414
95163 85306
48472 69837
28421 10015
58234 46764
99983 77144
46684 35564
39171 61159
52100 3632
59498 17488
37228 3925
45815 30592
57454 20644
27093 79093
84771 62208
5637 13827
20940 57994
18353 32861
21328 42986
12375 83633
11978 77165
83474 77768
27036 94397
61159 18766
4836 77190
57681 59258
55072 46762
60043 24370
91407 15414
10631 67174
52665 13613
68533 47823
49588 13703
12508 64319
27190 432
43592 25109
61800 1229
22794 7946
45815 5447
66673 78773
55833 12432
18955 25303
59498 48454
96452 83633
36478 38798
37228 30011
81852 85306
25770 34947
68593 3925
66673 39480
27687 16262
28077 29939
63093 85252
92061 23184
59122 22420
48513 43286
82008 64583
35515 66136
644 41270
79221 94418
9952 65667
15723 10316
95273 95370
44092 90217
92310 79093
70199 10173
19456 55752
89890 77434
1572 23552
40654 15646
54910 41674
43281 53199
68533 17063
89890 55833
2978 15646
33936 51872
45292 59340
68400 52062
83639 57497
90040 36618
7335 77135
86384 84361
37953 99416
56192 90932
69260 53819
44947 50180
1132 817
75111 12384
11435 49121
35866 29227
66136 59119
94709 94397
18434 417
11934 92265
86477 17488
53683 22420
9669 39714
56861 81299
6820 5549
26777 51066
39812 38452
21282 5504
99214 42991
22794 11229
81462 52665
41043 55072
69840 40275
12384 42678
91579 69769
41043 59066
90763 80188
10056 68664
17063 77768
72171 86095
46069 92049
95148 41674
94709 13897
38601 55833
42678 68616
3077 53547
644 55983
91507 29337
46684 49455
26189 43152
14085 24363
96466 13006
66673 923
37363 11819
97086 66136
41234 57694
32840 13827
33080 77131
11691 12432
59543 8534
97896 92880
1503 71987
11844 55413
67402 84058
67632 7627
23196 89292
58168 72760
62370 41674
65055 11978
27830 84526
51112 2836
73974 97617
12701 34983
6476 89638
74959 62370
16464 69604
9733 79093
37474 39714
22953 94605
63023 38601
42991 81852
36806 82488
89595 35100
6301 40510
20541 73800
96539 60493
22787 23915
96466 78975
23774 64807
87767 16464
97033 3382
69840 77549
58739 96109
95712 36309
97213 55043
79843 61162
87577 37363
47961 60550
99500 60639
38798 61103
81746 10631
40679 57782
72171 36478
21328 71014
21266 57497
78975 12432
85541 68533
18766 59498
56520 98647
40448 3382
44947 36478
78274 56520
90308 42106
80188 63541
99486 29337
96065 67482
95018 56821
75341 48454
71987 18912
69281 64583
49440 96539
88702 17488
71315 75167
57782 15646
8625 52834
31507 80603
17537 73899
36618 35221
95733 98315
13006 49588
48943 2978
52852 92025
82061 66121
86631 81274
3925 25711
16059 86631
56650 87764
6476 98315
48912 13613
85306 62761
67955 30251
15723 36806
77434 21718
22794 87764
49403 78773
77190 53683
75526 9535
94318 63826
78392 32123
18912 99
95712 12539
82488 80632
94418 20422
28077 10083
19884 20644
12277 99541
99362 84771
88295 99327
99416 89465
22722 19456
31291 32197
69298 38807
73049 12539
1874 33170
41674 40175
52568 81852
73974 87136
1229 44092
31312 92820
432 51664
53733 45503
81132 6986
43281 51664
9535 88702
95733 3382
90262 37787
89504 47717
74201 52538
93520 23915
64548 40833
84024 12432
62045 58681
44954 53457
90262 64807
3382 26425
18233 63978
5447 40784
58189 85306
49440 57971
58739 40275
12488 90558
57711 89890
16858 10631
38452 432
11978 48253
11745 34131
23442 40679
8975 59502
74135 29337
78789 8325
55752 52852
57694 56166
27687 60550
88300 20734
35866 41234
21961 84109
19456 31291
38597 90558
28601 88702
46323 32197
78975 44431
21821 33560
18406 99561
78392 44431
90262 81462
20174 81883
20436 40506
11460 73974
17717 2497
92084 83212
78392 98750
32216 91597
86824 99214
60915 99416
55171 6016
57221 43152
21392 24370
65254 89846
68537 31291
99929 67576
33936 53733
95273 44103
88387 25109
99420 89595
99983 75717
56192 49798
47823 41043
31825 99327
45503 92820
16059 85306
97033 5513
46069 28362
63093 82008
52356 68533
51112 91684
67317 87028
10665 27687
22953 91399
43600 31825
73879 55796
27403 68638
91684 12375
70966 44084
81274 45503
38452 26020
90134 29227
90217 75205
18233 3077
6301 2078
41752 52905
62370 87507
15545 71315
337 55900
58234 22920
44061 35564
95370 68400
42997 16858
84898 39615
69837 54706
19884 59066
9733 46254
50618 5549
60550 90271
41043 56995
20644 59066
15545 5981
30023 68533
66814 22455
57971 11435
79235 38601
36618 66380
42167 89046
19456 54706
9124 18832
52547 82172
20534 87697
11521 39714
95733 36349
17226 33080
45292 26777
66673 92843
99 90217
95043 94956
28052 84109
99420 67576
30729 82724
94605 99561
78789 3752
26777 28917
89504 92310
25661 51765
10083 79448
71903 54910
67632 71987
92116 82837
82488 8090
35298 94318
432 55900
56520 74332
67402 74406
3752 30023
2965 80291
70966 56749
96790 40784
13613 45815
46323 73879
92265 69281
85797 71014
68267 25109
27093 88858
17226 70483
1229 22455
90040 58234
12701 23442
46254 7335
23774 36829
69281 43152
89890 89638
9952 23442
79093 77144
26791 2396
56183 54855
39714 71799
5504 58179
8090 28362
95855 33080
52538 11844
2978 24638
59340 87767
13613 71692
69837 11272
57817 32840
26188 1503
13006 94504
53922 54196
49455 59122
87615 58168
11745 1959
34887 43600
28018 21328
88490 46762
11521 79221
32798 62045
76316 58270
84058 95148
58283 41043
32979 29694
89773 56980
89890 13703
67980 28376
21821 95584
1609 37474
47002 1739
99527 42894
65254 52538
16464 47561
37363 33089
6476 16472
18946 50616
92116 32979
57016 91597
44084 27076
94210 59786
92084 31507
93534 644
54910 10056
94605 30287
68312 52062
61162 73974
95163 28174
8390 52356
46254 3406
98533 94397
83633 77190
52729 99120
76414 417
43600 49733
3406 5504
91684 31825
60550 42894
45205 35252
38807 5504
82008 8890
55961 61566
56520 62045
41979 40979
13681 88490
57497 20825
91516 22032
73192 97086
29227 91606
35515 54158
24125 46323
96115 29227
52729 77131
74514 96539
92880 75717
76316 27740
48472 99327
53572 30011
34648 40426
11724 30720
12576 59340
70636 95979
44954 7466
18434 81852
47690 57994
62916 69604
82606 14769
76316 16445
51120 96109
24909 42106
79496 52905
42000 24638
59258 17488
81075 85797
8975 57221
99 5981
11978 15414
32861 95979
18363 56192
22420 80662
32861 76698
92843 94504
85485 1229
64548 5981
52356 12411
39557 22336
68537 40029
86473 74332
31312 8890
81883 98750
26188 33080
67576 87136
64583 39684
26020 22794
18363 97213
50967 67980
28421 94122
76698 88472
3854 80291
23442 46762
1739 51664
58739 90621
94605 97690
39480 37807
94504 91597
55796 23184
93032 64689
41979 28362
82349 42094
43152 99120
58270 1959
5549 73879
31507 30799
60787 64807
17749 53104
17537 81299
91597 32445
20940 4996
68664 41979
71758 66965
24125 30720
53572 59122
82656 74000
33089 32840
55072 67680
72466 68537
70966 24909
80122 9535
35564 83633
20541 31507
3752 97824
31695 44431
32123 27093
92820 9535
77165 11355
69560 52100
55072 95043
56821 77463
7946 64583
5401 60744
27810 58486
58681 75526
1899 83976
51120 18353
59498 86477
47910 71021
79235 12429
71758 12411
50263 21821
22336 94709
77768 34648
80431 78274
40426 52010
14965 50928
30720 41979
395 16445
78789 11819
91867 44729
71298 31312
95955 58368
817 3854
13157 28376
56192 93534
75526 9669
90763 46341
59498 644
14965 28601
81462 62916
22420 8625
63728 94956
81452 95163
41979 13006
5513 21461
94318 49588
26189 95584
9268 74201
80348 76229
49440 87507
99983 73515
90321 40294
84109 10173
88702 32665
43398 56861
20940 21961
30729 16464
20825 70663
923 14254
55043 8162
53572 12277
94025 26188
79235 59066
829 27176
90134 29337
60744 22336
96857 77549
20940 11435
24130 4853
20422 74332
26189 13613
31291 23184
98533 76229
22722 75341
74138 36349
11272 92880
99541 40506
12375 9535
12285 12277
84576 19884
51112 56749
56183 77463
54499 52729
27190 6820
57994 75167
95733 10960
82656 55072
32840 55717
77190 84570
53733 75111
73515 53547
35700 89638
5504 52356
18912 39480
48472 6986
95855 5637
83474 91667
90239 73974
11229 98533
11527 76761
66136 71298
48541 12384
79221 4196
8602 47915
45957 8602
12432 95370
86852 91606
88472 57694
53547 16445
52016 70199
78274 30251
46254 90932
57357 6986
26188 88472
54158 95163
58189 35515
77860 47717
39812 50967
53572 31507
99983 54894
395 52547
57681 74942
22953 26264
39557 644
39812 35515
12432 33936
11460 56821
34131 923
2497 12411
20422 22044
48541 35298
63728 46764
67576 24979
83704 70889
85485 40784
70483 70663
33170 56648
52807 39812
73192 16472
10665 90321
4853 64807
52905 66056
96557 71987
58189 54173
97033 54645
70483 65391
86631 47561
32197 5504
46069 96466
65286 47961
39480 9124
66817 7627
91906 32216
99929 52840
93032 15367
77144 39714
80137 9124
10316 31312
21266 67174
59066 49798
84898 47823
18400 38798
49798 84772
78975 28376
20436 57587
46762 48943
71974 36806
96466 58168
42678 44015
7124 71799
79496 53199
51872 57794
38597 57745
25303 40426
16059 73879
85252 94318
47961 28174
85857 55961
44463 85797
35700 4996
87479 20371
8090 92310
55816 47316
91906 22794
89638 84898
94605 48513
43600 24269
44061 2978
4770 69837
98647 1874
75171 73800
55833 9124
43514 75187
59990 80431
82606 63799
37787 57794
23184 25393
18363 26188
23196 17488
88490 57681
40175 99541
5981 45205
68267 38798
35298 1132
84772 52738
87136 68638
41072 48513
20940 71758
68821 87767
41234 66380
51821 5513
55796 57711
1874 15646
94122 43152
21282 36050
11435 99420
69298 21821
55900 25895
82070 42678
35564 21821
54436 20727
66417 84024
32150 24909
1900 1609
81274 32308
80716 59340
69840 89465
32197 41270
68400 24638
57712 85541
96065 32185
30023 324
93032 62388
94418 61840
22794 25711
72466 87045
11272 82606
32861 14254
36806 67482
14085 29939
86667 24269
73800 15723
54855 56749
56520 26020
97896 54173
5003 94605
33089 4797
78892 88490
24638 25770
48395 18406
97033 39615
57793 75111
44015 11435
35252 74959
58739 20644
66380 65667
44954 73049
38215 21266
28917 73605
35100 18946
79235 28421
56749 68445
50967 16059
94122 79922
4060 82279
75920 13897
49403 80759
54196 66121
59614 42991
4770 68823
4996 26417
70889 73515
11272 94418
