1000 5000
--
24996 37239
79733 35412
76392 80705
97577 93435
6835 86176
68435 39940
64150 83158
73862 73696
5579 13987
73862 78312
87198 42370
64281 54382
588 21747
98001 8956
14346 94357
89404 62542
58455 51255
41783 20611
88115 41783
32541 16233
93399 83968
43070 56263
81722 14746
6835 31509
20611 75166
81242 74342
10989 52547
66171 80137
84017 38675
61385 39398
85006 98342
20110 29424
51051 8839
26819 3780
70803 18757
15481 21031
87790 21876
45493 69194
64150 1525
54159 24321
39366 56717
17796 9965
8818 49152
66171 6706
49291 31381
37103 85663
31509 50559
50878 91513
36453 6982
35178 75081
49152 35429
98774 78993
59471 78324
43281 14602
39597 27965
69361 38244
82836 93147
39660 21042
25845 63911
66223 72134
88948 74471
73724 15851
81543 51103
27204 3943
50890 66534
41368 3235
64097 75572
25175 90765
62680 2086
60148 26281
37667 9135
98342 62071
93991 57919
9697 94406
8197 8876
56548 64847
20003 35377
24672 32344
17795 79733
85294 16740
55697 18594
68435 29778
50541 47236
37667 75348
72112 54159
56599 90191
43478 36453
10614 30492
20611 27547
39567 46694
18594 83188
66282 5807
79730 96800
52331 69771
46293 12501
77510 56291
35429 78336
46293 32959
38675 30994
42576 44301
48964 42271
63134 35186
44445 81242
90161 56127
55203 69191
51332 50650
95744 52331
42642 12198
72112 21881
93057 1048
8818 27988
95744 17993
83560 75218
82836 30885
47025 22274
49563 72551
60468 61637
67920 46293
99486 27775
10989 76858
87986 51240
86176 77620
33567 52284
87010 78427
9969 12128
61666 62497
59159 34714
39339 11369
92058 14346
31956 20772
56127 51632
3297 7139
4967 78295
91150 68559
49291 61408
39366 42649
68559 75892
72112 38305
50138 73133
39999 69582
63340 79545
33725 55598
32037 79602
51051 61666
76815 33272
64973 66184
51255 17796
44445 13411
90765 45352
97333 15251
15851 35993
59471 11155
55363 43249
26126 55679
2874 32621
76815 30531
81405 84969
78410 76722
94771 54645
98718 51425
74059 22740
25093 92621
20842 80782
89014 73480
6390 83129
10324 13013
6390 24121
24121 60690
58455 19500
17957 46223
39398 91543
41368 90524
66184 38878
37667 91906
19500 45142
52139 61707
55679 18535
56717 13874
66171 46446
95744 85896
88115 94518
39999 47064
5579 39339
41178 41199
56127 23424
26215 39366
86176 55697
11747 47287
90191 46121
87768 20735
26281 16636
12697 24974
5099 95293
39503 6177
39999 4928
49563 49572
53786 30566
27487 17957
8818 18775
77093 73900
8307 95184
24672 63718
29778 37821
62680 92737
33538 60468
56548 92707
10614 73389
24974 41530
98001 86975
58168 87133
90570 17590
31956 47953
83202 96158
2676 77689
50803 88414
39597 78517
73053 56548
21958 57263
69037 68804
78779 19037
6177 12697
73694 34786
5579 90818
28388 94621
12042 99588
21031 42642
32037 78410
17666 19018
99486 48683
42649 57255
85663 53749
74780 96472
65180 75388
41555 49088
16692 85294
34930 63111
52969 85981
67258 39241
98001 39567
78295 14439
52139 49563
41630 15497
73336 54136
98081 49353
89324 27487
98342 92469
39398 89151
96391 30760
73053 56194
55705 12421
39660 91461
67258 58455
3522 54963
88919 480
1227 37336
19018 15381
61804 71967
68908 97060
33272 50803
16008 18642
67920 31956
97577 13600
42649 82836
80599 29090
27145 70834
41555 9262
59864 92834
27006 82232
10288 327
5528 9969
73053 81139
46507 6124
6982 48090
15251 88075
83652 25093
68908 66171
40394 10324
94771 59159
49217 5714
62497 58009
27988 80228
73900 75515
88948 89404
67258 4982
43363 768
86290 18382
98142 29904
85294 35673
31110 98799
78427 95505
87978 70855
52139 90326
42649 89236
64973 6273
42649 63340
98774 16397
20252 77053
17028 1969
43281 95237
51332 2488
47529 22277
30509 88659
98142 39089
69896 41555
81405 58557
47994 16840
58455 49480
71604 73469
51446 87010
87010 37287
55203 588
50138 93991
58455 63276
76392 21079
69191 92080
89236 47576
26524 67920
58168 21392
28229 6278
17666 5003
29778 9697
50878 21736
10976 61519
26126 89324
47025 67258
14346 54845
21031 12290
43281 10262
30492 28229
12042 50895
85006 61385
82563 66223
64847 60294
39241 6919
94771 71463
61454 69388
24321 394
6370 51332
87978 33725
98788 42775
16840 25552
12051 42612
50878 21958
15612 15833
64150 50246
89222 49679
42510 65798
16692 13954
16740 10989
12042 5299
96391 24419
95744 10481
54382 91512
49291 37566
39339 78130
16764 62680
40318 52161
48356 29423
26126 76392
13874 69799
22738 20912
56291 44445
64281 70893
64273 20795
26819 70588
17666 92627
30980 36032
33733 12825
63385 46735
30492 30646
98081 48300
73176 63385
30980 52011
89296 23356
87010 60148
40318 8307
98774 67522
29309 40685
51815 7494
36357 30715
60148 18105
49152 41832
73053 48600
39421 35714
91790 34287
64538 33009
54159 74428
33069 10513
34786 83202
89445 39635
82196 17852
65822 71827
26281 42243
6390 13076
40318 50236
776 63239
39421 83652
61707 19487
21156 63134
64281 58508
78993 90570
64150 48964
55363 75239
86290 24616
47540 11689
30509 10976
17957 15910
47994 67810
92737 65220
52331 8050
17061 74059
6706 18107
80071 64097
38296 46507
81405 86588
71202 94771
73862 84017
61454 804
5099 77510
50138 43281
61829 90161
87010 12949
54382 37227
50138 3431
70588 60183
69191 41178
98774 82563
48150 42465
56717 2714
78355 39132
78355 35612
92314 29653
60468 17468
65180 27976
65798 32628
34714 97804
51419 46478
36453 25
11748 4091
23424 4939
56599 47958
44445 32456
51051 43907
20252 37103
68559 16008
27988 6084
58455 25385
38598 37147
27145 40394
65180 8929
15381 4509
8818 44468
33733 85006
51240 47989
20252 39597
98142 28473
97223 49217
34160 89224
8818 92058
74587 80773
55705 80875
39398 55844
78312 94225
43478 75890
50659 71887
58373 66338
38296 70803
2676 41538
60107 66798
24974 68164
72995 9225
46808 67854
68435 70800
98142 45358
55705 10639
56599 59175
78427 15006
43478 49726
53701 41630
54963 44707
36098 57578
16233 14108
44707 55203
32344 2941
47399 53357
33567 58091
93991 75684
17795 41368
64281 80296
29778 80599
68011 78717
7485 62758
17796 1839
21911 75692
68908 18483
27988 81221
67854 30980
89236 98446
87978 93190
91513 42576
80812 73367
50803 17028
38244 15136
24672 94745
89014 4947
27204 79024
94518 50541
61666 49218
40394 61454
32541 53786
27988 65822
87010 46808
9135 27429
5090 91516
59159 15481
94771 64973
68804 92139
65385 27242
19222 80841
10288 56599
49480 37667
2874 17492
9697 85858
49572 47151
46694 43363
21969 70057
8839 2561
52969 72995
52969 81722
6982 79934
78355 86298
13013 48099
90326 10633
39421 94842
98142 25472
13879 98769
73389 18520
49679 99434
27145 68435
17590 22350
59471 29983
18757 50668
6177 16692
70800 83907
29904 36123
12042 45493
21958 39419
90818 59828
35429 91360
27988 72811
480 19447
41029 90777
30531 71195
25093 65385
92834 94699
85006 83170
76815 33516
16692 27006
27204 97577
8035 33538
38244 73562
71202 72112
64973 50234
48970 57956
46293 20003
34325 98628
21969 83504
90570 27967
89224 48749
95293 88115
71202 81264
2086 70712
29755 13422
42649 21969
35429 51257
73053 87198
77510 94093
8308 66282
79040 12262
87010 1901
39366 91181
65624 35178
26819 68324
92469 50659
21911 53127
75348 81304
12825 16631
80028 5825
72134 39660
5579 5528
27145 87905
9135 71282
55705 73862
97804 86729
68435 8545
16764 51423
92707 82213
69896 19021
9969 80071
69314 81413
56291 44182
37188 63197
68435 91150
63340 65180
98446 29872
44468 82610
93147 58373
35612 9213
29309 53873
29778 29309
99474 74853
49480 51419
86975 81405
31509 34325
23356 78779
78993 71604
67341 29042
62680 55454
93179 97559
20842 93179
39503 98081
10262 20637
16233 99474
61878 87882
41555 24753
6177 38598
33733 39503
43478 86290
55844 81543
85006 38296
86298 85560
74853 92711
6278 81464
4982 48395
10262 53521
78355 80900
95744 5030
8545 1415
88948 64150
33156 37188
73389 64889
27145 51051
96391 99486
50138 23548
12042 87986
10324 6715
4947 37960
81264 16985
78355 8308
16397 15612
56717 41594
73724 70447
75572 27437
80071 96458
85006 10931
8818 91130
7485 10839
12697 62353
43478 33567
4982 78956
48917 49812
51051 80028
39503 32541
99565 83928
47025 48917
52956 11038
44468 90689
6390 22758
49480 8951
3297 39421
26524 59864
65126 59040
39241 57305
17028 87790
95883 35414
73900 39467
28496 49030
47025 58168
21042 71820
79602 87736
27145 50138
55679 42510
71723 62948
51753 58014
32037 26126
29778 66308
68435 10288
89445 82029
81242 47733
51051 91157
14439 34444
12949 57275
25845 12042
31565 39280
61454 95023
51446 87978
95505 95744
50659 33783
41783 25024
80875 96203
8308 95883
78717 46763
25175 8035
40394 3522
30509 62004
83188 92203
13997 71723
50880 28496
96391 48356
62892 4134
95293 73713
11747 98142
39366 95259
9213 93775
91415 20110
49217 73476
8818 98001
41555 3014
8035 71196
72995 86251
50803 11539
58372 95790
15851 50880
68559 54769
11748 70830
73694 55363
32541 69037
85006 51446
17891 85054
51257 48614
71202 77093
18307 92314
48970 53040
64538 10596
48917 6081
67854 73467
89757 2874
3014 87619
46808 4728
62948 34982
41368 54286
26215 61829
39366 32975
98342 38931
14346 52956
66282 32137
21969 36415
39940 20842
22682 3226
43281 25455
24672 65624
95505 6390
71202 76815
90191 91314
37960 1850
63276 40846
29423 17061
30509 60889
95744 51753
56127 89222
39503 99948
44707 85722
94782 86464
14346 97333
85896 70685
87790 9009
32344 25569
3522 34308
93179 58372
40318 33735
94518 91638
49572 65504
75890 34160
86588 97866
78130 42904
33272 74780
51255 13879
51419 7112
67341 65126
41368 68908
91150 55705
87010 69896
50234 28388
51051 62735
42510 17666
68011 54429
33069 776
5579 96391
17666 88919
48964 83560
39339 73053
89224 6370
80228 31110
80812 13997
98769 22738
55705 73336
81722 50770
54159 88948
57919 59002
73724 19222
95293 36098
69896 80812
50541 17659
6177 47540
81139 29891
41178 8527
73900 18427
95505 87768
16636 94276
98718 74587
39339 28299
91150 89014
68435 88905
5528 26524
73176 11748
95293 71202
10513 18790
5299 91790
91157 11556
20637 96681
51446 8818
67258 70062
24992 36357
40394 52969
89014 26681
41555 49028
71202 6835
16692 55153
75692 31138
11556 8197
89296 47025
9697 76029
12697 18823
73696 85651
3943 67332
85006 43478
24672 25175
11748 84213
88919 90828
86464 18307
52331 6259
48558 36737
46735 3511
95184 94113
17957 53970
48300 51387
23424 36919
22350 44601
27988 20252
98342 31565
12290 61804
98001 41029
10633 1623
43281 2757
5099 73176
55679 17891
50138 94782
39999 57246
47025 19289
39597 55415
89296 49291
87198 64538
29778 32037
5030 64273
70803 2676
33069 616
5579 21156
327 31708
3522 69361
13013 61878
34930 68011
69896 78692
65798 21544
23225 82816
82196 16764
22277 29759
59175 69251
99486 62892
26126 32825
56194 33156
61666 57621
3431 22016
58455 50890
85663 13084
31565 64449
39999 97223
80875 67341
29090 54917
80900 30028
64273 53271
5090 51815
10633 1227
75239 22682
33156 24848
33567 66747
69896 98238
73176 33069
78355 99807
60468 84216
99807 79040
87010 60546
16692 64281
39339 93399
27429 5760
39366 23225
45493 99565
33733 89316
4436 39999
80875 10614
94093 67319
69361 83185
21958 45026
42576 8202
39597 12524
70588 19259
54382 82885
16692 73694
56548 8960
97804 22797
95505 26819
39503 24672
81139 98788
13997 82749
24753 70206
25 19528
52139 27931
63340 53701
75166 85596
95744 4436
31110 42480
77510 24992
55679 47994
37188 59471
27145 25845
28473 20286
26681 2844
87986 63638
87010 91415
61385 17795
92058 74901
83185 43579
31565 47399
5099 89757
87010 27145
16397 50958
32137 82409
39366 43070
91415 5090
10262 93057
18775 26215
33069 30509
63385 78355
24992 4967
33733 5099
84969 82196
22277 34663
36098 39535
21079 15253
86588 48970
36453 12051
39398 34818
57919 89445
73900 21911
87736 52830
73900 24996
63385 34883
54645 3297
92314 7485
17891 29755
98081 40318
73900 34900
40394 98774
39503 21688
24974 47392
7112 69314
50880 27204
78993 73724
93179 48558
73862 52139
85006 11747
39660 60107
61519 95191
72112 99321
28229 52231
98001 98718
5579 79730
51446 47529
57919 48150
2676 66838
52331 50878
94782 89296
32975 81246
8818 5579
50890 97421
98142 18153
78312 39205
26281 67562
61385 61534
39366 34930
--
63111 588
35673 77053
83928 38296
50559 67258
47953 97804
15253 96391
13013 59040
31509 98799
15253 98628
81543 5528
4939 27487
96458 5760
34325 47287
44601 12421
95293 34818
70855 47236
67522 99321
28496 47540
42465 80812
98238 12042
58557 91790
73900 66223
57919 10596
79730 35429
17666 39205
42642 66747
3014 80705
91415 56717
78130 92737
50803 91415
97333 39503
30760 34900
17028 32959
73724 42271
72134 3014
13874 55203
2561 46223
12949 88905
10976 63239
19018 58508
67854 78324
54769 27204
55697 89296
30885 9225
67258 92080
65220 25385
52331 92711
62948 71820
6982 49679
29904 44601
8202 57263
15251 74342
87619 37103
10513 2676
32456 77053
56263 27204
98142 63911
57578 92707
73336 6715
63197 39597
9965 57305
47576 91543
66184 11539
4939 49152
33069 1850
9965 18642
60546 43281
9213 10481
49218 2086
98769 53701
74901 57919
48090 49726
22274 94745
74342 66338
39597 33009
39660 25024
32037 67258
6715 20110
57956 45026
99434 37821
63340 19528
33516 33783
42243 70062
60294 99565
79040 11748
39660 12501
62497 98718
12825 63276
93147 8876
87790 59159
78779 86290
25 55454
21736 26215
69314 25552
50770 75892
34663 46293
13422 66798
67920 54429
43070 20772
75218 36123
42642 98081
92139 19289
36415 31565
54769 73133
41630 66282
42904 87986
98001 91150
76815 51051
85858 92711
86464 4091
12128 39419
69037 64150
47287 30760
13084 34444
3235 19018
27487 98142
64281 10324
99434 49563
69799 41368
2874 80875
19528 94406
35993 90570
5030 47540
1969 52956
79024 1048
22740 15481
75515 92469
79934 49572
1969 75684
89222 54429
89224 73367
21969 25024
89014 75515
94699 73176
25 50234
83185 80841
83202 46507
30760 49088
78779 63340
83560 51419
85663 89316
47576 25024
37239 29424
80137 47064
37287 6715
82029 41368
26524 5099
52139 47540
89757 63134
51255 42642
81543 36737
49679 48356
50880 3014
32959 30509
17993 32037
48150 6982
50878 30885
71820 56548
92139 70803
90777 95237
55598 71196
89224 37960
18823 54845
5825 27487
50246 19222
65180 62948
89222 4091
17666 86176
6259 73467
90161 13076
62542 78312
69194 22758
66308 57263
70057 85981
27988 82816
17891 90818
62497 12697
17061 17796
32959 34883
60148 73367
36357 69771
67319 39132
87133 65126
20912 92469
81304 92707
73694 17852
42904 64973
74342 52231
776 66338
92469 30760
52830 18153
97804 11689
88905 80812
38244 81405
55363 36123
24616 72134
24996 47958
19447 59175
21736 19500
53970 86176
8960 94357
42480 98446
49030 6081
93399 85054
74853 84017
10633 61707
34818 95237
17891 59002
75081 52011
63134 32825
2714 85651
62735 15612
53873 12290
61534 57919
30509 4928
86464 6370
88919 8876
66798 71202
20252 20286
12697 82409
20637 57246
69896 48749
56291 11747
54136 39132
51753 21958
74853 63911
83652 99474
394 11748
46694 75166
56599 1901
66747 45142
56599 45352
18790 71196
78717 17957
56717 46694
55153 70685
73469 26126
50559 72811
19021 68559
99565 46121
81464 29778
39660 31565
4091 73476
34714 94113
73389 82610
44445 14746
41832 68559
94745 53873
88919 27437
50895 64973
1623 30566
12421 62758
70057 41594
44601 75890
74853 62758
32621 84017
81413 17666
37287 37188
24974 25024
99588 34818
33725 9262
87768 8818
29423 58557
24419 84213
89324 78993
51425 39597
66338 33009
38878 71827
17659 40318
50803 95293
22350 34930
50559 66171
87768 87198
27547 90326
78336 21156
75572 79602
66747 88414
41530 20252
70800 39567
91130 19037
71196 24121
95790 98446
18427 55363
37103 82563
51753 49726
24616 49030
11539 75572
75572 91906
80071 20286
48917 59159
30885 34900
31138 50234
13600 65220
78324 41199
78324 3431
11369 51387
15833 1525
47733 24974
80705 90818
40685 42370
40394 57263
94225 8545
95191 96391
70206 35993
34325 83158
68435 91360
34160 57275
76722 10481
60183 43907
29423 36357
93775 61454
38931 47025
98238 47064
85596 18153
75218 75239
80841 69251
69582 62542
43907 5528
91790 56263
86464 67319
61408 71195
99588 3235
81722 40685
61454 87978
80900 38598
82816 80773
71820 35178
83968 94621
36737 68435
12501 59864
13084 97559
96472 78410
27931 21079
39366 16397
38598 47236
39398 19487
57621 6084
94518 4091
81304 48090
63134 11539
71463 58372
10639 60183
15006 8197
58168 34982
39132 9965
25024 32959
30994 83185
48917 37103
43907 5760
21031 89757
73900 51815
81304 57621
74853 37103
81405 38598
22740 92139
22274 54645
73389 52011
43249 47151
78717 49812
78130 55203
89316 39535
35673 48614
66838 19500
6124 94842
56717 33009
29653 75348
48558 88905
20637 10839
81221 85054
10596 79024
96158 18642
39999 804
17852 14746
78410 73900
6177 52011
21958 67562
53271 54845
71827 71887
30885 84969
41832 69388
34444 81264
22682 57263
5003 30994
79040 27437
17468 24321
66171 80900
49812 89222
33733 50878
56291 47994
13411 83188
44445 73862
42480 62542
90828 67854
80900 56194
34287 39999
6982 94782
22016 44707
39635 776
5807 16740
12290 20772
51446 28388
89757 25472
84969 51257
80137 17852
96391 53127
60183 52011
95744 24419
78692 62948
8929 87790
2757 44707
4939 57263
93435 32037
32541 74901
80071 90777
63911 41178
25175 45026
16397 80228
98001 1048
19021 32037
48558 94699
94518 58373
588 29309
36032 34818
62353 74780
66838 47953
30028 15612
36098 39421
51387 16233
44301 66308
3014 87198
88659 70800
58091 68908
8818 46478
70803 53127
18757 71723
17028 59864
62892 48395
72811 56127
21747 49218
39280 51423
22350 90765
21958 8197
71202 8545
51423 69037
5760 92621
92737 93399
22682 56717
47994 53357
82749 10633
51332 75239
49812 5807
21958 21392
9135 57578
3943 49028
11369 66171
47576 67258
24121 82409
24996 33538
3522 98342
18105 30509
47953 16740
3226 64538
26126 78410
48683 64538
19021 94406
11689 6390
52011 32344
22277 81464
23225 50895
6982 8839
78956 18775
6390 72134
47953 2714
60889 43070
4967 8839
2561 79733
10614 86975
3943 13997
78956 59175
71820 30646
37239 66184
6273 61637
49679 27487
33735 28496
480 12128
18642 94621
93057 32621
49563 16631
99474 22274
95237 66171
74471 80900
73467 76722
78692 80228
97866 66171
12697 33725
68435 47733
28299 65126
53127 10288
36032 8035
42243 51103
5760 17852
29042 65822
35429 42576
21958 48558
70830 50895
91181 51051
35412 82409
24321 99321
13013 70712
39205 41555
67319 25024
75890 89014
60183 79733
57578 98081
73562 61534
29423 72995
20735 76392
83560 36032
33735 92627
1227 66171
70834 69582
99486 38675
53701 22016
80599 53873
30760 56717
49563 87790
92469 10989
46763 80028
12262 50878
60294 83188
40846 14746
53873 39241
59040 47529
21544 78427
47151 26281
83928 15910
55844 73389
75218 92621
45358 12501
48558 95293
43281 18823
16692 81221
8951 27931
66184 66534
5090 25552
57246 65624
20286 55598
43478 39366
86251 84216
82213 18382
49812 80071
36357 66798
29042 27437
96391 46223
39567 92139
27006 87010
8545 57275
75572 29042
18757 97559
8545 51051
28299 11038
83652 52161
10324 18790
48150 37336
5030 94406
39366 616
37188 12501
48300 43907
76029 97421
71604 39339
78517 45493
13084 18823
1901 13411
89014 47392
22740 8307
66223 51815
51257 83560
88414 65822
70800 18535
394 12421
44445 27437
47236 24419
21958 17659
25569 16636
55705 48970
30994 84969
79733 82563
86464 86176
19500 41199
61408 58372
62497 58508
48749 90161
29759 88659
29891 45358
18427 91415
62948 18642
65385 94518
27242 21079
12042 50880
25385 56599
63385 768
80071 65624
73713 1850
80773 49028
42271 13013
61454 93399
30492 94357
21747 18307
63197 90326
4967 48356
52830 62892
17796 15136
83968 61804
74428 5299
68559 327
9213 327
94225 85054
34883 55415
58168 36098
37667 10288
38296 73694
86464 13422
8839 88414
93057 73862
42642 94782
35414 44601
83504 57255
78956 21876
62680 8960
70588 96203
42465 18107
27204 85896
43907 394
48970 51753
82749 15251
32456 68011
67341 90570
69194 86251
36737 5760
7485 70712
10976 49563
69251 39503
19018 85596
7112 19037
53521 48964
1839 92834
65180 82563
95505 70830
37960 20286
22797 47529
41538 46735
66747 37239
50650 24672
98446 41199
51419 21958
65220 65798
27775 52161
804 73480
21079 12290
9965 98342
80812 80137
50234 94276
4728 67562
25455 8050
26215 33156
57275 94745
29755 8307
89404 43249
27967 27145
83170 80028
74428 18483
6081 92621
37188 29423
36453 26524
19018 61804
40394 25385
51815 69314
67854 80773
8818 86290
98799 21958
57956 95191
9965 5003
98001 48356
12128 21969
97421 63197
98788 55679
29309 92834
33735 71195
16764 18642
21156 86298
16985 17796
88115 6124
57275 95790
48600 41029
8197 11369
49812 71196
66223 86729
66838 98769
2941 40394
58373 40394
39421 34308
54845 73467
48749 70803
26281 7485
60148 53271
7139 39241
73367 89445
94621 93190
16233 56548
27204 21031
588 33538
394 62892
27967 53749
89324 66838
47576 74780
61385 61804
9969 63340
49088 82563
78336 36453
10481 49030
81464 40846
83652 47989
65126 41178
62071 74780
8202 58014
89222 29904
82885 20003
95790 85054
27145 31708
39366 82816
16008 63197
22797 9262
93179 51387
37227 75388
64889 89222
9213 39567
42904 80782
51240 27204
92080 40685
5003 56599
91512 25552
51051 30566
1839 78295
62071 70447
49679 47576
5714 18105
10931 62735
69251 34444
57263 70057
54382 47733
43281 42271
57255 30994
81221 74428
11747 15253
72551 37188
85651 71820
38305 25024
52231 39419
2757 12198
99948 22350
12421 84969
13013 42243
25569 48558
99588 26819
79934 63385
58508 95023
89296 35412
60294 14108
48356 35414
42576 36357
6835 78336
83129 71820
6177 27967
65220 88919
20772 43363
5825 10614
69361 327
10262 48099
95237 98774
81139 46808
49679 64273
23548 41530
83185 804
80599 64973
49217 37239
27547 6715
73713 90765
40318 42576
30509 50559
76858 6919
12825 51332
66838 54769
75515 82232
17795 28496
4509 54286
21392 82196
63197 71195
7485 73367
18823 35429
25175 46223
25472 14346
37227 6273
89222 9213
37188 5528
87768 80782
68324 92314
46808 34663
51419 89236
70685 10989
47399 57621
71820 99434
76815 13954
43907 23356
60148 47989
9225 34883
80071 16740
51632 61707
6273 84969
75572 25472
4967 98799
7112 31708
69191 56127
79934 39398
21876 14439
17492 10481
39635 6982
2941 65126
22277 38296
21736 63718
31708 3014
3522 95790
37336 5099
29090 90326
25385 1901
20735 51332
73694 75239
59002 50236
12128 71820
4134 44182
68908 13954
74342 80599
19500 13600
24616 29759
29904 80812
94276 53786
57578 50668
36357 85981
19037 21031
27931 2714
39339 95184
94771 48683
6835 42480
57956 70834
79730 99434
30028 18790
42510 68011
6081 44182
20795 49152
63276 9225
98718 27967
23356 50770
7485 23424
94225 96681
78427 18107
49679 36032
21688 93435
14746 7139
74471 76392
5090 16008
62892 88075
80875 9213
48558 15481
49812 52161
61408 97333
66171 58014
94771 92139
79545 78427
17891 65822
20252 92080
59175 18775
6835 69388
75218 24996
34786 61519
6370 12042
19259 22350
90818 20110
73133 53127
93991 50803
94621 12128
20611 79934
54845 13874
41630 69771
96681 78427
37239 70685
84017 79545
21688 78692
19289 72811
1623 13987
16740 17492
91513 39503
83185 52969
4982 1048
39419 26215
57263 86464
25385 69037
39597 32037
72551 91790
48964 56291
70830 20772
22682 55598
68908 86251
1415 480
8202 47287
75684 27006
91314 3226
87619 47576
39999 97866
16233 34663
38244 61829
40394 73469
46694 39132
27145 51632
11689 80900
31509 75692
69251 39205
54429 8956
21156 30994
5528 54645
42480 53873
56548 60468
36453 64973
72112 19037
33735 71202
89014 14108
91157 15136
57956 62353
25093 17028
82749 14439
41530 95744
19289 19021
30646 61829
41199 66838
91516 35673
36357 10639
51332 53521
38675 18594
50650 75892
36123 8951
11155 17957
34714 17028
5099 60183
38878 24753
62680 92621
85858 82409
18757 97421
27487 95023
71282 79024
49353 6081
73176 49726
8202 37147
44182 47540
18775 81246
9009 38931
62758 68435
8951 20795
42775 4509
1850 12262
92203 21156
18775 30566
88919 37103
4509 54963
9225 27006
45142 49563
77620 63134
89445 87198
15833 22274
31509 394
65385 38878
19021 33783
86588 87978
48558 91181
45352 69896
19259 6081
29309 31708
39089 75081
15251 14746
18823 26281
70830 37287
80599 21688
20772 55363
28299 71195
55844 16631
82749 63638
38244 63134
12501 2844
53357 12128
89224 90326
21392 78517
17666 39241
87905 12524
89224 18105
48964 76858
25552 81413
7112 1969
80599 48614
12421 87882
80028 76029
804 33783
55705 39999
86975 56548
96800 62735
39339 75515
88919 52161
95259 36919
63276 96391
91314 53786
62353 48749
8951 93057
47236 86588
22738 10976
69194 73480
70800 17957
2714 80296
90689 56548
66747 73336
91360 49812
50236 19037
22740 24996
11155 91512
59159 52830
2874 81464
8308 39940
6259 8050
53786 92737
30566 26126
51815 34663
89014 39132
83185 70855
45142 90828
16233 60107
62735 7485
39467 79024
6259 80875
32456 18642
87978 7494
66282 18642
99434 82029
31956 51051
37147 87905
804 19528
92834 10513
46121 99565
45026 32344
82836 2757
56291 81543
51255 24419
3297 15251
67562 62735
67854 86975
46293 39635
13874 23356
48970 49088
88905 73696
66184 94621
73724 9969
66747 18757
98446 98769
47994 6259
62071 73696
10596 35412
3235 94113
75890 36032
75348 5003
18427 55598
8545 77620
10989 68804
8960 8527
33733 87736
13422 84017
78427 64097
8050 16740
81304 96458
90689 15136
13954 21688
68324 3780
17852 11539
66838 54159
41783 90570
69771 52830
61666 92139
18307 70712
49353 32621
35993 54429
73713 69799
20842 98718
14746 61637
6278 98774
50895 91314
87133 57956
52956 51257
60468 13997
38296 26524
44445 91360
9969 35377
81413 92737
36415 10839
19018 81413
30885 22758
36357 46808
92058 24992
5003 588
63718 31110
49030 96800
61637 41368
39280 61666
90765 52969
8035 54917
73713 32959
35612 70685
89296 62071
92139 50236
36919 43363
80900 79545
75890 36123
86729 66838
50878 88948
30531 9965
85054 2844
91790 99474
50541 39421
42904 82029
71282 62353
97060 25472
33156 39597
31110 52331
6081 616
8951 18153
90765 12262
97421 66798
50541 78336
32037 35414
6177 49812
88115 47994
11369 82885
65822 41630
17061 92707
54429 5825
39398 50878
39503 62680
26281 81304
12524 88075
90524 31956
6982 95883
18594 776
70712 55844
16840 85651
32037 5299
97866 14602
21031 37103
79545 30531
69582 97333
98081 57621
6370 78410
15612 61408
17957 86298
394 21392
5714 82836
65504 54429
21392 22758
3943 52139
72112 69582
79040 92469
90191 34663
32037 66798
92834 19222
10262 8951
95191 97421
54845 87736
95883 63276
22350 50234
9965 34818
86729 5807
18107 53127
59175 78993
19018 57305
85896 83504
33272 18775
23225 41594
50236 53271
52547 97559
50138 66171
57263 30492
53127 12051
77510 6273
14439 23225
84017 12524
5099 64150
67562 42510
58168 30715
48964 16764
8929 92058
20842 43281
24992 51387
78355 48683
19487 73862
55454 97333
51240 23548
25472 70834
45352 34714
3431 10262
56717 8308
13411 16636
71282 89324
16985 8035
71604 42271
27775 24419
39339 76815
13874 8876
37227 68324
1969 78295
91512 75239
66184 10614
11689 30566
47529 33516
60889 91512
14108 4728
327 50803
39398 90818
85596 2676
85981 74587
56127 94621
13954 13987
27547 43363
25175 87790
59002 35612
11539 65822
91415 17666
5090 25569
28496 19021
92139 98142
8308 40318
90689 63638
69896 78130
43907 90524
39999 64889
73476 97866
84216 71463
49563 11539
75572 13874
38931 10324
17659 23225
78692 91906
13954 75218
73713 23424
65798 41832
20003 53357
81413 75081
43579 99948
47064 34982
69582 64538
616 47540
26126 35714
8308 11155
56263 78130
47287 70803
72551 6081
92627 31565
4947 29309
7494 48558
13076 64449
53127 87986
52139 86729
96472 8035
16631 18823
27145 73389
51332 33783
12128 4967
82563 89151
61707 50770
96158 36123
49353 16740
61707 32628
12825 77689
66534 10839
82836 54136
87790 26819
36453 23424
16397 11369
27988 89757
8307 58508
80705 16985
21747 3014
82196 89316
49480 81722
86298 35673
70057 39280
70803 13013
92707 34308
28229 30566
51446 69771
36737 21544
95505 39940
25385 4982
87882 24121
54917 36098
37566 39635
68164 41199
62071 59864
64847 25552
24672 45026
16740 47540
2488 24672
37667 49030
37227 71604
24121 17028
73176 80773
65504 60889
7112 6706
16233 50236
70685 34982
48300 3235
13013 85596
47025 52830
32541 62071
49679 15497
67341 25569
39205 17666
90326 99474
9697 91543
86290 34287
79602 18757
77689 71827
50138 39467
45358 64097
80782 20003
42649 39467
41555 56127
66282 10262
10931 6273
59864 50246
39503 73480
73862 13084
75572 12128
91461 39089
93057 15481
78312 91150
71202 16631
78312 1969
46293 39660
90777 76392
94093 12825
28496 91513
39280 90818
50890 19289
12262 29891
54136 87882
42480 34287
78779 61519
97559 21969
27429 67854
18483 47953
20735 26681
616 43907
36032 45142
60183 19487
43478 3780
86251 49353
63111 33272
4134 70712
5003 8951
51425 50559
8202 75892
33733 27547
3235 38931
3014 21544
78517 39089
24753 22016
18107 23548
85560 10839
72995 90191
15253 60107
65126 58508
83928 46735
98788 46694
88659 94518
51815 12697
2874 10288
31138 38598
79730 18535
14346 21958
31708 70834
94276 22682
57255 60546
41630 67854
28299 47287
30492 30885
69191 34325
91906 14439
52830 66534
98142 81464
39503 79024
24321 76029
6370 35429
74853 9262
85858 12051
29872 22682
13411 17957
15833 99588
63239 32959
30760 33009
41178 89324
88659 81304
98799 92737
69582 83560
39467 93435
85054 19021
94745 3780
92139 75515
13084 24992
51423 55415
50659 92627
44445 49572
85006 47994
72995 39089
13987 36098
54963 70712
61385 68559
43907 63276
33009 15481
33735 79024
17852 8951
51423 27547
2676 47151
87133 73367
25552 42370
75348 5030
28473 52547
86251 25552
91638 51815
24848 47064
56194 24121
85651 99948
22740 8545
81464 93991
73467 95744
43070 4982
39940 86298
6177 49679
68011 32975
88414 54917
95259 13600
47529 24992
52161 77689
18775 10596
12290 51387
804 48683
6982 37103
95293 13997
82749 75081
16692 49679
73724 27006
92314 39999
12825 75572
21958 79733
88659 46478
78427 18520
16397 50895
96681 480
3780 11689
95259 65504
72551 57305
57246 78993
29872 55844
54286 38878
31708 34325
85858 64273
37821 17590
86588 39999
82816 80296
46694 6177
98769 53271
39635 40846
19222 5825
4134 42510
85054 82836
68435 11155
34786 13076
10288 47994
50770 67562
46223 91130
41555 49679
98628 81304
22797 49217
2561 7494
70803 51255
59159 19018
88948 80841
1850 27487
10839 61707
56599 40318
41178 18775
43249 48614
88659 13422
14346 27487
31708 42480
82232 45026
46808 4928
30509 68011
13997 67810
58372 48395
42271 30566
23356 36098
91516 12524
25552 80773
16636 50138
78410 29778
68559 33069
6177 64538
73336 33735
16985 90161
70803 49563
98774 70800
49563 19289
89324 42271
62497 95883
16636 13411
39567 98238
6273 13874
2757 58557
18642 10262
48395 85663
76858 73713
69582 51419
4134 34308
33516 27145
50958 63911
82029 39999
20795 6278
45493 58014
68324 76815
91150 87619
43478 83928
94771 11689
37566 51257
52969 25455
69191 39567
87768 80773
49563 2757
29090 5528
55697 78779
71604 41199
64538 24992
69314 47989
22277 41832
97060 16631
89236 90689
54845 22740
1850 51419
78312 616
48749 89296
52161 4967
12290 54917
40318 33567
93435 50659
62735 62353
5299 99807
40394 25
50234 75890
11155 29424
13987 70062
4928 23548
5003 54917
10633 75890
26126 64889
4939 57246
16631 48395
36737 50236
30760 22277
18520 1850
55844 80599
98238 61878
29653 4967
27988 46808
68164 39205
80875 50246
90191 51051
58009 85560
71604 98238
93147 57578
78130 84017
13874 81264
28388 63340
61878 18153
37287 64847
50236 20286
95184 98446
2676 71820
6259 19487
49563 67332
11038 95293
51332 65385
20286 73696
47236 11038
79733 48558
69388 53521
94357 96681
82885 25175
88948 94745
51753 43907
3431 16008
28496 60690
96472 42612
37239 19018
70206 33272
5003 50246
53357 82816
30885 39660
37188 39940
53271 97060
11038 50559
65798 61519
12051 9213
53521 61408
47576 49030
75692 72995
19289 71196
29423 70834
99486 21736
29653 34663
69361 27437
22758 19500
95883 21031
24992 57246
49726 44445
99434 25
10513 78295
78779 49812
37821 17468
21958 30509
30760 39280
20772 53970
38305 44445
20637 70855
394 13411
83188 18105
83129 68435
21156 92203
74059 62892
27976 12524
61519 76815
51419 43579
78336 42510
4982 27242
4928 50958
61878 64273
98788 26215
8035 26215
82816 49152
92627 62892
52331 27965
83968 94842
42649 5299
50234 98769
48917 19487
33069 89014
92080 74471
98238 49563
34308 15910
10989 37147
58168 95883
42576 8951
82232 52830
39132 64150
53521 97559
66798 83188
85596 31138
89236 21042
39597 95191
47540 62680
1850 69361
89445 6370
29778 71887
34325 87978
52011 2757
29653 11155
63239 29872
70685 26819
69388 51332
55153 27965
6278 83158
37287 49563
35429 81304
3014 71967
68908 34663
97804 94745
21079 65180
55454 48964
48964 21958
61519 31509
30760 588
86176 9262
26524 32456
46478 43907
70057 6124
8545 85722
80812 61637
23424 83188
50559 38296
19528 34160
9225 64281
16636 42904
49088 33156
92707 69194
30531 50668
9697 55363
73367 80773
92203 14746
22277 75166
70447 15481
17957 51423
27967 7494
42649 81246
94771 39940
82885 80137
98238 71202
50668 6715
39597 85596
44182 9135
37821 35714
19259 62892
43070 86729
13076 67562
5003 18757
46735 10614
54382 76392
15851 25175
80705 80228
62497 13987
47236 9009
52011 41630
48558 49028
49726 85054
73336 41029
57956 92707
52331 86298
40846 84213
16764 97060
6982 65624
79024 9697
25385 6706
82029 34663
4967 71827
39940 21876
81543 83185
89324 48749
13954 22350
20795 31381
87768 61666
15253 83188
50650 69191
85006 8307
33725 50138
18823 10976
98718 39339
78336 71282
25455 75572
58508 91314
35186 74059
39366 70447
21156 32959
25385 85896
31381 1623
65798 25024
98001 88115
50890 44601
39503 49218
98081 32825
95259 30980
11748 13874
80812 95184
54136 42480
65126 61878
74853 80599
70834 69251
49152 93775
13013 98342
2676 66171
47540 53127
42775 25472
73176 6390
56717 98142
38296 49030
58373 17492
5714 71887
46446 73336
33156 61637
92711 46446
83158 3511
38878 61707
69037 60107
10288 48600
61829 46293
9965 91516
30531 79733
20912 87882
89014 4982
75684 72551
47399 61829
92469 4967
55844 98628
10989 68011
90161 6835
18483 13076
30566 78130
62892 33567
99588 68164
72995 21042
96458 28299
19500 85663
58372 17492
56599 73694
27988 1048
30509 89296
91543 14439
71196 27976
73469 57255
86251 13987
57578 54429
92469 99474
85722 73476
36919 69194
36357 61666
48300 37566
82749 58455
41199 25093
64281 27487
15910 4509
62071 43363
75692 4928
66534 85006
47994 74587
98001 92469
27242 18105
15251 8202
49353 34444
616 71887
24974 70057
80071 4939
45358 17666
60294 4091
98142 27965
5579 82029
8035 59159
9965 80071
39635 30885
11539 73336
22740 78427
1969 80900
32137 47994
24672 74901
17028 35612
10262 17590
27006 70855
16233 38598
98238 81722
94699 15253
41630 86290
37188 13600
55679 12262
16008 30646
94782 75239
67920 98769
29755 17852
31956 98774
73562 44445
13954 8545
19500 98788
83907 44182
21736 48150
39999 39339
91543 91150
35186 18790
70447 36453
24992 38931
54382 33783
65624 46293
49563 50878
94745 89404
52956 29778
32037 78336
91157 18107
70803 34308
80841 83185
6919 79730
64449 81264
51051 4091
31381 97577
80599 18775
18535 18594
52231 11539
42775 18535
50559 98342
11689 18790
68324 97421
33156 37667
50659 94842
7494 47540
54845 37336
60107 13874
72995 50880
5090 98788
87736 4134
60183 91157
89296 31138
21736 88659
35993 23424
30566 14439
22016 40318
82232 51419
78130 87905
62680 49480
9135 13987
34930 85054
91513 51257
89151 90818
45493 73476
86290 21911
33567 37821
92314 21544
92737 40685
86729 55153
85651 46808
39419 30566
90191 64538
1839 616
90191 21042
35612 33783
17852 63111
48614 87978
4509 19021
58508 20611
69314 71195
35612 71887
3780 95744
47576 60889
80900 69251
34308 16233
80296 35377
32621 42612
11155 49812
70206 76722
54769 10839
70893 37287
4509 91638
9225 3780
23548 91314
78993 53040
28229 49679
41029 7112
57578 20842
17795 78295
87882 19259
2086 54769
53127 25024
82232 41630
3014 86729
52830 82232
18642 78410
5099 38305
22740 46293
47064 37103
34444 69361
51103 99565
36098 34663
91790 12825
17492 48614
94093 39999
33538 90326
29778 47994
24121 1525
47733 87978
96203 65220
59159 99565
588 13987
1839 21881
9213 23356
82610 47529
48964 588
13076 17796
15006 97333
75348 42243
804 38305
90326 30885
80599 18153
327 42271
776 75348
50668 67920
39419 99948
65822 57956
1850 16397
80812 33735
93399 32628
9135 32137
78324 39132
94225 10614
75692 25175
43579 71195
77093 93190
12949 39241
61666 65180
44182 80705
21544 37336
61519 4982
79024 33516
30646 44445
8197 73389
33733 38878
87768 58372
61637 1048
49812 75239
60690 91461
98799 94406
92737 2844
74471 71723
26126 95237
31138 81722
91513 81464
52547 58373
8956 54136
15381 15497
61408 38675
87619 87133
67562 33272
20110 37239
20772 15833
10931 90689
98342 53873
1415 5807
52011 51255
15481 20110
25175 66534
88659 48150
95259 66282
17795 70834
96681 84017
69314 10262
64150 6081
48395 4982
54769 64973
91790 93399
44182 50659
60468 42243
95293 16636
90570 45352
89151 67810
588 75890
29653 65126
34287 6278
52139 29424
89404 3297
47994 35414
70062 80841
30760 32541
58014 47576
30646 95237
65798 21958
94782 27429
52284 73053
86588 99321
22016 94276
74342 39205
22738 35377
20772 86298
57255 86290
47236 96472
89222 73336
35612 27547
31565 12825
22797 28473
97333 85560
87986 64538
95790 37336
51240 58009
66171 12128
30028 53357
35673 78324
34714 78312
6278 17957
1415 61804
56194 6273
97804 12949
14602 47236
77620 47540
16740 39660
5714 58168
42271 10513
73336 50234
37188 70447
70588 36415
20842 49030
95191 16008
48300 41530
70057 65798
4947 18382
36032 73862
81139 52139
22274 56194
1969 27931
48600 78355
91638 59002
92058 56548
94699 98774
6084 17061
49812 2488
63134 17957
35377 91150
3943 91415
88948 92737
70062 17061
33516 5760
5299 48558
65180 38878
21079 21736
93775 19018
81264 6982
93991 95184
17795 10614
32037 15006
97421 15006
98788 92621
96391 65220
92737 78779
57305 73467
10633 85560
74587 25472
34982 84213
89296 37287
44182 74901
75890 13411
93147 53040
85006 48300
65385 27976
18757 71827
82610 65220
74587 74428
71827 4947
6835 12198
31509 2757
34930 55363
32628 61408
3522 59175
27976 34714
17891 83170
47236 5099
88948 29042
50236 2561
41199 94406
99588 33156
10513 71282
92139 65798
62680 52969
10839 69314
52161 69194
21747 27242
87986 50650
66838 40394
35178 28299
91516 71887
69191 71887
37821 98769
46223 86251
48090 41538
41630 59159
82196 79545
90570 27965
19528 6390
13422 34930
23424 80900
25024 39241
48090 70588
37336 74853
2676 30885
85858 8960
28388 9225
56127 66338
89324 53521
88115 91314
95184 68324
88659 87790
57956 33069
63197 16233
50234 1227
47529 39398
97060 1969
88075 17796
29904 53873
27976 74059
53873 67920
29309 90777
11747 54769
62758 75218
83185 9969
15910 78295
90524 45358
37103 21688
72112 22274
394 14439
21688 86290
24974 47733
69191 71282
78410 87619
31381 37960
94621 6835
47529 73696
776 92707
3943 75388
60148 15612
67810 9965
57246 52231
97804 4928
27931 2941
39503 5030
55454 58009
32344 69251
34930 73467
17659 24992
95191 59864
48099 50880
10639 13422
59002 34663
98628 69251
13997 99486
33156 51257
33009 27967
70893 48395
67522 4939
17492 20611
7139 25
41555 71195
82836 93147
1839 39660
30760 29755
51255 6081
80900 68559
76858 38598
89445 86975
85858 32975
53127 89224
18535 57275
77510 17061
82232 49679
5003 83504
49218 84213
6835 92737
86729 47958
56717 42271
6259 51423
18105 21042
53127 43070
25024 54136
5003 55679
26681 61829
76029 20003
78517 97060
34308 84017
74428 83652
28496 39940
60690 95023
18153 22758
73467 4947
70685 77689
30028 36123
54286 95184
70447 31956
75892 57919
50668 34900
95259 9697
73476 60148
47576 6124
12421 27437
90828 58557
66282 27775
71195 70830
15910 94782
63239 5003
16233 47994
55415 29309
2676 97333
87790 99486
64973 47287
80705 91543
64281 82610
96472 66184
71967 60183
26215 22758
45493 7139
95744 59159
64847 96391
34325 20795
59159 39503
54917 17957
11748 33009
90828 48600
83968 37821
99321 53271
36098 91790
48683 8929
38878 85722
6273 82836
16985 68908
29090 12290
99948 9135
43478 18427
28299 9213
77510 95505
5579 9965
45142 10931
82196 61829
78993 54917
75515 53127
25552 22738
96203 34786
62542 91150
66223 19528
50958 37147
32975 18594
91360 9969
4939 74471
37667 37147
87768 91150
94621 59864
21156 39940
63134 11155
50559 24992
92834 10288
81139 2714
24974 90570
90818 34287
63385 49572
86290 59040
9697 73469
64847 83202
78312 92058
14746 33538
2676 98142
17993 14346
33272 81413
51240 73469
41368 66534
15253 31565
60294 21876
70803 68435
93435 8960
394 37147
18520 74853
96391 80599
68324 92314
39467 67920
74428 57578
57255 98081
48964 32825
59864 327
92627 51255
39467 45142
13411 67810
15136 53701
85663 47025
1525 80296
25569 73336
28473 98081
28473 27547
95744 58168
78295 25569
54159 14346
83652 94093
58009 20912
35178 11155
1969 19018
25 23356
98718 62071
52956 11038
87790 96681
12051 47399
66747 48917
73696 22350
73476 70855
69388 78779
58014 45352
73367 21969
29778 94745
90689 88414
8202 75239
54429 50541
11369 42612
34287 8545
3431 47392
18594 86176
47529 58455
41538 80705
91790 15833
32959 75515
33725 20842
90818 5760
87619 61385
50659 82836
86251 80228
98788 96800
52969 8202
57246 78993
94225 37667
19222 82409
13879 45142
13879 34287
94093 62353
60468 5090
62758 35186
36357 35412
53040 45026
19289 27487
25569 4947
39567 75692
47733 88659
86290 80782
60546 60468
70834 19500
38598 13013
96681 8197
78993 81242
4967 8960
9225 29904
65220 18594
21911 77093
4939 20842
78355 81246
36123 1623
15251 75892
10324 55705
20842 66747
78717 82232
67341 17659
16985 3780
18153 4967
19500 80875
33272 78779
37960 92469
78355 18535
24974 94276
59040 90191
51632 69388
98238 52284
13879 18642
47025 6982
48150 81722
90191 88919
81139 39366
24121 73367
45026 75572
41832 84969
29423 64097
35377 29755
74587 10839
29424 27988
81246 78427
13013 70830
61804 20110
55697 44707
53970 6835
17957 30531
58372 54286
94745 97333
39419 56548
9697 78692
54963 91906
46763 75515
15481 80028
15481 98342
50246 40394
50958 6919
37821 77053
78779 29904
75166 25024
88075 35429
66308 64889
36415 10633
5579 52956
50880 16631
3235 75218
4728 52284
49572 91512
67319 44601
41029 5090
18382 3511
82196 78324
98799 83158
21392 83907
12697 79730
20795 94782
42612 59159
35714 84017
86298 42612
78427 86251
70855 70800
5299 96681
24616 33272
79934 16985
33735 29755
39940 81264
31381 72995
10633 51387
29755 74780
18535 51815
80705 25472
68164 23225
49679 72112
46694 39280
11748 39535
21079 18823
8951 69896
48683 33516
33567 62542
327 81264
56599 62948
59040 43070
12198 16233
98769 21736
80137 85981
57275 82563
27437 70057
73562 63111
14746 56599
85858 84017
22740 48099
98628 4982
53271 34325
80137 79934
39999 86298
85858 26819
34714 21031
55679 64097
36032 53873
53127 70057
60148 42649
20637 10481
54645 19037
27006 12524
39132 75081
52969 98238
73562 54769
27006 91150
96458 36098
13987 12421
83185 44445
88075 8308
92058 18535
22740 67341
1901 8876
41368 15253
16008 63385
17957 58091
3431 94842
75239 90828
63638 52547
58014 30531
93435 55363
91543 67854
35414 91150
68435 29309
17590 80137
91181 57305
15136 85663
30980 70588
35412 49028
13987 77689
58168 70685
89151 73389
51240 30980
84017 19037
77620 67332
31509 85054
88948 23424
80705 15381
13084 41594
63111 8960
47151 75166
72811 52231
28388 57275
72995 80137
80900 3780
12051 50234
29090 78336
11369 48683
70803 61829
22350 30715
1839 2714
91314 88659
73696 54136
73562 75892
327 69582
55679 11748
13013 73694
24672 27967
4939 12524
52139 44182
36098 39089
39940 91512
69582 26681
96458 67562
95184 84017
61637 92139
22350 1850
54286 75572
17666 18483
41178 33516
1969 8818
1415 33733
91513 63340
58455 57246
45358 80228
33567 73724
79730 97559
12949 22797
48970 63638
48090 11539
75388 17795
16233 42642
30760 50890
48614 34786
58455 87198
48150 41538
48749 12524
38931 43579
28299 96158
46763 18642
21079 25093
89316 33272
8197 79545
9969 1415
10976 33069
58091 78956
25845 72995
75684 27775
49726 41538
87133 27242
92203 12501
73367 43579
73367 47994
60690 98788
93190 33069
65385 29090
19222 89757
7112 39597
93179 70057
92627 25472
22350 90191
31956 61707
27931 52161
776 50236
77093 50895
54845 42370
80296 11747
96158 22797
23225 63134
48917 43281
74342 29778
54286 56548
82749 26215
17666 60148
34930 48395
67854 65798
95259 42243
68908 27145
93991 81722
31138 37960
5090 4134
15612 54429
48970 21031
69799 47399
61707 32541
61707 21747
10513 15851
64889 86588
95790 27976
3943 72811
11038 24121
48964 49217
394 5528
11689 81139
81405 94699
49480 30760
83158 47733
37336 45352
40394 21544
66223 9965
87882 616
22016 45142
18107 54286
98774 43281
91790 90570
9969 20286
90570 78427
79934 51332
39567 51257
8197 28496
69191 53970
73724 90524
21958 29090
45493 34714
52011 36415
35186 16985
62497 18483
588 63111
3235 44601
21156 82885
87905 15833
21544 80782
96472 97804
23225 16840
49217 20912
81246 1227
23424 50890
29042 47529
92621 34160
53127 42480
86290 29423
20772 31138
81139 15253
75892 79733
31381 91360
92203 49152
9225 6982
27988 10614
28388 43579
8035 34325
92058 50650
53521 10989
74342 78312
9697 8956
10614 75684
26524 40318
34287 37960
93775 46121
42576 65798
83652 43907
43907 47529
6835 96158
78324 82885
32137 34325
13954 87619
56291 72811
56291 16397
47529 22277
67341 59040
3511 69771
10614 55454
61534 40685
38296 95191
49030 96158
82232 34930
57305 77689
20003 7139
67562 13084
65822 53357
49563 19222
13987 71202
48558 40846
20110 54382
49812 50770
23356 94518
80875 22016
39205 71195
52547 34308
6081 44182
21911 19222
50895 23225
52830 32621
25175 30566
79733 63340
19259 98142
8035 18775
55454 56717
70685 66282
72134 94518
63911 93179
8929 51815
16840 92203
24996 50559
13084 23225
95505 52284
70062 6084
65624 67341
83652 35178
52830 47151
8035 96391
65126 67341
63239 19259
83129 17590
42510 75388
74780 93435
73336 91130
55415 51425
81543 34900
87736 54769
49152 85560
83202 70588
39366 99565
6177 17468
40394 37103
72134 3943
95744 66798
50650 66838
47958 47392
8545 8839
35429 52231
78410 96472
33735 94113
79024 21031
18757 11748
19289 63911
77510 33538
10639 87198
88905 28473
96458 21881
14346 58508
38598 20611
21544 96391
41555 29759
1901 59040
79545 79730
78427 75892
55153 64538
53970 5299
48395 94699
14108 42243
25569 11155
58557 44468
24616 39366
99588 6390
90191 39660
6278 6982
97866 99588
50880 2561
75239 57919
18483 4728
6370 75166
93435 80875
71820 35414
27429 51257
31565 46478
40685 51815
58009 12198
4928 71604
29872 83170
80296 74059
83504 3522
1525 92627
83202 28473
21876 22682
21392 67319
69251 95505
3235 10931
22758 21042
37566 42510
96458 38244
17590 34714
24753 52011
59040 83560
10513 70685
66184 69191
27547 57263
64449 61707
6081 94842
51257 50659
58091 51419
34663 66223
89014 49572
6835 69251
28229 42480
25455 51423
17492 95237
33272 29891
10481 89757
19018 92314
91157 89324
53127 8197
19500 89757
92621 71195
56291 8956
35414 36737
7485 18823
8960 66798
70800 4134
20842 67258
62542 51240
43478 89014
47064 24121
58508 75239
13997 52161
71967 80900
28496 81722
75348 8876
78692 71820
48600 7139
327 9213
71196 20735
39132 96472
6177 72995
45352 92627
1227 27487
35377 90828
85663 80773
12128 53357
37667 47236
92314 51332
83504 9965
39398 91906
60468 95184
30566 588
92627 13600
96472 34818
66338 96158
21031 78692
46223 41199
2676 16233
81543 1227
55679 5714
83170 30028
24848 45142
1227 17957
98238 78779
14746 45358
77689 34900
95259 18153
41630 21156
56194 87010
82836 98774
3297 57956
53040 8527
14439 82409
79040 36919
50668 81246
18107 28473
42904 73724
16233 33009
91513 90326
34714 52969
92711 22797
10513 27967
42775 69191
45358 8960
48600 85596
31110 51815
2561 99588
52161 50659
90326 15136
4967 75515
62735 78517
34818 60107
61385 55454
2561 34325
19037 18535
64847 12421
71282 42612
39940 87198
20286 8308
94357 76722
48356 39467
79730 36919
41530 51419
66338 73467
39567 96158
41538 79040
57255 69799
26126 48558
94113 25455
14108 88905
60183 82885
16233 79733
31138 73562
97804 8839
47733 78312
80071 1227
91181 50659
80228 39597
33538 33733
26215 20637
53786 55203
80773 33516
94518 24848
74780 95191
67258 80841
89014 73694
71196 47399
41630 61666
49030 53521
27976 17993
50246 8202
64889 73176
4436 19487
19447 4728
2844 11539
32959 57578
23548 73176
87986 72112
97421 22738
43579 90161
94699 4967
73480 8956
90570 25385
75890 78993
12262 74853
20912 64538
13954 74471
5030 66838
9697 78295
81246 98142
3780 3522
75892 35412
85858 42612
51387 20772
67332 16840
38305 64150
18307 92469
82409 10639
6982 12262
33733 39132
3014 32975
69388 8197
1623 41368
72112 63911
64281 96391
21031 36032
12524 93435
36919 84213
75348 21156
20003 71195
39366 29983
39339 11747
50236 37287
4509 9135
71967 90777
75388 53357
56291 98788
82029 7112
4939 15136
35429 40846
25175 48558
30760 51332
20252 84213
13997 39132
68435 42370
53970 34287
38296 24974
27931 34714
8035 6124
85651 47064
39535 18427
51332 61534
78717 22797
37566 25569
51423 48964
62735 92627
19037 86588
91543 61878
48090 7112
24992 46735
52231 19528
82816 3297
4436 63638
81543 53786
15006 61878
83968 1048
80071 74428
85294 65180
27006 97333
21079 89236
12501 4509
33733 89757
50668 74471
36357 95505
58014 18105
90818 17993
5579 72995
79545 18153
29090 38878
70685 616
73389 35673
18823 90570
27487 87905
98769 90765
96458 36737
86588 75515
34160 21911
89151 80841
48600 80782
38244 75572
62948 34930
34786 91157
19487 56599
58455 49152
17852 71202
4967 32037
37287 70712
48683 53521
50878 8527
61707 54286
73862 768
83202 59040
21736 33725
71202 1415
78336 48964
44182 87768
10639 62892
30760 18594
12524 73713
80705 37239
81722 67522
86588 88075
72551 63718
43363 28473
48614 394
3780 90777
52139 12949
51446 51387
56291 98142
86290 54769
2561 68435
92621 21544
98238 97223
54159 1048
98769 19259
26281 21881
11038 49291
75388 85858
16840 89236
7485 39398
46223 31509
20252 54917
10614 17659
61878 21881
47540 66171
6370 97559
87768 27965
64097 41538
804 69037
74428 21876
99565 75515
97223 56599
80900 75692
21079 65504
58508 41594
70830 47958
10989 81246
77093 10839
33516 86290
804 46478
81264 51419
67854 41555
96158 32456
98769 15497
15851 17028
91314 67341
33009 21958
47989 6259
50234 11556
83170 21969
76029 24672
15481 54917
25569 34325
42649 15136
51257 71202
37103 49353
19487 49152
51419 61666
73469 61408
38675 64097
45142 21392
91513 23548
55153 50890
29904 8545
49563 91638
86729 54645
35714 81246
73467 1415
52830 21079
62497 45358
52284 78312
91513 55598
5099 24121
59471 55415
83170 41783
69896 73562
12051 12421
39339 11038
58168 53271
480 30980
80296 46763
58168 71196
47025 73480
41178 17852
81413 99565
41832 18757
50236 77510
8839 78427
46694 480
31138 9262
45358 6835
5528 39339
1415 32959
74901 46121
27967 28388
87133 72551
59040 2676
13954 97060
84017 12825
73053 5090
50880 61519
38296 46293
89236 2874
91314 41538
6919 73389
14108 34663
90191 35673
90524 57621
71463 42271
91638 68559
63134 90689
87619 56194
30760 67854
25 48614
58372 47287
90326 81722
91360 63340
42243 39339
75515 8960
44445 27547
51332 95191
47399 56291
47958 58091
32975 34308
46808 52139
69361 89757
43478 62680
90818 45358
86176 89014
31381 26681
23548 98799
33783 61707
12501 6835
71282 32825
9213 69037
6177 61878
20912 35714
51257 91513
91790 74853
39366 71723
30509 53357
36737 58455
96681 3511
71463 29904
92707 73862
55153 89236
83129 19487
65180 81464
30492 83652
15381 18107
11748 70830
27487 34287
22758 25845
21969 75388
65798 29759
29904 8956
19222 34287
40846 46694
15251 45142
87768 32344
48917 10639
80228 83129
88659 87010
27976 24753
88115 18757
47287 60107
45493 93399
73367 82816
1839 56263
50878 10288
91516 55844
67854 63239
47989 80137
65126 5090
18382 17590
7112 41555
17666 8050
8956 54286
34883 11369
65385 48964
32037 82836
32456 72134
63340 16233
80875 43281
62071 21736
14746 47540
4947 61385
95023 41594
81543 58508
63638 79545
24996 46478
87768 6081
91150 27437
21042 72134
9965 62071
79024 47733
16840 1525
26819 18642
17891 8839
76815 30509
88905 19289
8527 33009
39940 49088
28388 53701
73696 50236
39567 47994
74853 34287
35186 60546
69896 49563
87882 81722
18107 79024
42904 52969
94225 70803
78355 19289
45142 61637
77093 33069
21881 3235
13076 5825
18642 78130
39467 29424
13987 41555
48917 4091
12051 33009
75515 63340
55153 74342
91360 89404
47540 72551
72134 53357
40846 24419
75515 49480
63911 9135
75348 63134
47576 25552
13013 11369
62497 5030
91150 50770
12198 68011
70830 89224
78312 47540
23225 67258
78427 25552
83560 39660
15497 79730
1525 53970
59159 69191
33272 48099
16692 41368
49480 45493
98001 42510
34444 8929
804 7112
69799 53970
5528 91516
82885 71604
27965 82409
66338 54917
34160 91314
92834 94406
34308 64449
89296 72995
25175 34900
51425 15833
16740 15381
26524 11155
5760 34818
83170 21031
1850 80773
3522 47994
77689 20795
11748 69194
3943 38598
79602 13997
13411 73176
46223 97421
89445 87978
28388 89151
27429 57275
78312 38931
4728 32975
91790 17028
85896 61385
32456 10513
79733 63111
5003 69771
11155 43579
63385 69799
62071 50958
65624 70800
26215 85651
79545 22738
17659 99474
97333 33538
4939 53357
89296 45493
75218 12421
70834 80812
34325 36123
97060 64847
8197 12825
58091 43579
69896 42576
43249 1969
61534 82816
71820 83129
53970 61804
50236 87768
51423 17891
17659 19037
86588 67810
17061 48090
51753 73713
31708 35412
58373 27988
24672 43070
37667 48356
98446 91461
75081 94406
73469 68324
90570 1901
16233 6084
44707 65385
87768 85596
52969 93147
63340 83652
66223 93775
99807 34325
12290 64973
5825 39280
33567 22738
13997 42271
85663 47236
97223 21736
33156 28473
47064 39567
42243 26215
57578 42480
47989 43249
83129 2874
74059 59864
34308 53271
27437 10262
85560 57919
49563 18594
92621 59828
18757 85596
25845 55203
60294 50138
63197 57255
92139 46507
6273 92707
5714 29983
49679 39660
19222 36032
77093 35414
58455 41178
78692 10989
47399 11369
50895 62735
81246 29090
50659 8050
31381 75890
18757 16631
66282 39467
15851 18107
11539 79040
66838 82196
80812 73467
70893 15851
15497 32037
60148 92314
10614 81464
2941 60468
17796 83652
90326 7485
54645 6177
28388 67810
95259 82196
78956 74780
22738 20286
70800 12697
1227 64973
62497 9225
70800 53127
9213 20110
92627 68804
98238 18520
2941 34663
38878 74342
59175 28229
26281 62680
91638 41530
23424 35429
21736 75239
6259 57621
3226 80296
74901 89445
55203 84213
92058 47064
38931 20611
67562 92469
42775 89222
30980 69314
4947 37227
12042 16631
62892 69314
48683 22682
52139 36453
89014 57305
28473 27487
87790 53357
17891 72811
78336 15851
10614 24753
62948 57305
13987 98774
15851 1850
37667 50803
26281 39503
17796 96158
75572 47989
42904 98238
74428 67522
14346 96681
87133 69361
83928 98001
12421 20110
51051 29778
86464 80812
44601 82610
25569 80812
45493 89296
47025 90777
62542 1839
98001 21544
18382 40846
77510 97333
10839 17590
81304 66798
92707 64150
78427 24419
17028 4728
64097 32959
18757 33272
4091 80841
3235 67920
24996 76029
87768 85896
39940 70834
75348 89014
50880 53521
94842 63385
3226 48614
36453 6835
36453 83504
75692 72134
98342 91314
82749 75166
34883 27967
89404 52284
36123 89296
95293 89404
6835 29423
81413 89445
48600 5807
85663 87978
51257 66184
70685 47953
83928 67920
51446 92080
89222 61878
50803 98788
48395 98788
91543 59828
66798 33516
54963 20795
47733 71820
96158 17468
81413 25455
50890 71282
8818 81221
21688 26215
80900 60889
57263 89324
91415 34287
8818 49218
27931 52284
55697 99588
19528 78355
91181 91150
88115 69361
18775 18382
64281 5099
45142 90524
50659 81221
95184 88075
13600 5579
81221 4947
64281 91314
55153 75166
10481 4134
21876 55363
62497 9135
83185 50234
2874 87768
23356 36737
56127 37336
92469 69361
49480 98238
8035 54645
73336 32959
29423 94518
80599 35673
69194 25385
35186 50958
38305 92737
98001 588
48964 5030
92711 84017
54286 89404
32344 48917
74471 8035
20110 11539
61804 61534
60148 83504
2488 1227
27775 22797
83928 46293
28299 85560
76722 73336
39535 8035
47576 37667
12421 97866
70712 73053
87986 99565
81246 14746
57246 22758
26524 29759
47236 33725
89151 73469
53357 43249
37821 74059
41783 40846
39940 66838
30492 42271
67341 31110
65624 73389
68559 1839
85722 54159
66223 7494
66747 33735
76858 41555
30646 75388
15136 37336
15833 39467
4436 46446
18307 36415
52161 36453
71463 24121
61534 8876
90191 72811
51423 14746
45352 74587
93057 12501
1623 44601
58014 18642
86176 68435
6124 18105
56548 48600
22274 66223
39467 65385
34714 50659
82610 82749
80228 90818
21969 12051
29042 53271
14746 51257
10288 42612
92469 17061
22797 64150
93057 52231
21392 99434
18483 4091
76392 91130
16985 9969
26215 17061
39398 53357
9135 53127
29423 30646
34900 48917
17492 99948
77053 29309
11038 63111
78295 50803
99474 89316
71723 11748
32541 6177
64150 27967
10976 67854
60690 66282
41029 30994
49563 85858
18823 70893
63239 4134
46763 66838
47958 10513
77620 62948
61804 37227
804 57275
50659 34930
51387 55697
73862 88948
63638 91360
64273 71967
50541 66838
30509 75684
47994 6273
38296 70685
4728 50878
30760 71196
37336 98628
71827 97223
3943 98142
33156 95259
35178 21881
67319 46121
768 35714
89224 15612
47151 5090
29424 9697
44301 95259
47958 83129
5825 13954
82196 87010
50880 66338
70447 82213
19021 13084
41199 53357
4728 30885
58455 69191
98718 92834
64150 35673
34160 13954
57255 61804
89222 18382
93057 6835
37287 57578
72551 95883
80812 51255
49563 90818
61519 52969
70800 16008
63718 35186
81304 73900
49030 5579
70685 74342
95790 75572
90818 73862
73562 99486
44601 52161
19037 91461
99948 33733
63718 22274
48683 50890
48150 87736
78410 776
63911 48558
85294 3297
81242 39503
85858 71463
41178 45352
26126 19021
49030 28388
64150 31110
15851 62680
20912 98799
24848 24974
73176 68011
74587 49291
50890 92314
13879 51753
11747 75388
48964 26281
94771 52161
41555 16740
83202 12051
61666 58455
96800 35186
17492 15910
36415 71887
20772 91790
66838 34714
17993 12697
2561 55705
21969 61519
99588 27967
6278 70800
64889 80875
79602 28299
66282 95505
96681 22740
88659 16008
78130 10513
95023 35178
48917 98799
65624 17061
49291 70803
74471 59864
50878 67341
28496 9213
49152 8929
62353 94782
50895 65385
92834 92711
10288 30715
92707 49563
73480 43478
28388 59159
21156 84017
98769 20637
3780 12524
71202 11369
69191 44445
71967 47151
20110 87736
69771 19222
78517 92621
98081 16636
58091 15136
86975 90191
52956 43070
89222 72811
79733 77510
51446 46808
64281 50668
94699 1850
39366 9009
36123 21958
5528 13411
60690 80812
94782 62735
50138 20912
98628 394
85722 12128
60546 3226
39419 32137
81413 62071
27967 64097
80900 56127
62004 68164
47958 99565
37566 29653
18307 31138
75892 29042
84213 61666
78336 20611
9225 71202
29904 55415
53970 57621
46446 21079
71820 90524
76858 47399
69896 51332
17659 27967
78692 54769
54286 15251
47953 99321
43249 65798
67319 32344
54136 13076
96472 32959
80071 22682
96203 87986
32825 20611
11689 19222
54159 67341
63239 69771
69194 19500
35186 87790
71820 14346
32541 66798
44468 51103
48964 69194
29424 25455
37287 19259
31956 42649
37188 35993
29755 20912
35178 77510
54286 45493
88948 78312
22274 50958
80228 93057
4982 70830
86729 54286
47953 44182
22758 10639
17061 81413
30885 97804
79733 5528
10262 6919
45142 66747
19021 92627
41783 81221
61804 24974
99434 51257
94276 97577
41199 15497
1525 21747
4939 37821
89404 57956
78517 72551
52139 79602
37821 1227
26215 75218
75890 30028
6177 49152
98001 21911
71967 59828
34308 98718
17795 35414
1850 85054
69388 73562
19447 51255
18105 65220
52830 69388
74853 46808
17028 47236
35673 18757
43907 42465
95744 66223
51051 17796
34883 60468
5299 75348
6706 60294
51387 37287
42271 29755
34663 43281
9225 82610
50246 65220
18520 90570
76858 86588
52969 11556
81139 46121
93179 39366
73176 92203
9213 79024
47236 47994
12501 33783
95744 22274
73562 66838
89296 52161
87768 80812
37336 51753
47733 15481
80028 27204
21876 99434
75892 18790
34982 58557
83907 13084
97804 97866
90161 83560
42576 49291
22738 20772
29759 73694
94699 91790
29309 86251
40846 69582
76815 76722
19487 90570
26281 39999
92469 41029
32456 17061
37336 19487
18105 61534
51255 90570
59471 64097
12262 10481
24419 5299
74428 89296
88948 21876
15381 12501
14346 42510
87882 66534
94113 80599
70057 5825
81242 71820
87198 86588
92621 35993
3780 1227
67319 87736
50668 3226
50878 18153
12198 11556
616 32456
75515 85981
3235 32628
34900 48614
16692 54429
74780 91543
35429 60889
16985 55705
35178 61878
97559 39503
55697 24974
94093 89296
80900 9965
83158 69314
85054 26819
80900 64889
78355 10639
16636 49480
34786 39503
44468 4509
34160 71820
24321 58372
69251 83652
63239 33272
85006 89222
76815 69314
1850 51255
30715 18483
33567 89151
73696 96681
87882 98799
47989 92058
34786 32541
28299 20637
34663 30980
38598 42642
55705 60183
38598 78993
56548 57621
82029 75239
37188 15910
99321 1623
29424 11747
75515 58372
57919 60148
56717 69251
49030 10614
52830 39597
3226 47064
50668 54136
67920 51815
69582 81464
42904 11539
31565 59175
91543 1839
1850 90570
33783 588
25385 58455
54286 10324
50138 37188
6278 63718
54159 19259
13874 70057
96472 94357
75572 6081
48749 62004
70588 53040
55203 29653
57263 68435
50559 24996
78336 32037
94518 61534
66308 84216
34325 36919
66171 3431
44445 21969
75515 53970
39567 93057
8307 30715
96472 13600
87986 37287
61519 17590
12198 39567
5579 2561
48356 30566
89014 10639
21911 42480
91461 89404
7494 30492
58455 19222
92627 99588
73562 75388
48917 34786
53040 92469
24121 92707
15381 41029
34883 6084
53786 91543
25455 97804
2844 10596
65220 50895
71195 8035
87010 19289
12128 4967
52830 39366
39241 44601
50246 84017
22797 45352
24974 22797
6715 58009
83170 12198
75388 47151
59471 26524
61666 79040
30028 29872
36919 39567
51051 74901
10839 93399
41178 85006
68559 6835
13084 15381
58455 35377
48395 54845
82232 86588
31708 27967
34287 29872
83907 15381
1227 62542
36357 84969
21079 57578
9262 20252
91360 25385
27976 28229
29983 24321
97866 32825
53271 85006
33783 63911
4091 44468
85596 25569
23356 39366
67562 18382
50234 35412
80071 72134
82563 73053
56127 89224
98142 68908
56127 29983
57275 73696
49291 60148
70588 29872
53786 6081
41783 804
66308 17795
78130 91461
94771 92203
61385 20611
90570 28496
70855 10989
24121 60690
39999 13013
37147 95259
69361 5579
83907 21969
94225 30531
8876 30646
75515 73694
804 97866
37821 3226
8951 39597
96681 54159
41538 92058
45493 92469
15910 6177
53749 54845
43363 21688
50246 44301
10614 29042
98342 62892
9225 30715
30509 60889
14108 75890
98769 21958
78312 66282
41594 64097
12421 2874
76029 66534
98774 2488
47236 12501
78993 50878
69314 7494
65624 30531
15910 82749
87133 39567
23225 82563
75684 64889
82213 78779
15381 28496
31956 63276
78336 78993
39280 70893
54382 2941
32628 78355
17852 59175
90777 39339
62892 98142
30885 37566
63638 90828
56548 90689
71827 24616
8951 27988
70893 87133
95237 96472
94093 11155
67854 80900
64973 43070
49218 78517
43281 54917
98001 30492
85981 52547
2844 10931
16233 19289
43363 67319
20912 39999
63718 53040
94842 41538
29759 70830
40846 87010
81139 68324
74428 86588
3226 99434
38878 85722
18153 37239
82232 20252
83560 45142
30566 80841
29042 41832
18535 94782
37147 17659
42576 9213
91512 21079
93057 16985
59471 86588
34818 62892
69799 41199
48964 62892
12524 63340
17957 98799
78130 39419
43070 33783
97804 24974
57255 6273
98001 13874
41832 8951
91157 44707
53749 67810
3297 5030
74901 52331
50890 11539
18427 26215
53749 43070
92203 32344
54917 52547
41368 41630
87736 25024
17795 92139
58455 71202
2757 30646
22682 3235
82213 69388
69799 24321
67258 82563
50659 76722
38305 91461
52331 13411
4982 14346
75218 35414
38878 19447
48356 94842
80812 33516
34287 93775
16397 21079
94518 35612
34883 6081
95191 89224
53040 52331
62497 60889
92711 21042
45142 83928
95184 94406
90161 42243
85006 19447
24848 78336
19018 73476
55679 18823
2874 16692
76815 56263
43907 37667
77689 92314
51753 9225
62758 55705
70588 75388
19487 6982
6124 69771
48970 89296
12128 1048
71820 87905
33009 69799
8951 85560
52547 9213
94113 77053
16397 21969
98774 7494
90326 94276
28496 64281
70447 61454
32037 27006
24848 64538
48749 7485
91638 90326
21031 74901
64150 19289
39535 80228
10513 21156
98238 58508
39419 56717
54286 88414
8545 6084
80071 15136
17666 50668
28299 56599
25024 50650
92834 39597
73862 68324
11038 17666
40318 99434
93435 78692
93435 91516
48970 42480
38675 49218
33272 19487
68324 60107
53357 71820
96472 4091
90191 55679
10931 79040
63911 75166
30028 33725
6278 52331
25 89324
78130 13997
10513 96472
78692 90765
13600 16764
57956 49291
42904 62071
37336 34714
36357 85722
27204 11748
87010 50880
28229 60546
82409 83907
31509 2757
80137 25472
28388 73336
18153 25024
29424 28229
16397 50803
66308 9697
12825 45352
99321 42243
5528 88075
50138 90828
37336 20252
29778 14439
64150 73724
38244 92737
98769 21544
71723 41594
78312 84213
70855 40685
18790 75166
65385 19487
27547 83170
35377 93991
61666 30760
29090 29904
15253 64847
61637 91516
81264 61666
67562 37667
37821 45026
35377 29778
6982 90570
87790 66282
75239 34663
52830 3431
14108 89757
20252 33733
98446 81413
89404 34287
10614 18823
29424 46735
73713 21969
48964 71195
36123 35429
4436 16740
30646 94842
14439 79934
92314 17957
95237 27429
35186 83968
50958 67810
52969 58009
49291 31708
10481 37667
98446 85560
4928 69361
96158 84017
8929 20912
42612 83158
18483 61878
10639 96458
75239 39535
60294 56548
76029 96158
63134 53357
39940 12042
47287 73696
55363 74428
76815 83968
21688 14439
5003 98718
74853 66338
41029 97866
99948 39241
65220 81464
21747 37147
48749 82029
87882 54645
92627 73053
80875 75166
46293 9225
50650 24753
51423 45358
28299 50650
25569 91181
47994 4928
7139 70062
54382 50880
95505 42465
3522 64538
13422 19500
73480 35186
68804 51051
14746 69799
21969 21031
20611 28299
19289 55203
99588 65822
48300 81543
44301 92080
85981 85651
32975 94771
1839 52284
3511 55598
36737 50803
46121 67920
75572 22016
81242 82196
35412 4947
53970 41530
21881 51103
70588 32037
85006 32456
70893 91516
83928 46446
95023 76722
26819 47994
21688 61804
20795 5030
44468 4928
80028 33735
61454 95259
56599 84213
99948 58091
74059 43363
78324 78717
55598 81304
91461 19222
46121 77053
92314 68559
57956 98446
73469 71820
21958 62892
5528 16008
13997 41538
30531 62353
31565 45493
50236 73176
45493 27547
55203 73469
36357 86290
62071 61829
33156 21876
29423 2086
75692 69037
46808 9009
73053 62542
30531 38305
62892 70057
88075 23225
92737 6278
21688 65385
90524 12262
85651 65180
46478 15833
54917 83560
15381 4091
75892 85981
94782 46446
34325 2488
39567 69582
5825 22682
22738 86298
83907 14108
74587 16840
33156 42904
48970 27775
46507 54645
99807 14346
85981 96800
51815 63385
44707 6081
70206 79733
10481 5714
3297 84017
80071 66282
6081 48600
45493 32541
21876 21392
16636 89445
61454 42370
54917 53127
80705 33783
69037 10839
34982 82029
8929 79602
4091 17852
16764 37227
46507 6278
85896 56263
13600 4509
31509 10262
4939 63385
36919 8307
65385 43907
60690 77093
49679 64097
13013 39535
17891 52956
63197 46735
75388 49572
13411 50236
92314 77093
98001 15497
18594 83560
30980 75515
62071 49572
49812 79024
94518 60889
41555 55598
65385 73476
5528 70588
55844 95184
24672 46293
16692 62353
74853 32344
90191 19037
50559 95744
98788 50890
18642 69361
99474 51419
21544 33733
25385 97866
92711 24848
46763 94225
74587 54136
91638 3780
95023 88075
26126 65180
5807 70893
69194 94621
17795 51257
23548 4509
57275 39280
98142 27487
69896 72551
4939 89222
21079 28473
36357 46446
89404 71282
90765 92737
58372 87619
29424 92469
43579 38878
61408 69194
57956 16985
36453 86298
4509 28388
70206 92080
55153 65385
41832 11369
11747 64281
20110 73900
4134 66223
47529 51632
74587 82409
65180 32037
22277 91516
91516 92058
23356 30885
46507 29778
9969 51815
46507 25385
97804 24121
32344 9009
56291 39597
84017 87768
87619 73696
69799 78692
86176 71604
78336 2757
36032 58373
40394 53271
98718 50659
96203 19500
16740 86729
54159 33735
56599 45026
70855 24672
50659 33516
91150 53786
17796 49088
75081 71202
8960 80228
78717 44301
50236 42510
42480 75515
49572 30492
30566 1901
5090 80599
66534 87010
89316 27965
42649 3511
81264 65624
57263 75515
37147 8545
19259 17659
24616 17590
68804 6715
70855 91360
59040 11539
41783 67810
56291 33783
59175 70893
78295 8818
43249 82213
89316 61804
87736 83188
59828 98238
40318 5003
78692 38296
96681 38598
50668 19021
53873 21736
68435 9225
19289 19447
16636 78130
32456 75515
15481 17796
18823 43070
76392 29755
90326 394
13879 11539
16631 93399
12198 36098
89445 93179
73467 3297
61408 87978
46293 37566
39366 75081
13600 73562
99321 80137
13411 22350
17993 55598
10931 98769
71827 94745
20252 97559
63638 83129
59864 55697
8956 37287
70830 86176
92627 20772
3297 2086
30028 25093
36357 49028
4091 15481
61519 78312
91461 83188
32825 8951
17492 13422
17492 78993
41832 4982
17891 66747
89316 37960
9213 42775
42243 88115
80782 1415
98628 39503
98788 37667
65624 69314
94276 16631
68804 71827
52231 98774
18483 78517
81413 22797
42576 5714
66534 8050
29904 91638
34663 22758
15481 42775
6081 66184
16840 63340
80900 87790
69388 55679
53040 3014
31381 86588
67854 80812
29090 19037
49812 81264
49152 65504
39567 71195
95883 8308
82816 50880
9009 82213
85981 6177
81405 77689
6278 74587
58455 81246
13411 27145
61408 2714
27976 37287
24121 16985
69037 34325
46507 20110
86176 47064
55697 64273
94406 20611
99807 54429
50236 66171
51425 94699
94771 48356
71887 30509
51257 86298
65822 35178
17796 83968
85294 28299
85054 24121
29891 82196
13084 25
92080 33783
93399 39280
61666 16840
18382 36098
75388 61804
53357 8202
77053 17795
50803 11539
24321 97577
39535 79934
60468 34308
23424 31110
42243 36123
776 87978
30885 35673
48600 74059
75890 13076
14346 53521
97223 34325
30994 29755
8197 71195
92203 86298
94771 24419
88414 37960
4967 97060
91512 42576
53970 25569
63718 71196
16397 19259
32628 74428
24992 22274
89757 90191
8545 20637
99474 74471
53701 22277
45026 51103
51419 84213
80071 48090
80812 99948
85722 85596
4928 30531
41630 51446
8951 35714
66308 8050
54382 54286
71604 47733
75692 18535
5579 6273
85722 40394
47733 89296
57263 4728
4928 35612
33009 95293
8839 42612
10839 88075
70588 81405
88905 60889
58372 70447
68324 67920
17957 616
64449 61534
91415 74428
60294 85054
48600 46121
54769 79602
71604 26126
83652 48964
16631 66838
80228 47953
8527 80900
58455 92834
76815 21911
13013 51446
61385 88948
81242 79934
32621 87768
49030 93775
25093 32975
56291 19037
36415 75166
41630 5528
19447 49291
52231 69314
31110 34444
29423 32959
92737 78336
87010 70588
92737 86464
33538 4939
95505 51332
34982 6835
12524 28388
98342 2844
27006 46446
61534 34444
72551 36415
18382 81242
48970 24321
50880 96472
86729 66798
76815 66798
53040 92139
82196 21392
71887 81139
35377 62497
58508 17028
51446 73696
82749 11539
78427 32628
10976 19500
66747 85006
17659 2488
36032 51423
57621 20772
19259 89296
44445 11748
73389 91415
31565 76392
18427 35714
80900 61878
86464 31110
59040 21881
40846 54769
75515 72551
95184 73694
32825 45358
29872 74471
68324 21079
5825 78427
43907 6919
10513 91360
14439 95293
50878 5090
17666 53786
27006 79024
50234 24992
39421 16692
81722 25845
71967 6370
76815 97421
10931 33733
25175 47392
88115 20611
42510 3522
17028 67854
80296 93190
96458 69191
15851 82232
65385 80071
87790 85858
768 12825
55203 50880
78410 9213
48614 33272
82836 70712
69194 80137
42612 60294
32137 41783
59002 48356
54136 40394
50138 58557
70712 91150
85560 21079
45493 59864
95191 15381
90326 34883
61804 77689
1623 87133
99486 86729
21079 83652
81722 98238
75890 39535
18535 53127
61637 15833
96472 21911
93057 88075
61666 11747
8960 23356
25093 13987
94518 67810
37227 99474
18427 33272
84969 67319
64889 47287
92621 54769
38675 33783
25024 27487
80705 5579
87986 50958
89236 47064
52161 41555
5528 69896
53873 30760
1850 11689
56548 52231
6278 18427
94621 19018
5807 61534
81246 33733
23225 90326
56127 32037
47399 70803
43281 39419
51632 34883
95505 6278
65798 86588
30980 91181
13879 59864
11748 39421
11556 71196
35612 68559
62758 82816
37287 68164
17852 90689
82885 28299
49572 16764
34982 19259
72995 13076
53357 37336
74428 33516
36453 52284
12501 98799
