1000 5000
--
19464 13518
49714 98661
17330 60602
59699 12776
79020 85897
14657 8969
51983 15656
33132 87450
90978 99036
7890 38034
37077 61873
88232 2739
88334 84275
45985 95732
61171 79084
88830 43371
32089 51042
11876 27808
32679 45082
79084 32104
32765 64046
10516 75035
79858 66030
92792 34836
19420 51983
97045 22748
92867 21198
78049 10816
88565 9425
13368 17753
8938 63437
58404 95992
52645 36634
87082 75735
45435 41941
15918 46333
10616 29382
66869 76813
74572 23047
71754 1926
24250 26822
57158 38673
91059 6929
11876 40224
72476 67610
93477 62129
29382 87795
36634 71062
24408 33488
15406 62431
10645 51114
69946 95091
95430 19581
23837 24225
29116 14657
82925 42819
40724 84004
82476 1052
94610 23525
40112 45493
98748 24153
85386 27916
55818 96429
85863 93694
79020 66216
25982 55033
51237 5852
72476 12757
52645 30925
93416 39987
66869 52347
38673 89651
22838 48455
13281 2052
1120 66819
27761 47450
30586 88864
81504 99342
12417 75505
26555 11520
82925 74088
96764 99866
963 53386
6469 31600
15656 8729
27291 84759
17330 69946
64045 22784
57035 92731
28435 16731
20074 35862
77129 31299
76001 52103
45985 5382
67240 41240
51237 89875
17330 89160
43288 37555
8137 36130
79084 93756
45005 69144
17330 34778
1891 13548
90978 75800
78503 61133
49626 3056
11879 26048
28815 8121
31299 1872
15821 84519
80655 88334
82476 43812
39227 16071
72416 43288
61785 93605
42282 32900
15757 25728
31960 50164
67920 99097
84519 45649
74612 1998
84275 78210
37077 29342
1891 56664
34507 11976
57035 26862
69767 73426
47137 18281
36694 19311
79084 8156
13368 95347
36447 35138
13368 94761
12409 69065
45828 90978
53458 91014
11503 70907
40498 72096
8089 55852
6975 90289
10569 8107
96349 48218
30492 7890
8818 57503
40119 80765
44321 89426
71262 64045
84625 97958
53458 65418
35138 54782
78157 93862
1180 33517
19503 43184
55952 33786
25982 85867
84275 41915
7691 32056
21861 52602
48304 34343
52645 66286
20074 74177
28538 21065
60526 8698
37077 38557
8938 69196
79084 67240
66414 92982
8261 91958
35874 40335
56380 56136
12601 17611
75896 46795
11382 44221
52574 60372
67240 32765
46929 86169
42282 92792
52347 25352
55818 44577
8261 51970
10569 55028
99847 56380
34731 85072
83521 94719
49747 51360
25982 36694
6578 75197
81229 97479
52082 46807
39275 56586
2350 56567
88565 28358
9742 5408
4673 40874
97958 57353
38338 28430
64574 87090
35807 6619
29224 30774
65351 95213
31276 27444
36634 45527
98348 66130
75639 88232
52442 47701
84625 77167
40498 8812
10816 40679
14742 20087
89361 11134
15656 76248
43288 72162
1575 54023
61015 69760
66869 7710
83792 35807
61181 42932
67920 57387
34865 57684
85000 435
10914 57035
92792 34731
96764 20466
45985 65652
57145 49660
64187 31647
10914 10946
4034 87212
85863 81184
64362 31960
1948 70020
97525 76809
74042 79952
66149 62410
52535 25136
88544 20494
74612 11448
25818 88533
29342 95461
2350 88544
20074 43093
28342 55845
90978 69468
45005 27803
88565 66709
67050 33405
80655 10569
21972 46929
64045 38783
91958 97227
17149 40119
32679 82231
89426 27940
55092 66238
24408 79602
84625 15821
1335 62313
92706 16446
86639 80307
68139 6307
1998 3904
62005 72603
69230 67408
28002 77036
46500 83521
38255 38441
67240 23546
16898 79020
66853 66627
28538 66641
19421 72726
69870 6484
32679 8261
91103 27291
94914 20956
75826 35537
89426 72416
91014 38943
28538 58244
41777 50541
88565 24250
82925 78049
12601 60752
84759 91699
93467 8089
98348 66701
1891 84803
61171 31397
75149 64975
66414 96093
19503 59658
75826 56107
66709 55092
77129 47104
57158 98748
32089 82476
98748 39837
17149 73516
59639 41839
58793 24428
19420 59580
91103 85386
71754 8938
75735 76001
44648 50134
38723 66854
68139 67190
33303 80664
72416 29114
8156 15274
71060 16424
41147 63530
46929 50856
79739 38099
24221 3497
41544 16619
93310 83303
26430 26330
79084 66383
26822 75808
28089 81464
29193 36133
41993 90514
88565 19541
48304 90557
85180 23297
52347 19420
59658 37761
36447 52645
92864 6299
89875 41904
41777 85503
94067 83752
29116 99847
76813 1575
35300 60183
75197 59873
51042 37077
17149 77129
69760 7895
52574 39384
10914 32089
27908 1948
44577 22430
5408 87717
63744 2404
76338 89596
10914 8818
92982 87589
55952 62385
10914 28435
1575 56223
5408 7691
42282 48950
91103 78928
32416 63878
31521 69767
21966 11503
32679 48304
19232 61171
49626 94748
21065 40611
32416 11537
78928 73283
36447 85617
58181 57187
17149 49626
37761 58181
97966 13472
27291 63583
59580 36777
13368 32013
74042 41486
72096 96097
70172 18995
25982 49747
42236 37051
64187 50655
52148 73079
63437 77175
67240 86846
54782 43983
94903 22017
90978 79858
79190 2476
73079 48611
28538 29197
19232 15757
587 97907
61171 29116
31889 72680
26555 40498
37622 51237
41977 84931
69230 92706
4673 52731
14865 24069
79739 39873
77902 27908
25728 90004
11382 32024
48039 97975
71412 11382
65163 88791
40498 48039
27916 68107
75197 2348
85072 4468
54419 84268
93850 97511
26555 63790
36694 22900
6195 33371
67920 77914
91279 55542
69946 64227
8818 51324
78210 59639
17149 71166
62220 21312
28002 29193
94719 82937
87082 10738
76893 66414
11153 30586
63583 80677
66414 12409
76893 56636
70020 8137
65185 47774
72096 30203
84625 73696
59872 70942
8812 42990
35191 52442
28164 15486
69230 6466
61171 71262
35862 24609
20569 41147
84004 29224
52148 32037
10616 34171
89875 6629
96764 71060
19232 17149
35191 11879
52645 64574
27725 21030
36694 63744
50679 41993
83521 70172
24069 60093
99847 68989
42320 1120
28974 8973
72096 49714
21972 79922
10738 11932
67050 7785
53386 88507
62654 80655
86169 94166
69679 14590
10914 97045
40181 10587
5259 93601
72096 83792
94610 91059
68233 9107
68139 30557
58244 15918
12601 71546
10638 27540
38943 84517
10645 57689
85617 6027
87082 5719
25982 81208
96337 23909
76893 95959
91958 82366
38713 47137
30925 69435
31521 52690
71412 54008
94067 40763
65652 23908
57158 59192
23031 52574
11879 23031
77902 85000
68139 28656
38783 19503
89505 9967
15757 44321
11153 83355
8261 90951
79858 25005
76893 41863
7691 86708
51970 72930
8261 2931
57387 81499
76293 82535
65682 67469
67885 93477
63790 47798
14657 31276
65351 8979
21312 15720
26555 81347
38783 75826
1891 85863
68251 6975
18281 73383
10787 14742
99847 39748
88565 26555
21972 61181
89361 56249
31521 6469
20074 52246
95192 90551
27725 60611
89505 17904
67240 52837
19873 79415
63583 35191
27940 9158
64574 34910
66207 92864
49467 49533
28974 20628
56669 21211
41993 78121
10914 88565
83900 79874
81184 31863
32013 1061
64045 21972
63200 34736
56107 21046
19232 52148
8261 94903
80809 7133
52246 52791
86639 77760
73206 83941
87717 535
81057 57531
29116 33132
46500 55805
66238 84623
92458 34865
39748 91480
13554 74042
46646 18043
64045 98332
69870 78503
12409 67474
76893 95430
39748 61785
73206 56669
75896 35874
73193 25818
33786 41544
79190 78157
47137 88469
70172 14406
79739 42931
52246 36523
61171 27725
29116 36728
57035 587
38557 68323
917 25849
28884 45985
52645 94711
97975 630
71060 46998
94748 15649
59580 54419
66383 28974
59699 9864
264 64362
48039 10616
52645 30696
89426 38713
37393 14467
79190 39765
41147 84112
9158 17686
42901 45043
34507 68139
99847 264
40498 6195
26555 9742
99036 38723
92864 73206
58639 50249
65351 67838
97511 46646
21574 5301
79020 61319
71754 31889
49626 3848
28884 83900
72930 46721
79415 69027
82858 25484
36447 67274
22838 3762
41993 37119
24225 44468
31863 94067
67885 93850
25728 19464
87082 76427
10645 81706
9742 75639
5382 29012
69767 81229
63790 74103
67190 6928
49626 20074
62385 19894
28164 7044
84759 84996
19541 16898
21065 64187
77389 42809
45985 38395
23546 28066
61171 54064
67885 28538
53458 44648
11879 21861
56380 95192
6578 67050
33786 61015
66709 91103
11448 64742
64227 60526
39748 79739
28884 59514
52535 30212
72476 65981
52082 63761
44338 18415
61319 42873
19464 1891
64045 79164
93605 96337
81184 68233
63790 74612
79084 11153
76813 34507
84623 91484
77129 19421
66207 33303
65351 96349
17149 50679
81504 27100
24408 6578
85000 47985
15757 36447
77036 48648
77167 89505
64045 12601
19873 49367
8156 97966
19873 11926
44850 51187
31397 70090
6940 97081
15486 90318
8818 21649
66207 82858
42931 51919
99866 35727
24408 43087
88334 39998
92458 84625
19503 46893
27250 19657
65418 40619
23031 75149
72416 15536
8089 39227
67190 37013
22748 78031
38099 28492
11879 28815
37738 65501
66238 43396
31863 74454
10516 40112
66414 13384
67920 93467
77389 57145
74088 27250
95213 49467
24408 57158
27291 96764
38713 68147
95091 59699
81057 4034
11520 18905
57684 69120
91103 40181
24250 10787
79928 80282
29382 66905
587 75896
44648 917
66383 24221
56380 66618
98661 34576
29382 85507
30925 45005
72843 94997
31863 6940
75320 90239
45649 55197
94719 41977
89596 9977
95959 53458
65351 47986
31521 41777
4673 36552
97966 40364
38713 89135
91014 97525
10516 14610
89505 43561
1872 2376
42282 85180
68989 36216
98748 59872
94748 69870
84759 76293
96337 49142
27291 10516
71060 19251
23837 43495
76893 78029
91699 52668
16898 36168
66030 93416
31521 41205
92867 42320
28002 78499
24408 82491
85000 86205
71262 77902
1575 77988
65185 21574
28435 93310
57705 9125
91484 89710
99847 63200
83521 72843
30925 11876
79928 76953
92706 68801
52082 68251
79084 56436
78157 58793
69196 3370
32089 10645
264 27468
55952 31521
20628 15224
97045 1335
42282 65682
1214 7967
39227 8625
75826 2660
41544 85324
4034 58404
89596 18442
39323 42901
15274 10638
23546 28455
75826 87082
69870 86766
41863 39712
10516 62654
50679 30492
67050 70291
76953 14865
89207 65185
8165 94914
29116 65353
93467 50096
34778 18913
31276 6363
46648 38846
65418 25224
67920 39323
24069 1180
32104 62786
19464 82925
66854 81504
1214 28089
9864 44850
47137 1214
97966 22838
31647 48957
2348 71412
79084 45828
19873 28002
52148 20569
62005 26430
1575 26834
78121 70004
87082 97571
32089 73193
63583 94610
43184 27861
29382 37393
71546 62005
15757 68708
15274 12742
17753 13554
35036 22593
90551 42236
82476 37622
13368 39967
33786 53828
81208 79
39765 63261
46929 32822
85867 26047
30586 46648
26822 13368
79084 11603
42873 52535
91958 40724
67474 82633
11876 86639
64574 84564
69767 12417
44577 8773
24408 27456
7691 4423
26862 30928
47701 45788
61171 26267
31863 3715
98286 32566
73193 38338
29116 11718
27725 89665
42282 54599
75826 45435
67885 80809
30696 17468
56223 521
38723 28077
83521 25982
64045 52082
48039 55818
10914 2350
21966 61510
81184 78101
8156 66207
79858 28164
54023 78751
69144 2147
31889 69679
4802 37738
27908 4673
78499 77151
6195 62434
72416 6302
78121 60367
38557 71792
10787 70373
8156 55952
67050 7801
75826 64440
78049 98348
97045 31759
94914 28582
22900 92735
52082 98286
85507 34760
65351 19873
55805 81057
12601 44338
61171 12586
6466 35036
40119 15259
82476 17330
28164 89207
10816 85872
72726 39275
30925 28884
10787 92867
82196 32416
93694 8611
30696 6520
77167 32679
28358 27761
82925 69230
55033 58639
90557 25164
10914 66869
8818 74821
22838 89414
89414 59466
40763 63464
34778 4434
78049 44373
20074 24408
76893 67885
40181 73797
15406 93373
74177 57011
79084 76893
63790 20484
91103 66149
50679 75320
94067 66110
3497 99548
56136 21966
90951 5591
53828 82196
52645 23005
88334 77511
6940 65163
66149 74572
47986 17926
59580 963
27100 86443
2376 6400
57684 99819
74572 33535
2350 8165
98661 57705
97045 71754
78031 34669
12601 35300
67274 25068
40119 15892
74103 22041
22900 28342
26555 46500
82535 72476
58244 53266
23546 26006
1948 87599
32679 15406
79858 89361
94719 98097
69760 4802
28492 62120
21972 10943
38723 5259
93467 77389
47985 90879
30492 45568
86846 88830
97966 35550
40498 67920
521 63658
34507 76338
10516 74556
36728 42282
12409 79190
27291 46835
31521 30216
50096 85881
37393 38255
53828 62220
38783 91279
35874 15684
91103 92458
85386 13281
32679 65351
93850 79928
80307 25894
90879 11760
89426 23837
17330 97672
93477 41565
57353 94128
76893 33594
94067 35348
18913 66853
24069 77749
15757 10914
80765 75662
88533 59704
35550 49091
41863 98504
27725 66159
--
92982 8611
20466 85180
66905 73516
11976 61785
36133 25005
88232 52535
26267 49660
61015 96764
36216 32056
96337 61171
21649 62654
65353 79952
25136 83521
50679 31397
57035 33303
15918 93850
58639 77902
99342 41863
75639 65353
40112 37555
37622 41839
45527 73193
43396 8729
37393 44373
64227 36777
42282 24408
7967 73206
8165 41904
58404 4802
63464 77129
94128 58793
60093 20956
60372 2476
18905 87589
21966 6307
57689 70373
99036 6195
83792 21065
85867 16446
52791 66238
72680 89651
77914 88232
92706 77167
85897 35537
40679 85503
76953 3370
74572 89135
57387 82476
4434 68323
55805 78031
72416 57035
35727 71546
57531 52535
76338 63761
83941 97975
59704 34865
94166 35537
97525 79739
77175 51187
49660 96349
28435 38557
56107 67920
34910 97571
95213 30925
69435 19873
56567 88544
264 37119
92706 98286
22430 8137
19232 1891
11448 76293
6466 89160
97525 74103
3370 24609
27761 17686
40119 38713
81504 39275
8089 57187
76893 69230
13368 52645
37761 30925
1180 94719
47986 68107
27250 24408
96429 21649
63761 19251
43561 41205
12409 89414
25224 29012
15821 38034
79602 55805
97966 46835
13518 2931
39323 39837
75826 10943
37051 30203
8107 57353
24225 8137
48950 39275
1891 38395
2476 6299
21030 21966
58404 55805
82231 37119
87090 79928
61873 46648
50679 22593
43396 18043
7044 27861
47450 8107
83941 70172
45435 89426
39712 24153
35348 1335
34910 6929
40724 88507
43812 28358
42320 64362
75639 35727
17926 66853
52246 93467
76248 25818
43812 46648
49367 21198
97966 82858
69230 29342
12776 30557
6619 14610
20484 61181
63878 85881
52082 96349
28815 15536
11603 34171
36447 93601
79739 97672
22838 47137
85881 52690
35807 52791
66618 98286
264 67240
27940 40763
65351 64362
88830 72680
85180 75826
91484 94610
66701 3762
67885 57387
26555 98332
8729 52731
66159 3715
11760 27250
14590 54008
27291 65981
23909 61873
46500 52602
41147 85324
82633 46721
10516 57187
50134 94166
78928 35807
65185 18043
40335 14657
56664 86443
70373 33303
62005 10946
85180 70291
36728 40119
76427 14742
77760 65351
3370 52347
14865 47701
39765 32900
27444 43495
5852 40224
60602 80655
4423 83355
66216 40679
8812 21966
79 64574
16731 44468
82925 38255
74177 59192
30212 52837
1891 67469
95959 22430
66869 92864
27291 75639
99036 28430
31397 20628
48648 10787
26267 66869
43087 55542
25849 66701
73206 78049
63261 79602
70020 85863
87717 11876
66159 3497
72096 93862
3370 13548
62120 79928
99819 56636
2404 69120
11503 91958
42236 82476
68708 62410
32566 38943
75800 65418
71412 2931
40112 69679
93373 50856
39967 28492
3497 53458
27808 71412
81464 73206
12776 42236
44468 58244
89361 82366
2350 12776
82476 99036
94711 20074
78029 31889
10616 11976
97966 58404
76293 5382
25068 92706
74572 36694
71060 49467
60367 1214
52347 45828
77749 32013
76953 43561
88469 41565
73383 18442
55197 88334
14590 435
42819 94748
98748 47985
6629 57684
69679 7895
27291 5408
67469 63658
94914 93601
89426 43561
20466 85872
41544 51187
77914 65418
55033 58244
48950 11718
13548 62786
12757 85617
34343 16619
58639 83303
49142 88232
52690 69767
41977 75149
79164 15684
26834 86708
55952 94128
95959 1872
93850 78029
78499 11520
80809 47985
46646 3848
12776 1052
50249 37051
15649 67274
87795 96349
88544 97966
91480 28582
9107 12586
38395 89207
32765 84625
79164 39837
51983 28066
20956 6027
95959 46721
53386 19657
62654 79952
84759 42819
23837 97672
66853 21574
83521 74103
64574 48218
78101 69679
23297 95992
11537 87795
79952 39837
82535 87589
86708 38723
89651 27803
71792 19251
16898 6299
14610 66286
29382 46929
2350 57689
25484 435
77151 64362
39998 60526
65652 4468
25224 34669
1120 29193
25005 66641
2660 33303
62313 61785
10943 63583
72680 87082
44850 77914
72603 64227
61015 33405
26048 81184
81504 27444
86443 11134
55805 66905
4802 66414
74556 49467
4423 17611
11879 80809
22593 77760
50249 81184
82858 27456
31759 37119
38783 60183
25484 67274
92706 42320
14467 31521
56436 28342
535 39837
11537 31521
94903 94128
31647 12586
57689 92731
29342 93373
78499 6299
55952 7895
18415 48950
44850 28455
73193 39837
84517 40119
95192 48950
24428 67885
48648 72096
65652 13548
65682 535
32056 90318
6466 83752
83900 75197
97571 6484
31397 40498
11382 51237
51983 65351
86639 34760
29116 32024
66819 49533
24428 34736
95959 91699
47450 46333
30925 56107
76248 46500
71546 89160
91059 69144
37013 6466
53266 94914
33488 6027
81706 23047
69027 62120
19657 81464
86766 61785
12776 48218
69468 27456
57684 96349
98286 15892
63744 97227
18905 15536
1061 71754
34669 31521
49626 25224
61873 40874
54599 43983
87212 77511
58244 23047
24408 77749
72603 11879
82231 78499
28492 79
51324 41977
3762 33535
11520 39873
38943 41544
47450 23525
67190 64975
41941 40679
90004 27908
15649 41565
85867 39227
91059 37051
74572 6929
8969 4673
2739 68323
77175 41993
80809 41915
95461 91699
60752 74556
27250 45043
49714 41544
55197 61015
80677 16619
52668 97525
38441 81184
31276 33535
5408 56636
62786 46648
60602 32416
63744 85180
264 28089
66130 87599
39323 73516
30557 15720
15259 75197
90514 83941
19873 81706
28002 7967
42990 42320
98504 27761
67190 27540
18913 88791
91958 6195
8261 85897
63437 89426
10616 44468
56136 84625
82535 63744
24408 42931
57011 40224
98748 6466
64046 6975
44648 70942
29197 64975
2739 22838
46648 29114
62220 2931
83521 93373
6928 81057
45985 43812
67190 17753
65351 35138
4034 7133
71792 5852
23525 28884
83303 11932
83752 37051
84803 33303
25005 4034
60526 38783
47985 5408
6307 84625
5301 1120
21198 28455
70373 55028
50856 71412
60367 72476
66238 1180
32056 45005
61319 88565
19232 6940
96093 70291
60611 90551
60602 41941
56636 75735
9158 52837
84112 91958
76338 41205
58404 15684
20484 19464
1575 63583
2376 15720
97907 85881
39275 32013
36552 41941
46929 88469
23908 68989
62786 64362
22430 95992
88533 30928
1998 57503
9425 45788
39987 71412
61181 41240
66618 24221
91480 68801
77988 71754
96093 61785
56664 46835
1052 80677
63761 62434
64362 28492
85872 39323
17753 84112
90289 8812
52442 40498
21649 46893
89207 5408
69027 63658
94067 24153
41915 47450
36523 83303
6520 84519
55805 53386
47450 15649
59872 60602
66709 78101
35807 91484
83900 60752
57689 42931
26006 71792
29114 87717
27803 42873
44338 8625
15274 51114
53266 46893
27250 45828
28884 41904
63261 21649
91279 45788
97227 90557
88791 84268
15757 47137
49467 66159
40224 95091
16619 30586
89414 42901
55805 40335
69946 78121
42931 34731
71546 79874
45493 43396
57387 521
62410 76813
9107 56223
46929 56380
31299 69144
44373 18415
52148 88864
83303 8938
62005 38723
97479 78049
37077 82535
95192 66701
95213 69144
66110 97571
66414 13472
94748 18995
86708 51360
98661 66207
3056 52535
16898 19541
88791 95430
62313 75035
84759 69435
69027 76248
11876 34778
94719 57705
16731 97525
54008 42931
917 15918
28358 11448
58244 25849
98348 83752
15684 15720
87795 13368
79928 3056
27444 67274
93477 27100
63790 97958
96349 89207
36447 51237
19873 87717
13548 22430
70020 40611
39967 79952
74177 65185
79020 76893
58793 64046
13554 84004
84996 15406
93310 36728
1575 74454
46333 18913
13368 33488
79020 44373
55852 95732
93477 54599
13368 8773
6400 49467
97958 587
58244 61873
65981 72930
20494 7890
5382 53458
93416 9125
6363 10787
38099 68139
98661 50249
41977 98748
19541 66216
80307 39227
42932 63790
80765 63464
21312 9864
40679 36168
58181 51970
37393 6940
2404 19421
1120 27803
8165 25164
63761 19873
43983 30696
66905 22900
56136 7967
521 21198
14467 6929
94067 82535
22593 63658
26047 44468
62434 4434
14865 50541
13548 49533
74088 25818
74556 77914
22748 60611
61319 65418
5301 67610
26822 64046
29197 19420
43371 45985
68801 70907
66030 94997
88791 92792
10943 43396
52148 68989
68708 57187
42901 3715
42873 62220
8261 24225
43288 47986
64046 83303
11153 6195
77175 31397
5259 10616
26430 77036
22900 30557
88334 11932
28815 89135
77749 57158
47986 97081
94748 27908
47104 79164
19894 40679
10569 22838
90514 29114
62005 32056
90004 42873
57531 89505
27444 47450
79874 6975
81057 23525
94903 40335
67885 74556
75826 19581
33488 88791
68139 37051
27291 11537
79190 28077
84519 52535
84759 23837
80307 85897
21065 1120
88469 1214
3904 90289
19873 31521
71412 19464
56636 79164
23047 10638
38673 15536
54008 67920
20494 35807
11153 19503
88232 80664
62005 82535
6629 6307
69196 93373
19541 66149
69679 84931
62005 15720
57531 62120
63261 56107
60372 90289
94997 80307
1948 73193
40874 74088
6400 40611
17149 32056
40679 81706
94761 54419
39998 6299
49467 57035
58244 9107
6195 97525
8973 92864
85881 52347
68801 85881
32822 79190
1998 80307
38099 40224
27761 26822
68323 4034
39748 23297
1998 18905
52103 92731
60372 16731
69435 95430
6928 30925
30557 70090
46648 37393
44221 76293
26822 84519
84759 72162
51042 89207
99866 28358
66627 19503
70020 99036
92458 71166
90004 91103
77389 18442
21065 91014
61510 45527
79739 32013
55092 29224
74088 24428
89665 630
64440 10914
54023 52246
35550 51114
55542 66110
70172 29116
28492 15406
26330 20628
57187 14657
55845 97975
26006 30557
5591 38557
1120 82925
19464 24225
99819 97975
8818 19421
80655 51324
66207 42819
31521 11537
38846 96349
6400 37051
31397 25068
18913 72476
65682 28492
61873 52645
42932 97958
28455 36552
25005 39837
76001 86846
65682 61133
89426 19464
40224 11926
21861 81464
89596 52791
62313 31299
72726 57011
94903 39712
76293 15656
53386 5301
69196 71060
12776 31647
79 61510
76809 69120
88334 14467
37119 62431
1061 2404
48648 51983
46795 82366
78751 83792
44468 84803
45005 96337
89160 33517
89426 34910
40224 97907
92706 59580
62313 78503
11976 14467
72930 62431
29114 10569
45788 63761
41205 23909
67469 89596
34865 74821
69760 34507
23005 90879
59658 40119
84564 68251
11153 36447
51919 77914
29114 56586
38783 30216
78751 14742
35191 63200
55852 29114
33405 1120
82476 15536
78049 64574
81706 83355
65163 27468
95213 97907
89361 88469
86708 84759
2739 57531
6299 26430
45828 85617
88791 83521
6307 94067
41915 88533
59873 97525
62120 1061
73283 41486
66149 56436
12776 38395
74042 20956
64440 8969
20466 46795
73193 11876
46807 5382
66905 56586
2350 56586
40724 76893
80765 32104
60093 59192
66819 77749
17468 84268
79922 73283
30925 78210
74572 31960
91279 47798
89651 78031
2404 40224
21046 55028
30774 89207
95461 41915
50541 49367
81229 11926
49467 96337
87450 12586
47104 66130
48957 1120
74177 39967
34343 93605
62313 264
73206 93601
29224 60611
74103 8261
61171 8969
24250 15656
80307 56664
27468 21574
46721 67838
90951 435
38395 77175
89505 47798
27100 61133
31759 79084
46795 51360
66286 69870
12776 12417
29197 15821
94719 11153
32679 32104
39967 21972
35138 15224
37013 49714
92864 27861
82196 93467
32416 62410
66854 40364
71754 36694
45005 18415
82366 84519
95347 19464
11537 19873
75800 67838
55805 71166
36552 84931
21211 35191
26330 63790
37393 65981
21198 64187
23546 75197
75035 70291
66030 65351
6466 35862
535 31299
88507 93477
20074 79874
62431 14590
92731 40181
32024 51970
90514 74088
6484 67408
52535 7044
35348 76813
44577 73383
47137 28656
72096 35862
9107 39748
26330 34865
2931 78049
26862 12776
89207 89135
3715 81229
96764 69144
42932 32089
29193 90551
78121 43288
97966 8089
96764 47985
65981 77914
38338 26330
75826 50541
74572 51919
64187 63530
68801 98332
17904 97081
27250 39275
63658 6400
7890 33517
93605 36447
72843 49626
13518 15656
23837 47798
97672 51919
435 90557
55952 52690
37555 10587
63530 82937
25352 41240
10816 15224
57387 19420
70004 64227
87082 23908
85881 57187
41977 72930
2348 62410
61785 91480
7967 630
3904 15486
63464 75735
34576 8625
65981 73206
87212 30492
46646 57387
57503 52535
15406 37119
11976 19503
8812 69230
94748 63744
27725 5408
79602 94128
24153 9967
26047 37738
47985 75735
41777 6484
43495 56636
51360 34910
15892 6629
1926 46835
75197 36728
46646 57503
75197 60093
42282 51983
58793 27803
85000 48950
40224 70291
64742 13472
84996 88791
43288 11603
54064 88533
69065 37393
66905 28435
61510 48455
91014 21312
86639 32900
72726 8156
84004 96097
53386 2052
57158 41205
60183 97571
77167 65163
56636 5852
16446 65501
43495 69767
35862 10516
88334 74088
2404 33535
48304 77749
13472 23031
61319 99342
54008 26834
13554 50856
95430 28435
26267 5382
80282 24609
28435 60093
77902 64045
62120 57011
10816 33132
63658 36694
25136 59658
68323 435
72726 25484
57035 66414
84517 79415
62431 66709
68147 51237
34507 21966
5408 79190
45435 90004
91014 67610
37555 82535
5259 34910
69120 630
88507 48611
51042 54023
85881 45435
90239 1891
42931 40112
52103 56223
45568 81057
42236 29012
97045 72476
55542 82366
98348 66641
74572 67920
7044 98348
72930 40112
25894 9107
40679 80307
38441 36216
5408 15656
62434 50249
19894 39275
73283 46721
78049 35537
37738 7044
38673 59580
52668 10914
80809 6027
26862 5719
71754 52690
4802 27861
56664 74177
64046 42809
50249 10516
41777 73079
63530 15892
27761 89505
91014 59514
21198 41240
50541 4034
98332 57689
72162 70291
41240 83355
73696 27803
69870 19232
28656 84803
28492 11153
31521 10943
27808 88469
48304 96429
55033 89875
61171 31276
88469 24225
84996 44648
1214 94761
54599 23047
39384 29382
67474 52148
46500 39837
99342 27468
93467 84803
11153 76813
21649 35300
31276 90879
8107 26430
39275 42819
13554 16898
97571 14406
67240 63530
78029 34731
29197 25728
84268 63761
66618 95461
96764 66853
63878 77151
38713 41863
63261 96429
83900 75197
10914 52442
75149 39748
25894 62129
38783 23047
23546 87599
78928 67240
39384 71754
8698 60372
27861 28884
65163 52602
85324 32900
88507 10943
31521 29012
9425 60752
72726 65351
28455 75505
41565 88232
46646 52602
8165 25728
45043 52246
68708 38099
96349 74103
19464 62654
56567 59873
83303 49714
22430 54419
7890 12586
38099 50541
77511 90557
21966 2931
91014 3762
75639 24250
10946 79164
74088 83941
49091 68147
11503 74821
25068 30492
55028 31521
22593 62129
15486 43812
52103 83752
30925 64187
36694 23525
65981 42873
7967 40335
43396 8818
74572 4434
15757 97958
4802 26006
10787 97975
11926 50541
94711 59873
86766 8089
26047 47774
39967 13518
30492 49714
92458 38255
69870 17468
59658 59872
52645 69230
10616 82196
19894 98348
39384 14742
84803 74612
89505 26006
28342 31276
97511 43093
97479 6940
66159 71792
93756 79602
15274 84112
42320 88469
66701 8137
54419 63583
99036 8165
80282 43184
66207 48957
62220 6940
65353 10943
99342 77511
31889 77036
35727 1052
1052 76953
65353 81208
97479 76813
59466 51114
17904 31521
22748 53828
12409 44648
49367 32013
91059 65351
83941 15259
27916 97672
16731 39765
55197 40763
38034 29116
63530 33371
97907 38099
66238 36130
37738 43561
9125 90557
14590 83792
34669 77167
69120 37738
45568 41565
14865 43288
28066 57158
59580 6299
25484 82858
75800 75639
6400 78121
35348 44373
56436 79602
67920 98748
5382 28492
6027 40874
8089 20484
35727 54008
37077 96349
72930 49714
80765 75896
94748 78049
82231 88469
25352 47985
80655 72843
24225 18995
39837 75896
88565 24250
73383 91014
44850 42282
21046 36130
40679 79928
10587 76001
90551 94610
40679 40224
29012 10943
77175 76293
68139 8773
42901 14865
40119 16446
11448 41147
21966 60093
47137 33405
82196 4802
74454 20494
2376 97511
1926 77760
67240 35138
39227 40498
75662 16731
72416 55845
20628 7691
58244 52690
94903 99097
74556 26555
28066 6940
37555 1891
99097 40181
44338 85872
67050 10587
57705 27250
14657 24153
15649 32765
33786 82858
9125 5719
38395 26862
46795 48611
44321 71792
96764 41915
84112 29382
8107 11520
93756 44321
77749 35138
20494 59699
44468 8729
31397 46721
8089 40335
79164 535
28164 30586
79 16446
76953 86205
45493 1180
95992 15259
34343 264
30212 67469
15656 23908
30557 40498
61015 51324
40364 6299
34778 9158
27444 56636
41977 25818
50096 59580
51360 5301
84623 85897
74454 40119
59873 86846
65981 45082
62434 20494
66207 11448
66854 8611
26822 99548
79858 10645
78157 89361
92731 34343
68323 65418
38557 99866
42990 10645
34343 55952
62220 93416
24225 32037
39748 71546
28455 21312
31889 91059
83355 1948
36133 69230
435 59873
8729 12417
11537 1180
38557 17330
21030 23005
2348 80307
92735 82231
94610 36634
91484 85503
15259 67474
91699 57187
36523 5408
26862 21966
62220 86846
86443 35537
1948 46648
95992 55805
51360 6400
14610 6363
24153 1335
36130 20956
8156 22041
32900 14657
1335 92982
89207 9425
24225 8969
73696 58244
77389 9425
57387 60752
73426 21861
20466 9107
7890 6619
87450 29224
59466 2931
75149 11976
57158 69065
91103 2404
27444 16619
34669 30928
25136 9125
1998 43983
11153 3848
5591 85000
84996 93373
95091 82633
89505 97966
72843 72930
90978 18415
25849 17611
54064 68107
35727 42819
56586 75505
264 5408
70172 45985
66030 6307
64045 69760
85863 92458
40611 85180
31276 79190
14467 75320
77036 59192
2147 87599
69767 46998
46998 17468
67474 27540
28358 79
76809 30696
67838 99342
26006 40619
20628 2476
11520 38846
85881 21211
65185 34669
95959 94914
30586 8938
6195 36133
97975 90514
64045 76427
96349 41544
60367 56107
28492 2376
75320 58404
16898 15536
50134 60183
98286 27100
41993 31299
98097 11926
37077 56136
90879 29224
31863 50164
84996 6195
28455 47985
38255 12776
37051 55952
35874 14590
35807 26862
77902 22593
57353 14742
41915 69230
56249 5852
56636 76893
59466 57011
10516 59704
32900 29224
98661 67190
13384 72726
8969 35727
81347 97525
57187 73797
63261 88544
27803 68139
75662 89875
92982 94914
32679 66819
40874 6629
66414 70090
60093 29382
59658 69760
82858 34669
66216 83355
41486 93416
2147 10616
46646 94711
57705 47450
64046 70020
27761 46721
24250 80765
54008 75035
43288 51983
37051 28815
28089 50096
12409 6940
28656 77389
27916 64045
80677 60183
55542 57503
15649 84112
82196 40724
27291 3056
37119 36447
37622 8969
55818 13548
48218 43983
62385 90004
30203 2147
40498 16731
72843 59704
22017 26430
67885 68708
86443 521
19657 51042
52837 43288
39712 46807
33405 52602
45043 15821
21030 28582
68233 11382
97672 35348
69946 13368
51237 44648
22838 19503
48648 78751
82491 15918
1872 97525
19232 55197
40181 94903
38034 21046
57011 32765
8121 66618
82535 87090
17926 39275
34171 73516
94914 15684
46795 38395
76248 70172
15720 35550
90551 50164
45788 8261
88791 89665
63464 9967
72162 32089
24153 11503
10738 6363
18442 70373
28342 91484
21972 84275
15892 85881
2660 77914
43495 76893
11520 28815
64187 6400
66216 78751
43983 28656
22838 38099
78157 53828
1061 41863
10516 81184
75662 77389
2348 11876
71060 48950
55033 31299
52731 92982
63878 79190
90978 21065
62431 59466
8698 79739
13384 45649
8973 59466
69435 41863
4468 88565
17904 87090
22041 72680
69767 3715
31521 86443
28077 3904
39748 73516
6027 92867
64187 55092
94610 36130
25136 63261
65981 49142
6940 70942
42990 6299
34760 41205
94997 56669
63761 98097
67469 57689
83521 42901
66854 90951
74821 42320
17926 435
20494 38783
58244 65351
63744 75639
13472 85324
81499 46333
33488 96337
52246 85324
19503 27725
81464 29114
14742 8973
17611 17926
28884 33303
66414 89135
43087 11718
77914 1052
53266 6520
92458 36168
14610 27808
96349 60372
66030 23546
93756 24428
85000 11603
62005 43561
79415 22593
65163 32566
31863 23908
20956 46721
95192 51042
86639 60526
13472 8121
85867 64046
58404 78031
76338 67885
31521 84112
64975 82491
30492 52668
90557 96349
47104 6520
30696 69027
50249 24221
97958 6302
94748 41777
99847 52535
28342 32024
89651 96093
91958 27916
42932 48648
74821 62129
66627 76293
90557 31759
2660 41544
23047 40119
44468 84931
435 66207
66819 36777
587 39384
85324 87450
49367 23525
80655 38846
7785 78210
65163 92867
62385 2376
84564 46807
41486 38338
3715 8611
5301 70090
41565 22593
95430 12586
88232 40224
66216 17330
34171 59192
75735 54782
86708 48957
77175 57011
46998 69760
22900 85867
8089 6940
93756 50655
52082 57503
42932 74088
11448 55028
27725 43371
79922 77167
10787 57503
54782 12601
56436 92864
91484 46333
26862 19657
29197 70172
67274 84931
63790 91958
48648 38395
1926 72680
78101 85180
70291 56586
92792 70090
85386 93373
69230 6484
60367 90551
44321 42990
83941 32056
90004 40181
56586 5408
29197 77389
8938 15892
65652 81347
80765 95461
90879 49626
66819 74103
67050 25818
38557 76809
79928 80664
58639 95192
25005 90514
10516 95091
69435 49747
43561 97975
34910 59699
53386 82858
67240 87212
59580 32024
75800 8261
81504 10914
52103 27861
33303 37393
33594 63464
38255 90951
6484 17904
77175 46648
28435 67408
34736 42901
42282 31600
27803 46893
99036 29382
535 82491
97081 45435
90318 15224
85386 18415
22430 47986
32900 4034
42990 61133
70172 89710
77151 70172
41863 40119
19503 95347
21211 11718
41205 81499
10787 59704
3370 32765
81464 23297
51324 39967
38723 28002
36634 84275
8818 52791
91958 28342
26430 61510
34836 75896
72930 66641
1335 93862
60526 10638
81184 38034
91014 30696
64440 26330
7044 73797
93310 45493
27540 84803
12757 45082
38395 36694
28974 15892
28435 59580
435 19232
75320 36634
31889 46795
3762 28815
18905 17611
36552 20484
17468 90514
99097 97958
82491 25352
17330 46500
70907 44321
1891 83355
56669 1061
67920 34507
29114 61133
77511 10943
50655 37393
76893 12601
65652 35874
54008 16446
35300 96337
88469 25728
1120 7785
41904 20956
10616 75735
5301 435
89426 70020
56136 74103
12776 84112
87082 19894
88334 97975
38673 27456
16424 22041
19232 68139
83303 18281
8156 41147
6619 10943
16898 84564
49660 62431
51114 93605
88334 2739
98286 39712
51042 75896
98504 44373
94903 63658
28492 73696
6975 75505
27908 82925
5301 19894
28164 92735
76953 2348
26555 22748
64045 963
68801 9864
77036 1575
75035 92706
68107 67474
5852 36447
35300 47985
56567 64440
27803 93477
43087 58793
26006 37119
47774 31299
93467 11926
66627 90551
62410 435
10787 38441
80282 60093
68708 84519
2660 36168
63261 60183
61181 18043
66030 88232
69065 51237
4802 54599
35036 38099
77175 94711
62313 81208
51187 40498
40763 19421
15757 71060
83900 59658
79020 79415
27908 22748
94914 75035
45527 8973
55845 51983
45493 10569
46721 20494
13554 62410
61873 76338
66709 38441
83521 89361
51919 24069
97045 80655
93862 2660
28342 26822
52082 24250
84004 71754
23546 84996
76427 26006
70172 42901
54419 44338
85617 39987
26834 74454
80282 35191
66853 31276
50096 43396
93605 40724
28430 27861
46929 94128
76427 40335
36552 58639
81208 32013
28435 4034
32104 1120
72416 80809
44468 57705
88565 41915
3056 57353
14742 57387
33371 26047
34760 17686
94761 90951
99548 75639
39873 15892
43983 32416
11876 59873
26822 19541
84275 21198
4673 25224
52837 95091
89596 13554
35191 7895
54023 92792
4034 39987
2052 5852
32037 85872
79602 93467
77988 52347
82196 80282
13472 50856
35300 37013
83941 44321
87450 10569
10787 23837
89426 5259
3715 63530
70907 64975
46721 57705
80655 97571
31759 78928
88334 15684
38713 23047
88830 44577
84004 64227
71412 75800
54023 47450
85507 71166
38673 97511
67408 30212
18281 93310
64187 75826
62654 67240
9425 38846
34760 30212
28974 44850
71754 82476
26267 51360
68139 64187
21030 1948
65652 36168
80664 76893
77151 1335
58793 4423
32822 28430
46795 15224
12417 38713
72476 38441
42320 42873
91699 27444
89207 86169
44373 19420
98332 36130
73283 41544
74042 50164
28358 28002
8773 46893
11718 16619
19311 1575
25352 79602
23031 65185
50856 32765
60752 85897
28582 40181
74454 28582
5852 44338
90951 24221
93467 58404
82231 70004
43087 13281
19420 70942
92735 56136
19421 97975
47798 25224
77175 33303
52442 73193
73516 48957
93601 6928
79922 5259
93605 26555
75639 62654
78503 61171
1575 85897
52535 5852
68251 90978
32822 67838
60526 8818
9967 7785
5408 41777
46835 76338
55818 88507
43812 27803
20494 78503
21211 27540
95091 81504
21046 15684
96337 93467
24250 7044
55852 26555
68801 80664
52103 73797
26006 36634
52602 42901
94711 21211
28435 94997
15274 57187
42990 2931
57503 24069
19421 85000
19251 2350
45568 86766
55818 41565
38099 79164
34343 42819
85503 55952
26430 51983
90004 11537
45493 69679
66286 46807
71060 55845
35300 32679
85872 1052
88533 80677
85867 42931
84759 28066
8625 84623
8698 8812
24609 41486
22784 70907
82231 72416
15274 59514
94914 85072
27803 93601
3370 22838
11134 25136
21861 99036
63261 69144
92867 68139
92792 93850
78751 16898
72603 44373
52442 91103
34865 83521
57187 44850
77511 49747
54023 28066
90318 96429
97045 30586
93477 27468
27444 17149
34760 37555
521 53386
42901 44373
49367 69679
68801 98097
27940 37738
93373 14742
30203 85867
56249 67610
16898 28974
11134 88533
20466 19894
79602 77511
90004 56567
10516 30557
64574 91059
81208 22784
68323 52535
8938 10946
61873 74572
5301 54419
55952 88565
78503 53386
90557 89426
84931 54782
91958 37622
47137 63761
88334 61015
19873 52645
28342 15720
52148 86639
96349 86708
25224 31600
66207 38673
91484 53458
40679 21046
45043 36447
66216 68107
89665 92731
89596 94711
55028 71262
64742 54008
85897 43184
32679 69679
34865 32765
66854 37555
29197 41941
63658 6027
4673 88565
14406 69468
76813 28066
84803 42990
8938 6400
97571 55805
52574 67240
39987 71792
20494 81208
2476 66110
78503 60526
37013 66286
6466 15486
14657 43812
65163 33405
77760 21574
69468 84623
31276 85503
8773 22017
18415 82231
9425 65501
587 58639
7967 74556
40679 22748
73797 29224
8089 85881
42819 30696
14742 85072
6299 10516
37393 28492
77760 81499
35036 94711
18905 89160
2476 83521
44468 25484
73206 66030
90557 54008
21649 68708
36523 60611
85872 78101
97045 41977
19420 21065
99847 23297
63530 19251
62431 69144
8938 65652
75662 86205
83752 72930
71792 95091
29114 55805
44373 79020
25068 12586
33303 40679
12601 30586
39748 23909
52837 78049
33132 28430
35550 10787
74821 78503
72680 27908
40763 78751
27291 8938
67190 64440
39227 8812
52731 93467
8698 51983
1052 60183
95091 60367
90951 38255
60602 34731
87717 21198
28492 82196
94903 12417
92792 66854
31960 46500
85881 39712
27940 92792
36447 40874
45828 8261
91279 36728
1061 84623
94711 62410
75035 39837
70373 89160
59704 45527
62654 44321
57705 15684
19581 91484
77902 7691
7801 36728
8107 84803
43087 33488
49091 18913
1998 12742
65981 77175
15649 79
13472 96337
11520 3056
27861 50541
35550 69196
26555 63790
72476 94711
24408 18995
35300 69870
97672 29114
43495 2931
66905 17149
66286 40874
47774 4673
36168 5719
1891 84004
20569 15720
87717 59699
49142 39873
36447 69679
64046 22838
8773 37622
6027 15892
16071 23546
24408 32566
96349 41565
97571 15821
45082 73426
26834 264
74177 1180
59639 82633
7691 26267
36447 81706
92735 74454
62654 10816
6299 36552
99097 63878
55197 89710
54008 15406
95461 34865
4468 2376
9977 7710
16446 27940
19657 89665
78210 55542
1120 67050
77914 3056
44373 27808
8625 66383
97975 79020
3848 66627
8773 49091
50249 8611
40498 70291
1120 16619
17468 38723
52602 66216
20494 52148
19581 46893
91484 77036
78210 31397
1061 26862
40619 57035
32104 79190
59580 28815
89875 77389
45435 67190
3370 95461
36523 26834
21030 92982
74556 63744
93416 98348
47701 65501
435 24225
27908 40224
82476 16619
41977 94761
13472 60093
96429 34910
49533 98097
55952 97045
33371 91103
37013 48957
69870 60602
94719 84803
64742 84004
27444 99819
56669 1872
32056 10943
79190 71262
1872 20569
40119 96764
56636 89651
3762 29342
90879 95192
81229 34778
85072 72416
27916 42809
93756 16731
23837 40763
56586 93756
26047 41205
1926 15649
49747 50096
85503 46646
81499 35036
53458 56136
27100 67885
50134 62313
264 39275
72680 17611
59872 66905
78031 84759
57689 73206
77914 46333
21046 20466
2476 54782
47450 8261
5301 80655
6469 93850
57503 42809
96337 31960
23525 42901
87717 3497
6299 97672
56664 32056
34507 28538
57187 39275
11760 52602
35862 34171
71262 33594
31521 98348
28089 35862
56223 82633
19894 7044
90514 60752
33132 80664
36777 11976
3762 66854
68233 15536
27803 16731
38395 78029
32900 20074
66627 28002
66618 51360
31863 22900
63530 33517
56107 79084
69767 11976
63744 963
64046 77036
33303 50856
44850 17330
52535 67920
18905 12417
33535 15918
25484 56636
5301 3497
65501 34343
57705 65501
21972 24221
74103 69230
63790 5408
56249 22593
2931 97081
92864 77175
2931 60093
28089 33132
97571 28974
66627 79874
79952 30774
50856 49142
27250 65682
66641 18281
40619 87082
19503 57689
12776 8611
74612 63261
25728 99819
17149 85386
66149 41863
89135 72476
93310 61510
73797 83752
10943 96093
42809 39227
6520 69679
98348 35300
28656 99847
75896 13518
78031 3762
55197 45005
39998 73516
64742 98332
78210 66383
97511 20494
69946 56669
52645 25068
28358 7895
12776 90951
4673 98748
87599 61171
50249 2052
89596 15720
34731 68801
28077 72416
66207 41863
82937 15821
49142 66709
44648 35727
38441 73797
40498 16731
93467 917
27100 90239
93477 85897
86205 33132
77511 42932
89426 2052
85617 77902
75505 54419
37622 93694
55092 57353
86169 1948
917 84625
47450 70004
52246 32089
9864 55852
82366 33371
10516 63583
13368 30203
85617 52791
22748 85386
56223 43983
52791 98286
69230 65185
9158 28066
98661 17611
41565 51983
20956 62654
65682 13518
72726 78751
86443 32900
70291 94166
40335 44221
41941 24221
75896 28358
49626 95461
85863 40619
20466 32679
58181 93310
73383 37051
97907 89875
57145 41977
36133 49142
28358 32089
28358 66869
19581 46795
31600 69760
36523 94997
40498 42282
25728 32900
37077 72843
83303 50679
15274 65163
61181 60752
81347 27908
81504 61015
75826 94997
59872 91279
79020 57145
7801 27725
94711 48648
40679 10638
7895 68233
13554 34836
42809 63790
52535 95732
21861 46795
52645 95192
43495 57187
90951 61171
1335 46835
36168 91103
7691 56136
27540 38099
55952 36133
28656 44468
3904 66853
36694 52645
42819 25224
85617 82925
13548 61181
91480 11503
39323 64440
38034 30925
85180 6400
52347 84517
86639 43288
39275 94761
26330 69767
33517 40335
84759 98504
36694 43396
69435 28066
88544 70004
11879 38395
61133 92867
2376 81464
33132 11503
48455 15486
88791 48218
36552 51983
75800 73696
4434 77167
25136 27725
45005 62005
21312 68147
84564 86205
19420 15259
37051 6520
60372 9107
69435 15656
51237 90318
2404 48950
26048 69767
20484 97975
48455 34171
46333 52668
16898 38338
89207 96093
72476 29114
86443 72843
63658 37761
38034 56249
24225 4423
28358 28582
78049 52690
30492 39712
56567 44468
30212 28815
55805 46893
28582 77036
31759 56223
55952 85881
32416 65418
54599 2376
65981 84625
75808 8818
1891 84275
76813 98748
75035 52246
16898 79164
87717 77389
89160 25352
1891 97511
31521 43093
11760 63761
74177 63878
88791 14467
36552 65981
80282 84275
42809 76893
52791 44648
66869 16898
78049 39275
40112 75662
8969 24408
98332 36216
40335 55805
49626 51360
34910 69435
54782 62410
62434 6302
37761 41915
44221 8698
84519 75800
57353 62786
55028 86708
67190 70020
51237 80307
19421 63878
57531 41904
41839 42901
73516 69946
87090 52690
67408 61015
31759 79415
3715 19541
35537 73426
6363 46721
95461 1214
84268 97227
35862 55033
98286 535
40874 41904
1872 264
73797 90557
80677 19464
35191 28435
19311 10587
18281 40619
83303 12776
69435 79602
52837 6299
47701 50856
40364 34731
95347 88469
68989 81347
18043 22430
89875 45005
47450 38557
25818 58639
89361 7895
6975 73516
32013 68989
63744 5591
50679 63790
35807 9125
13554 84564
20494 65163
8698 80677
67885 39987
40364 3056
27444 35191
52602 8729
39967 12776
29114 51187
24609 69065
11382 55852
963 65353
88232 52791
25728 31299
91014 43087
630 97511
17904 76813
38395 17904
88232 97081
9742 66238
11520 71060
41205 63261
71062 55197
44468 9864
87090 21649
31863 39967
28002 95213
31276 42931
71062 15406
1926 61133
18281 39873
15656 1872
11520 77036
44648 15757
46807 88565
47450 66641
76953 38099
10946 54599
85324 23525
69144 75639
18913 34507
25068 82491
70942 20074
18905 7801
89361 38783
64187 38943
70020 12601
55033 82858
1926 80307
65682 76293
6929 66030
32566 52731
11760 61873
20494 15656
66159 69027
26430 535
67474 42282
10587 49142
51919 42320
45985 71792
48611 69946
44468 38943
21649 82491
63761 6940
85503 16898
14865 98332
84004 2348
16071 93605
95213 90289
27725 28656
85503 32024
72603 27250
48039 49533
56380 75320
81184 52148
72416 79
77914 11382
45788 1335
68251 50655
8165 76953
3848 89160
33488 8611
19894 535
98097 23837
35537 6578
36216 74612
93862 88232
25136 66641
50541 63878
36694 40724
93601 6299
6928 10943
75320 14467
19894 23031
76813 79190
16424 58793
19541 52731
79 98332
24225 33488
62005 16071
53266 95959
41565 63878
73797 91480
9125 75505
74177 10946
58404 27444
91699 15406
92792 3904
96429 15649
4468 7895
96764 9977
11448 6299
521 27808
63464 52246
18905 5382
55542 63437
22017 7801
29012 11153
70291 32765
72476 66853
88533 17904
9125 80282
25484 34576
47104 58244
6469 41839
1180 20087
63261 17926
32416 60611
65501 18905
27100 57145
15536 73797
10645 95959
93310 51919
53458 45082
88334 88533
84564 28066
57503 40679
34343 93862
90879 1052
10516 61181
50541 82231
68801 45082
68147 15684
45828 49747
19581 75320
15656 11603
1335 55852
93601 21312
22748 6629
26822 18043
97479 88864
8137 31397
10787 97958
26822 6975
45527 30774
55092 74572
1052 91103
30216 15259
19420 66869
35300 66159
36523 84803
6307 67885
16424 19311
46835 27468
95732 91484
41863 6302
99548 10616
61015 77151
87450 37761
84517 62786
63530 52791
45082 2348
84519 11879
9107 94914
3848 21198
44850 18913
55818 31647
21861 56380
85503 49747
36694 20484
40498 4468
20569 60611
84931 11760
28435 96349
44338 64975
82231 91484
77036 26862
93373 33594
13554 22017
70004 56249
52103 39837
89596 43983
41486 39275
71262 22430
46795 45082
22041 10943
15649 66383
39323 82231
46795 21312
11537 96349
40763 1998
40611 13554
33535 69870
55028 25352
45082 1180
57705 81229
15892 85072
51237 90879
9864 77167
49142 61171
15892 86846
34910 29012
33786 56107
25818 51114
18905 99548
95347 60367
75639 25982
46835 34343
93850 60093
65163 32056
31759 68323
31600 68251
6928 62220
89361 34171
79602 66238
40619 264
38783 64046
85324 84112
16446 67920
59514 28455
630 57705
69196 90004
24428 88864
48957 88507
90289 84803
64046 56567
98348 83303
32013 46807
70090 63464
31759 94748
79739 82231
19894 10946
87599 19894
33535 84625
91279 66641
39384 4034
87589 17611
58793 71754
91699 19311
82476 90879
86639 9864
61785 92867
97227 83752
25136 7133
60183 39837
57503 27250
18043 96093
15649 36168
45043 92867
54064 39275
52082 6466
70373 10816
97081 92982
65351 97975
80282 69065
81347 25224
44338 32416
41240 7044
16446 53458
11976 85324
65185 47985
83355 963
41205 41977
66159 68989
6940 36552
1180 11153
44468 75639
71412 75639
57503 13368
37119 84803
88507 59699
66149 62410
78101 94166
85180 7785
31960 46333
80809 6619
1926 36523
77129 99342
98348 10516
77129 26430
24069 12409
6928 99342
88864 29193
3904 38943
81347 96093
90978 47798
60093 39384
84623 87795
25849 46835
7801 41977
8969 32822
84931 71062
83303 73383
97081 46998
14406 91059
6520 38673
8938 94719
23031 47137
66149 56380
74556 65351
67610 56380
33132 92982
21861 65163
69946 79602
41205 14865
92735 52082
52347 10914
87212 69027
15720 7801
10738 50096
90289 98332
73426 91059
66383 3497
2376 14742
98348 4468
79164 25982
78157 88544
36130 5301
23546 74103
28164 917
47798 7785
39873 9864
42873 19894
91484 61133
67610 55952
50249 45043
33488 70172
11448 62786
70090 97227
25352 9425
15918 17330
83303 11153
73696 57684
84112 28582
11520 70004
63530 4434
42809 42236
7967 25818
7691 42932
64227 53266
96764 64227
15224 76001
46795 95732
40679 86639
41544 26047
79602 86639
36168 24250
32822 89651
45788 69435
25818 30696
59639 2660
42809 42320
521 66853
12742 9107
15649 38846
73516 4423
8107 36216
38395 22900
76809 20956
12776 89207
91279 76293
82491 7710
65652 84564
52668 36634
70291 70004
56107 35807
69679 27100
23837 86846
4802 68107
25068 9425
59873 20087
95992 13554
12757 26555
15918 28358
10645 49626
84759 52791
32679 31521
45568 27100
93467 40498
81706 75320
94914 60526
80307 97081
59872 69120
69065 72476
39837 37555
52246 9864
38846 55818
66030 70291
24069 88791
8938 88507
83355 51919
21211 7710
83521 55845
20074 52791
84517 51324
76953 12776
41977 36552
25005 42282
2052 56586
40181 53458
9425 6195
56436 41941
17149 99548
5259 38673
61133 92458
30925 32013
75320 34171
12601 59192
85617 83792
9977 28066
1926 27540
57158 94761
57145 16619
99819 44648
28002 63464
11718 28430
41915 84564
84759 587
56586 1872
26048 4423
89505 25818
21312 28089
23005 63878
86846 85617
8625 66207
22748 88533
82231 51983
80307 84931
52347 6466
61015 64046
45788 52148
69230 11932
11503 82491
46929 21065
97525 50134
56223 28492
13384 25164
15757 40874
6629 64440
46648 8818
62120 6619
61133 23005
50856 75505
35138 45649
46807 40611
67610 53458
7710 2404
82858 66149
45527 56223
23837 57035
63530 59704
82366 90514
2931 20569
6929 32037
25068 35727
72843 45649
40679 29197
55845 84112
63530 87717
82196 93694
60526 28538
72930 35862
24225 66701
6299 36168
40619 99548
91014 19541
8625 57353
63878 30492
84564 2348
36523 59580
63437 90879
97525 77988
33517 75197
75826 42873
49467 47137
70172 84623
64187 8107
38713 28358
26267 27250
18905 62129
95192 97975
23297 66238
41565 83792
51324 90951
71792 13384
34836 7895
28066 52574
77151 19581
50164 34736
67274 41904
64187 80664
60183 63530
41863 71412
50856 48611
23047 73797
12601 91014
27540 23546
47798 79164
79190 77389
13548 30925
25224 11520
28974 78031
90289 57353
61510 22430
70020 12776
34836 69196
75826 46795
49533 29382
45043 38099
38255 45788
91103 66130
82925 66819
5591 55197
50655 40112
11926 48611
15821 37051
56380 94128
8156 99548
55805 72680
47701 30774
6307 88544
30925 78029
6299 26047
97081 77167
77175 2404
35191 79020
5259 85324
77902 67885
83303 61171
34910 35807
15649 68323
61785 62005
52668 49091
80809 27725
74612 24221
66853 46721
25136 28358
63261 19251
40119 30774
39873 65351
8969 38673
62786 77389
51970 28435
29012 94610
2376 93467
45828 85324
56636 52148
83752 86639
41839 84564
521 27444
68233 73283
78157 6363
71262 2147
8611 7044
22900 46893
28455 35191
37013 57705
72726 69767
43495 63744
84004 31299
90514 12776
92706 37555
27100 57705
2404 91958
48039 42320
99097 27761
68801 24221
77511 24250
20484 30925
85503 86169
4468 81464
93467 38034
6928 45435
85386 77988
42932 78751
97975 20569
84623 18415
50134 95461
28164 90951
75662 73206
13472 67885
21046 58639
28077 52668
89361 21966
26862 27916
89505 57387
65353 83900
69027 70291
1998 89160
8973 62410
8261 80655
47137 50541
34669 11976
26822 45568
1872 80809
50856 6400
73193 49714
66701 64187
38034 92864
3762 1052
32566 40181
72930 28582
48957 86639
48611 13472
89596 88565
78210 41904
90551 5719
42932 3497
65351 11153
21861 18415
97958 16424
95430 34171
76813 5382
46646 91484
94719 54419
21966 12757
40181 7710
75639 31863
4673 47137
97081 74103
86846 28492
10943 25982
40763 30774
13548 64187
79739 74103
81208 60611
43093 66709
16619 15918
27916 10943
36777 66130
85072 57531
16071 60752
16446 23908
86846 52731
30925 33488
66627 10914
39712 54023
63790 5259
67469 1998
10645 60752
36777 93467
48648 24221
31600 69767
27916 19464
94997 85897
55852 39323
81706 93601
56249 88544
84931 39323
66414 91699
88232 65353
51324 4468
535 81464
71754 85324
14467 29193
79084 92706
85180 15892
90318 25849
68251 630
15892 99819
81499 52574
87717 60372
28358 60752
64046 49367
37393 48039
42932 85872
52082 66130
93477 93601
56567 39967
11760 73696
89207 81464
11760 88533
16424 31299
56107 37393
6940 42819
48039 83792
86205 24069
80677 85386
25164 44850
56107 21030
80664 66641
17468 66216
83355 4468
72680 3370
19421 57684
16446 18442
66238 78049
9977 28492
97045 33594
21574 35036
41240 6619
90951 23005
87450 56586
65353 1180
69144 61319
39275 4434
37738 97511
74612 37761
74556 82535
37761 68251
45005 9967
36777 10914
77988 70004
85872 630
67190 44221
87795 54064
26267 69065
61015 80765
10914 75035
82366 66819
27291 27456
70020 8611
5382 2350
43983 46333
96097 6928
19232 77175
34731 16619
65652 4423
75800 57531
27803 1948
25982 56107
27808 49714
49367 52535
86169 61171
47985 79164
29224 11718
90551 70004
72096 80765
40181 94748
70172 15649
55952 66819
26048 43087
73206 8938
31960 7044
11876 32416
93862 917
85000 65185
67474 35727
15821 62385
52082 40181
40724 54008
82476 93373
46648 40611
1120 56636
43288 88507
52246 17468
55028 69468
13554 47798
8625 29116
23908 6466
41777 4423
38099 31600
47104 68801
47104 79874
67920 92731
40724 36777
30586 64742
42236 44850
32104 66238
43396 24428
28342 30492
70291 38395
32566 55197
21861 56380
46646 55542
89665 43495
83521 14865
79084 60602
21046 61510
43184 67920
14467 28455
15224 24609
36523 43495
24408 28089
62786 19873
99342 28342
77511 81347
31960 95992
15918 81504
33517 59704
28974 76809
37077 6629
68139 34865
18913 13554
33535 84625
89426 76248
98097 67050
67885 15892
36133 28066
28430 12409
16424 24250
58181 96337
52246 62431
3715 59466
75639 74177
1214 90318
45043 38673
10914 34836
85000 64742
89361 41904
535 63464
98661 19421
36130 17149
29382 47798
75320 27803
66414 61181
27468 70172
45985 63658
31889 72930
92706 23031
94067 86766
27803 64574
41839 78503
71546 70373
25136 22017
84275 16071
37738 8107
68233 4434
60526 28538
7044 24609
66905 89596
46835 58404
16446 42320
70942 13384
55033 33594
84564 66853
80809 51983
8729 70291
74103 69027
1052 66853
1891 55852
67920 76813
10946 35348
81504 59639
62654 8729
60611 39384
21312 28492
47701 73206
30928 81229
60526 88830
23031 25224
20484 62434
66641 5408
82231 31889
93467 39275
66905 87599
15486 32024
66854 37738
94711 46333
65418 535
47104 36634
20956 31759
55805 78503
89710 77151
25164 66854
30492 17904
31647 34910
24153 73797
88565 32056
37761 9425
28974 21972
66159 46648
93601 38673
15684 77167
93862 31521
19311 95992
41240 13472
63658 88565
35550 92731
78499 66130
91484 10569
48218 72680
49367 20569
46648 63744
11382 2660
99847 80655
4034 79922
54008 92864
89651 25728
17686 46500
56223 41839
49467 83521
79 65353
43495 15821
535 46721
71412 71166
94610 66853
41205 20087
32679 6484
85872 4434
5259 97511
41993 62313
85072 36728
41777 71754
17149 74103
31600 83303
82366 38099
59658 55805
8137 33488
28455 88864
60183 85872
99819 34760
24250 81706
80765 8261
40619 1052
30492 21972
18415 72162
90239 55542
8818 8611
3904 75896
99847 75149
69065 27444
79874 21046
39837 91484
65185 26330
9967 9125
79164 89596
25849 29342
62434 57158
61171 97958
2931 6975
85867 29224
84519 89426
58244 79190
21065 97045
38034 77760
57684 89596
6027 6578
65652 52442
80677 1926
59704 93416
51324 48950
40224 72416
49714 55845
18281 80765
85863 2350
8261 36168
19464 88232
53386 59699
51360 27100
76893 8121
70004 75197
48648 42819
15224 79858
76427 28492
36130 36216
50164 93601
59872 79020
68147 630
77902 86169
1120 36523
79190 94748
56567 72162
96349 64045
12601 97672
67469 24408
38441 73206
21574 67274
63261 7710
16619 15656
51042 84268
535 95347
55818 68708
69679 9977
39987 50679
50679 81706
21649 82925
6469 52148
84004 73696
39998 50679
92982 68233
62786 20074
52731 90318
8107 76953
35300 12601
41977 3497
20466 46648
20074 88791
67920 27940
10516 51360
47104 51983
88507 28815
19464 20074
9977 31889
15656 55805
25005 8969
23031 6520
89665 535
57503 75735
91279 78928
66238 29342
73383 89665
10516 99866
52082 44321
49467 95091
56586 73193
57705 95461
27456 11603
29382 66414
45788 66216
79164 47104
6975 93694
48611 8969
49660 57145
64227 18442
7895 6928
97479 25352
23909 62120
8137 69027
74556 28066
53828 83792
77511 42931
72096 18281
49467 84268
94719 85507
58244 2660
41839 65652
42320 89160
84564 10569
3497 75735
38338 38943
44338 24428
19251 10645
66627 38846
47104 28492
68323 92864
83792 74572
11876 25818
75896 62313
69120 54064
66627 1891
93467 15649
85386 48218
6466 95430
6940 39227
66701 54599
22017 8729
2348 79415
48957 28077
35874 97511
93467 17611
9158 63878
79020 61873
36130 85872
43812 8156
2931 66216
74572 17926
75149 93850
20956 51919
69946 43561
86443 89875
11718 45568
11603 31863
80655 92731
81057 23546
99819 15649
6302 93862
99819 75896
68323 14590
52082 65652
61171 52668
11976 46807
27250 46893
66130 535
32024 90879
43087 35300
27861 90514
25982 39748
28066 66216
18281 36216
71792 34171
65353 73696
78049 21574
1575 22838
38034 51983
96337 6484
75896 6940
94719 83521
78049 85881
8729 8121
75662 67885
49714 75896
81057 14590
30557 11718
28582 35807
74088 77760
19541 79190
9107 87082
17611 62434
42873 86205
91480 40724
36694 27908
84759 19873
24221 82858
8938 15224
43812 38255
49091 50541
15720 51237
39987 17753
73206 8107
16424 19657
49660 6469
87717 31889
28492 24069
85863 32822
68147 78101
1872 65418
73383 79415
16071 30925
88533 88791
84803 40724
34171 33594
10738 47450
63464 54419
56136 66905
9425 45043
96429 39227
65501 81504
264 95732
29197 64574
51360 63583
96337 8156
73426 97525
84625 97525
58244 16071
97966 55805
27908 97907
62120 44577
58181 15720
65353 43184
2376 82196
14590 21972
2660 13548
56636 51970
63200 75800
3715 41863
72930 15918
17468 10943
12757 14610
27861 3848
20628 36634
51114 66110
81464 28066
84519 11520
12776 57689
1998 76427
22748 60367
40112 13554
80307 30203
31299 41977
95959 91480
90514 74612
88533 75896
9425 57187
93373 47450
48611 15224
21861 63464
78751 40679
39837 99548
93601 15259
15274 79602
62434 8165
74556 78049
6299 45828
435 44577
76427 10914
22900 35727
99342 61133
69679 93601
6307 17330
15757 8625
40364 36133
30774 5259
66905 94128
53458 19232
58639 59873
12776 27808
43561 78029
7895 25894
39748 60526
52347 31521
36777 6307
42932 40679
83355 42990
69468 6928
52246 25728
32822 22838
97907 41777
14590 77129
79928 74572
74612 32765
47450 66709
66905 99866
88791 66701
29382 27808
49142 79020
21649 13368
93416 1948
69767 82633
34736 63437
49714 9967
93850 72603
5408 34836
43087 72726
28342 68107
94761 20074
6466 41941
24153 31600
69679 79922
6975 54599
81504 77175
535 55818
68801 46500
72096 63437
7710 95461
75800 71754
57145 63530
92731 8729
8156 88864
2931 62313
54023 87090
24609 99847
28974 33303
77988 25728
79922 47798
56136 5301
28358 85324
14610 13548
26862 7044
82366 83521
52103 99847
41863 12601
54599 60526
56107 27291
28077 45828
55852 28358
52668 65418
84625 78157
33371 91103
35550 5719
64362 73383
57689 44373
45527 41147
74042 77175
79190 13518
22900 98504
77760 28342
12586 67190
75639 38255
9125 99819
77902 66216
70090 64362
40619 7691
95461 40224
30696 34731
50164 46795
66819 70172
12409 40498
95959 56586
27808 38943
36552 91958
52837 83303
85897 71546
65682 55818
57689 40724
40112 40119
33535 11448
55818 41977
10816 92735
64227 79602
94903 92792
84759 15821
41839 95992
68989 85881
63790 68233
57705 23546
21030 35191
5719 35862
16071 63878
21312 29114
95347 32566
49747 21966
6307 42932
8089 1180
61015 69144
23908 95347
86443 57145
22900 85507
70004 45788
97975 69435
11134 6619
5382 27444
97227 31299
10516 8611
45568 88232
63658 23047
48218 60526
85386 2739
21030 76953
38713 6302
99847 50134
55197 78121
32566 79602
51919 48218
61171 2376
46929 39998
25136 50249
74177 59658
67610 57158
29382 50679
53458 15918
64046 31759
93694 88544
10516 33132
77167 2404
30203 35138
27940 31299
90879 59872
17468 52574
34910 64742
99847 10569
2931 21065
43288 89651
42819 42320
78928 50541
38441 15649
10787 19232
27100 19657
55952 24221
10738 97907
77389 9864
87082 80655
18913 8089
56249 77914
93605 76338
39873 41240
47104 22748
76953 36634
82476 81347
88533 27908
90951 41904
90289 38783
85863 40364
31647 65353
90289 88334
84004 48039
89414 55952
37013 31299
45005 59580
13368 55092
11503 40611
97672 84275
84517 59514
24069 35191
94903 73283
82535 28077
4434 11134
2660 24250
11718 28656
84268 60526
46795 82858
78101 98748
74454 59699
64046 10516
82491 15259
14590 35348
15684 56664
79020 38338
84275 30557
41777 46998
66216 18442
75735 41993
34736 62120
74556 43396
9864 91484
41565 47701
13518 30492
88507 79164
37738 44321
70172 78157
68107 14406
76001 81347
37761 21046
16731 963
10914 51187
35862 56669
96429 40498
94719 92982
35191 78121
48455 40498
38034 17611
66869 13368
81706 97571
82476 7895
8773 77167
86169 1052
15274 72476
11503 62129
44373 22838
521 12417
66819 10787
45435 9107
76427 25005
36523 17926
77175 81057
79020 83521
44577 11876
43495 28974
19421 65353
68233 60183
63437 27468
42819 34576
62005 77151
28164 98332
71412 61181
51919 27803
3370 39275
48611 264
73426 79602
38846 94128
55845 23546
50655 34865
30774 39712
25164 38713
74556 75149
46929 77129
11932 8812
81499 32024
74103 69760
45649 35807
7710 55845
23005 17904
92982 43087
44468 66905
2931 74454
73516 66701
13554 27761
60752 53828
27908 34865
21211 62313
77988 49626
57705 89135
5719 36216
38395 52082
10645 43184
1872 62313
88830 70172
6975 23005
31299 1335
85072 45527
29114 21649
90557 19420
32037 79739
1948 3715
31647 45435
90318 42236
23837 76338
75800 30925
11718 74103
6940 28538
78157 58639
35138 62786
71754 14406
43288 17468
72680 48218
85863 32679
51237 2147
84759 6469
3904 91014
50679 86846
85881 6469
65163 1214
65353 34778
53458 49626
10946 23047
86169 52602
65353 35348
66216 52837
7133 75662
58793 74177
2660 45043
38557 10616
85617 49747
33786 98504
86708 30216
22430 21972
34836 19464
81464 43087
52837 74821
31647 41544
99548 50096
54064 36447
7785 49714
57387 66216
83521 41240
81347 72680
31863 97907
96349 19464
65652 84931
28974 65418
15821 43495
89414 14610
57684 8969
5852 2348
7691 11382
43087 64362
68233 72476
11926 87795
97045 91014
50856 12409
51970 95992
16731 30492
82231 37738
21211 27291
93310 43371
11537 75639
12417 11926
29012 66641
78121 67050
1120 65501
32104 63790
71754 47104
89135 50856
89160 67885
66216 87589
50249 99097
51919 43087
45435 48218
79084 82196
13384 64187
49533 79602
36777 435
31299 68708
75662 83355
8979 52668
41904 22748
32056 89414
34343 37051
42931 30492
20569 88864
68323 28435
34865 75035
98504 34836
84759 49660
82231 28002
63658 4423
99342 62434
54064 89710
46998 66207
36447 34760
10516 35807
88864 69468
69230 88791
73797 65652
85072 77914
87450 28974
66110 98661
81499 75197
63790 41486
22900 36634
78503 77167
25484 77749
43093 62313
85324 37738
1872 57035
38034 85881
8938 83900
39998 7967
97045 71412
40619 76893
39227 8938
21574 11382
60093 6195
6940 17753
27291 96093
72726 1926
81184 31521
42320 8089
63744 7044
17926 16424
48648 60367
56636 5408
54419 12601
37013 81464
83303 59466
38673 27456
33535 71262
17753 2052
92458 79602
69946 41839
41977 41544
10787 68233
8625 21065
76809 82858
70004 43093
13384 3497
45985 31521
52837 17468
78121 98504
93605 630
11537 88565
31759 53386
73206 71262
87717 58181
4434 71754
85872 29012
71062 66853
67408 32024
38034 94610
72680 90514
77914 83941
78029 630
69760 30216
66819 29116
16619 40119
48218 19581
65163 28884
7133 70291
57684 88544
50096 25818
67474 81706
25164 77036
57145 21972
66819 45527
39837 49142
25484 1120
10914 90289
10516 17904
98748 27861
62220 21861
92735 27908
13281 49533
62129 47450
31299 45649
67240 8611
45788 89135
13384 88830
24069 98661
98097 24428
40181 8625
32679 70373
65501 51187
97966 21198
34760 10516
35862 15649
12742 8137
64187 264
34865 90289
23297 6299
79084 37013
90551 68801
48039 25982
27861 43495
963 68801
49142 75035
52535 27291
55818 49533
39323 15892
24153 91480
56136 78499
15656 87450
6299 48611
61133 13281
75149 41863
18995 6400
67240 15656
62410 94748
13518 8089
11718 92735
66030 15656
59704 35550
60367 27250
25728 5852
77749 90951
58793 87082
19503 45788
68147 19464
15274 97511
80809 85324
89651 54008
63464 51983
57387 86205
2350 66414
11153 71062
68801 82937
57011 91279
34507 66905
65185 50856
16731 11503
79858 20074
54008 44338
22900 57187
7691 8137
52574 59873
39998 85507
64574 69946
75320 52645
65418 13281
19464 42819
58181 12417
88544 34731
31759 41904
52645 89665
55197 84803
89505 8979
67469 19464
46333 93862
97571 86766
25849 39275
81706 28066
90978 32900
6195 61171
15259 95213
19581 94067
87090 28538
5301 47137
71754 42931
74821 29114
86766 32765
41977 27808
27808 27761
45828 34171
33132 15274
83752 94997
94997 93477
81499 48611
89414 69760
61319 99342
2404 52082
86639 59872
23546 88565
30586 84625
91699 85617
84625 4423
6469 78928
87599 72680
38673 90557
87717 78928
39873 10816
42931 81499
62313 37393
39987 36216
45005 66207
6027 75896
12742 82366
58793 66207
2348 34760
36634 55845
35300 66853
56136 2660
73696 26430
59192 62120
40119 36728
15224 8165
11537 19873
40763 82535
3762 79602
81706 76809
6975 78157
56223 77167
66286 23525
77389 19311
91279 90318
94914 7133
12586 28002
24221 30586
17611 59639
27861 86443
44850 75735
40874 77902
1120 90004
15821 62005
25005 78049
14467 27761
66414 6400
37077 94166
86846 45985
62786 2476
52791 96337
41904 45435
81184 90879
94914 91958
58639 46835
97479 63437
55033 90318
36133 67050
80282 17753
13368 76893
13368 66819
99819 31889
90551 84275
66130 82231
21030 30586
32013 44850
65981 20569
63200 82476
68139 48611
95192 75639
21046 49367
16619 26330
41904 8261
48455 12742
62654 66618
92867 11603
27861 33786
72726 36634
18043 84564
30925 10914
3056 77749
15821 45435
48304 8625
87717 80809
73426 85863
7890 45788
52731 45043
57684 94914
62385 26430
56249 69120
52442 31863
9125 30212
59658 11926
25818 76338
72843 59699
25728 57387
84517 63744
46795 51042
16446 31397
28884 55805
91059 78029
88469 80765
2404 50249
14865 6929
97966 38673
77914 35874
84275 6629
44468 50679
50134 66030
59192 91484
24609 91014
5719 43495
963 73193
65163 27916
11382 49467
69230 97045
28435 56436
75639 44321
87450 36694
86443 30212
72843 13554
48950 42320
52148 42990
55818 6466
61015 69870
2052 75639
23546 66853
66149 93756
31397 75800
3715 87090
78499 52442
40611 11718
51970 83355
23005 31863
55852 27250
53828 38034
65163 51983
65682 45043
92864 41240
77036 27916
58404 95430
78049 19894
37393 68708
17753 41777
37077 61133
79928 2348
17686 20484
2147 38099
26047 81504
87599 9158
77760 17926
33535 2660
18415 15536
48648 64187
30928 64574
11718 46646
1335 23908
66905 6466
75505 22838
6928 86169
72843 93862
65351 79928
18442 14610
3762 28164
75505 70004
44648 6195
84112 50249
29382 92731
20087 1891
42901 75639
23005 28164
11134 38395
92706 51042
95732 76813
91279 3370
27456 38713
65163 85000
8979 48218
66159 56567
36634 31600
19464 11503
77036 37555
38723 52791
93477 52442
37051 90978
56249 18415
1180 56223
90318 97227
8107 264
16424 70090
45527 2476
2052 21312
25224 30774
57353 39227
51324 93756
32089 41205
45005 1575
69065 28342
99036 91059
36447 83792
77036 29197
74572 30774
49714 30203
99036 29116
40619 59658
90557 83303
24153 52148
98286 26267
15536 55845
10914 6299
99342 19232
66110 49714
99036 82491
25849 89207
45005 72843
61181 37393
12586 88565
27916 75808
72096 71166
13368 22017
15684 25164
62786 89665
33517 34836
1998 78928
1061 28164
97479 15536
53458 66286
77988 27540
50164 90004
78029 14406
48957 12601
95959 77151
98286 15536
31889 435
96429 54782
55845 52645
52535 55852
66286 85000
14742 38723
33488 76248
3848 54064
78499 22593
89160 66130
47798 99866
84519 21065
15224 55033
66383 77902
8812 81706
36133 72726
90004 85867
56636 68251
33786 19541
16446 87090
4034 44373
78101 8812
18913 41147
38723 77511
25352 85503
70090 27808
93605 99036
77129 79858
54599 49747
79602 26006
59704 22017
50249 2739
52148 66110
78101 28430
72162 97571
87795 71412
1052 24408
52103 52602
45788 5719
42809 44648
28066 91279
60611 69230
49142 91699
18905 39275
19657 74572
56107 88864
1926 68107
48039 5408
93862 46929
63261 80677
43983 66030
72416 90004
70020 86846
521 49626
44338 14590
26430 5719
32900 25728
53386 37555
18442 52731
42819 97045
66701 1335
14590 22430
27444 24153
61319 62220
69870 6629
61873 19657
23031 40364
43983 63658
85324 48957
43983 72162
41915 76248
18913 84625
6629 14406
14590 76813
45985 55818
6578 59639
81504 40679
97907 264
69767 59658
41941 45649
93850 2147
32566 6928
21030 19581
48304 16424
98661 26048
59658 65682
3848 59873
53458 99036
22748 62129
14590 59872
32566 56136
97571 66709
17686 521
19873 97672
30774 18913
17753 12776
80664 31863
64362 11879
9425 79084
94610 88469
62220 46648
95959 51919
26267 91014
8729 49367
13554 89875
89596 65351
77167 14865
78503 55033
84275 55805
78029 85617
55033 56669
17330 77511
66853 82925
73696 93373
74556 47798
93601 41993
7691 43288
55033 77988
18043 17330
79 86708
84564 8698
52347 14742
31521 89135
12742 65501
74572 15821
30216 93756
69120 13368
52103 59639
78029 77760
8121 85867
11760 48611
38783 264
6299 63261
59699 65185
15536 1214
74556 45005
46929 86639
40874 55805
54599 39748
2931 68801
46893 56436
65682 60602
84275 39384
42873 34731
81499 83752
84517 48648
15892 8137
14742 46795
59580 78503
25728 32765
72096 1998
42901 56567
37622 75800
71412 60093
37051 79739
12776 30925
40724 89361
28089 20074
80664 65185
94128 6400
11879 44577
85072 59704
79415 39987
45493 15892
70090 88507
2052 72162
69120 52645
22838 86443
36728 73797
43288 9107
39765 6940
6619 99036
59514 58639
81464 29197
70373 19464
94748 4423
50134 29342
28089 8818
16731 93756
26047 67920
66149 96093
3497 66905
37051 49626
93477 61510
30928 69679
22748 95213
29193 46795
86205 24225
30925 66905
95213 92982
60611 70942
521 95091
73193 6929
17904 65351
35191 73193
85324 46807
25818 63464
1926 69196
60611 85507
6299 69767
80809 8729
7895 80765
30586 53266
21972 99866
48648 74572
10738 87795
99342 96097
47798 99866
80282 587
23047 25982
93477 39275
65353 17611
15649 18442
28435 24225
7895 71792
75735 49091
12409 19420
64362 83355
44338 38034
29114 94914
38943 41863
81184 82937
51187 6629
93310 82925
40112 32765
75035 18913
10787 79190
57387 54419
18913 19464
70172 19232
11134 7044
17611 68989
32900 36133
21972 59873
21030 33405
66854 22593
66627 89651
92982 57035
32679 52574
58181 87082
61785 32765
46795 95091
66130 8121
96337 75639
76427 93756
75639 66819
65652 27444
43396 60752
29342 54782
33132 50096
62434 52535
42236 52148
14742 88864
77175 66819
76427 99866
95461 19541
66618 95461
38783 10738
52837 63200
6195 66869
35036 15918
57035 25352
56567 95213
2348 5852
21030 39837
96097 42320
29012 36130
73696 85000
87589 30774
90557 75662
74572 73426
39873 28455
28656 30203
7710 35300
71166 60372
77389 39967
49367 29382
98661 63761
49142 6363
37119 8812
41977 55852
75320 56636
35862 10616
89414 89207
12586 40724
60367 68107
59658 80809
74572 99342
61015 79928
15684 39873
35191 77389
18905 72162
1214 52668
34171 8625
91014 98097
87717 45493
44850 21966
81504 29193
8729 57187
67050 2376
39998 93477
61873 98748
42932 6195
35550 78101
17753 55845
45005 52535
84564 27803
43288 9967
6629 71062
26862 73797
16071 7785
82491 79415
42932 8979
94997 71060
77988 95732
19311 93850
8089 47701
60611 39998
10645 24609
66110 58404
38099 59873
6578 41544
15486 64440
28002 6302
49626 13384
70291 6929
40119 47985
59704 89414
64227 99548
33517 88565
62434 47137
35862 15224
10645 33594
40119 89710
54023 20956
39748 60372
41205 15656
77988 24609
27250 23908
76001 16424
25164 91014
56436 40181
2931 83752
6520 59580
63878 6975
66216 11879
17149 57011
3370 87212
82535 66869
94748 34910
11537 96429
24250 42320
39712 1335
66383 27468
85386 88334
79874 41863
81706 34865
19873 47137
25068 69679
3848 69946
10569 45005
91484 31647
68251 87082
1061 66641
23047 54419
10946 19251
2350 42236
7691 46333
60093 98661
67838 25164
95091 98348
8773 70020
23005 1180
63261 66030
68251 25005
12417 67050
72476 74088
98661 20569
57503 8137
15918 84275
24069 37393
5591 88507
91103 52645
95732 45493
28435 8165
85000 10638
98504 79415
80765 19420
86708 22748
32024 61015
36552 66383
25484 54419
31863 94903
73383 65351
23297 38783
95461 78751
72680 1948
19541 66383
79602 5719
69435 33371
12742 32037
44577 72843
61785 24153
36634 21030
52574 28002
45527 73206
41839 63878
81208 66905
59466 78751
80809 24609
35138 15406
95091 8156
6469 92864
31521 42819
69767 26048
78499 56664
76953 37761
6469 95732
19873 79602
43371 38034
58244 98348
56436 53458
20074 51919
90551 69120
15259 93310
22593 15757
91480 30586
41993 78157
63437 4034
52082 99097
85180 19873
49467 62385
9742 42873
25982 36634
27861 39227
95192 69870
94067 30203
56586 99548
38713 93694
92792 69027
79874 14865
92458 47986
10787 35874
92792 81229
5719 6484
34576 94166
35036 88830
31960 66207
94761 72476
36523 61785
94761 67408
37622 535
34576 4673
41863 43812
79952 38723
10943 87795
69870 88334
25728 25484
59699 41147
