50 50
--
27 98
54 42
27 31
85 76
29 95
84 52
42 55
94 9
9 51
22 45
41 2
73 14
20 43
22 13
20 33
7 59
57 86
29 84
7 20
86 16
96 46
29 1
52 100
22 69
16 44
7 29
7 77
29 94
43 81
41 73
73 48
29 22
95 71
27 61
84 67
41 17
54 7
54 30
34 82
85 10
77 34
77 85
54 57
33 58
7 96
59 41
22 37
77 60
29 27
--
31 17
86 42
30 14
7 94
45 58
43 46
61 45
59 82
73 41
10 17
73 16
55 16
45 81
85 45
100 42
33 71
84 37
55 10
41 95
22 58
29 44
44 22
51 85
48 76
44 48
73 77
54 10
17 34
20 42
96 94
85 76
95 84
98 61
61 76
34 94
22 81
60 84
54 59
94 1
98 69
22 31
57 60
71 81
29 84
100 61
34 57
76 98
82 76
81 77
13 51
