50 50
--
38 42
62 10
63 24
3 71
82 63
18 81
53 100
93 25
37 3
38 70
22 7
34 62
72 5
82 93
32 84
62 44
42 86
3 8
38 22
72 1
89 91
71 59
63 21
24 64
25 53
25 69
84 92
42 89
7 37
93 13
3 94
1 77
10 6
3 11
82 38
93 72
42 4
85 80
59 61
21 85
77 50
22 34
22 36
38 18
62 27
70 19
38 32
21 68
70 76
--
93 85
53 69
70 3
18 81
92 53
11 59
91 18
81 93
53 62
53 81
22 6
72 92
6 63
18 24
5 3
19 81
3 24
72 13
84 38
84 59
38 36
19 18
7 32
42 5
94 8
6 50
10 62
25 6
24 91
68 5
89 34
94 72
71 100
8 1
44 59
27 18
72 32
100 72
22 82
42 27
91 86
61 5
18 59
72 3
50 82
11 70
1 44
81 21
38 44
21 5
