50 100
--
2 12
22 70
81 94
52 24
35 48
82 30
84 95
90 52
9 13
67 99
42 96
81 62
89 47
88 42
24 92
16 55
88 82
59 9
52 93
19 40
97 58
14 22
14 8
81 84
24 16
93 19
93 2
71 36
93 67
98 76
81 14
52 89
89 43
93 59
52 71
47 81
67 37
67 98
93 11
10 66
90 97
84 10
94 21
90 39
97 77
90 88
88 75
81 35
2 61
--
9 82
52 77
43 24
40 82
77 22
82 24
19 94
52 35
30 97
36 67
67 12
9 89
16 19
75 2
52 40
13 9
76 99
75 70
36 93
55 96
75 24
59 89
97 9
43 39
94 2
61 66
62 96
52 36
55 77
67 61
16 67
96 43
35 92
93 77
82 22
89 30
89 42
77 82
88 95
67 36
88 24
70 61
90 13
58 55
42 55
84 89
97 99
10 16
93 14
81 30
99 55
24 96
90 52
8 92
40 71
21 30
71 43
43 12
67 9
93 84
52 8
40 52
22 67
10 59
76 98
55 76
16 52
16 95
98 94
35 55
43 88
37 19
96 24
61 92
16 88
37 67
16 43
55 42
97 71
22 30
19 9
97 90
93 40
42 75
77 22
59 58
37 59
13 67
59 98
93 36
40 55
61 81
81 99
9 47
8 14
13 70
61 21
70 75
94 98
95 2
