50 100
1 3
1 19
1 27
1 45
2 6
2 42
2 47
3 13
4 5
5 7
5 10
5 15
5 22
5 50
6 9
6 37
6 39
7 8
7 12
7 28
8 10
8 11
8 12
8 26
9 16
9 17
9 43
10 11
11 12
11 18
11 50
12 14
12 44
12 50
13 19
13 20
13 45
14 15
14 28
14 36
15 18
15 44
16 17
16 41
17 21
17 33
18 22
18 49
19 20
19 32
19 45
20 25
20 40
20 45
21 29
21 37
21 42
22 23
22 26
22 36
23 24
24 26
24 36
25 27
25 31
25 35
25 45
26 28
26 38
26 44
27 31
28 30
28 36
29 33
29 39
30 36
31 32
31 45
32 35
33 34
33 39
33 41
33 43
34 37
35 40
35 45
36 38
37 39
38 44
38 48
39 41
39 47
40 45
41 42
42 43
43 47
44 46
46 48
48 49
49 50
