100 200
1 3
1 10
1 55
1 79
2 12
2 49
2 61
2 91
3 5
3 55
3 100
4 7
4 25
4 45
5 6
5 68
6 9
6 38
6 69
7 14
7 32
7 85
7 90
8 11
8 44
8 89
9 10
10 22
10 48
10 55
10 69
10 76
10 96
11 17
11 18
12 13
13 15
13 57
13 86
13 93
14 16
14 21
15 35
15 65
15 70
15 82
15 93
16 21
16 25
16 34
16 41
16 90
17 18
18 19
18 39
18 52
18 54
19 20
19 30
19 39
19 44
20 27
21 25
21 32
21 45
21 95
22 23
22 37
22 46
22 68
23 24
23 80
24 26
24 33
25 32
25 34
25 40
25 90
25 97
26 29
26 37
27 28
27 71
28 30
28 50
28 84
29 33
29 47
30 31
31 36
32 34
32 92
32 97
33 37
33 100
34 40
34 90
34 92
35 49
36 39
36 56
37 38
38 43
38 88
39 44
40 41
40 42
40 92
41 42
41 97
42 45
43 46
43 47
43 68
44 50
45 85
45 95
45 97
46 47
46 53
46 72
47 48
47 88
48 53
48 100
49 57
50 51
50 62
50 78
51 52
52 54
52 67
53 55
53 76
54 56
55 64
55 88
56 62
57 58
57 82
57 83
58 59
58 75
59 60
60 61
61 63
61 65
61 87
61 99
62 66
62 74
62 81
62 89
63 65
63 70
63 86
63 93
64 68
65 70
66 67
67 71
68 69
69 72
69 100
70 73
70 87
71 74
72 76
73 75
73 82
74 78
75 77
75 83
75 94
76 79
76 88
77 82
78 81
79 80
80 88
81 84
82 83
83 86
83 93
83 94
84 89
85 90
86 87
86 93
87 91
88 96
89 98
90 92
91 93
92 95
92 97
93 94
94 99
95 97
96 100
