100 200
1 5
1 11
2 3
2 66
2 68
3 4
3 78
4 6
4 90
5 7
6 15
6 60
7 9
7 29
7 35
7 64
8 12
8 39
8 81
9 10
9 65
9 96
10 11
10 94
10 99
11 18
11 21
11 31
12 13
12 34
12 54
13 14
13 17
13 42
13 86
14 16
14 42
14 43
14 50
14 70
15 23
16 17
16 34
16 37
16 39
17 19
17 27
17 34
18 20
18 63
18 73
19 22
19 24
19 25
19 34
19 79
20 21
20 28
21 28
21 29
21 80
21 99
22 24
22 38
22 54
23 26
23 59
24 25
24 93
25 27
25 70
26 30
26 78
26 87
27 34
27 48
27 50
27 81
28 29
28 52
28 71
28 97
29 31
29 45
29 100
30 32
30 98
31 35
31 100
32 33
32 40
32 58
32 69
33 40
33 72
34 36
34 41
34 53
34 70
34 74
35 44
35 63
35 97
36 37
37 38
37 49
38 39
38 47
39 41
39 53
40 46
40 66
40 68
40 88
41 42
41 86
42 43
43 47
43 50
44 45
44 83
44 89
45 51
46 55
47 48
48 49
48 86
49 50
49 54
50 53
50 70
51 52
51 73
52 56
52 96
53 54
54 70
55 58
55 77
56 57
56 67
57 61
57 63
57 64
58 59
58 98
59 60
59 66
59 68
59 87
60 62
61 63
62 66
63 64
64 65
65 67
65 83
66 68
66 72
66 77
66 84
67 71
68 69
68 95
69 72
69 84
70 74
71 73
72 77
73 76
74 75
75 79
76 80
76 89
77 78
77 87
78 84
78 92
79 81
80 83
80 100
81 82
82 86
83 89
84 85
84 91
85 87
86 93
87 88
87 91
88 90
89 94
90 91
91 92
92 95
94 96
95 98
96 97
97 99
99 100
