100 200
1 4
1 16
2 3
2 5
2 88
3 5
3 9
3 72
4 7
4 22
4 67
5 6
6 9
6 42
6 59
6 88
7 8
7 18
7 87
8 11
8 86
8 94
9 10
9 19
9 24
9 30
9 37
9 69
9 74
9 91
10 15
10 73
11 12
11 96
12 13
13 14
13 16
13 32
13 67
14 16
14 70
15 19
15 38
15 71
15 78
16 17
17 18
17 34
17 47
17 79
17 100
18 21
19 20
20 23
21 22
21 39
21 81
21 96
22 25
22 81
23 24
23 78
24 29
24 92
25 26
25 55
26 27
27 28
27 60
27 70
27 99
28 32
29 30
29 74
30 31
30 72
31 33
31 83
32 34
32 60
32 70
33 37
34 35
35 36
36 39
36 48
36 93
37 38
37 51
37 59
37 82
38 40
38 58
39 41
39 66
40 42
41 44
42 43
42 83
43 45
43 52
43 83
44 46
44 48
44 99
45 49
45 74
45 92
46 47
46 53
46 98
47 48
48 53
48 61
48 81
48 89
48 94
49 50
49 95
50 51
50 63
50 88
51 52
51 59
52 56
52 92
53 54
53 55
53 61
54 55
55 57
56 58
56 71
57 60
58 59
58 65
58 78
58 95
59 62
59 72
60 61
60 75
60 80
60 96
61 64
61 80
62 63
62 83
62 88
63 65
63 71
63 76
63 78
64 66
65 69
65 82
66 67
66 100
67 68
67 79
67 90
67 98
68 70
68 79
69 71
70 75
71 72
71 82
72 73
72 91
73 74
73 95
74 76
74 95
75 77
76 78
77 79
78 82
79 80
80 81
81 84
82 83
83 88
84 85
85 86
86 87
86 99
87 89
88 91
89 90
90 93
91 92
92 95
93 94
94 96
96 97
97 98
98 99
98 100
99 100
