100 200
1 2
1 10
1 87
2 3
2 26
2 59
3 4
3 46
3 77
3 92
4 5
4 26
5 6
5 25
6 7
6 18
6 58
7 8
7 9
7 37
7 69
7 87
8 9
8 48
8 58
9 10
9 73
10 11
10 37
10 42
11 12
11 20
11 30
11 75
12 13
12 14
13 14
13 63
14 15
15 16
15 74
16 17
16 30
16 35
16 61
17 18
17 98
18 19
18 72
19 20
19 90
20 21
21 22
21 62
21 70
21 94
22 23
22 97
22 100
23 24
23 45
24 25
24 75
25 26
25 47
25 88
26 27
26 57
26 62
26 92
27 28
28 29
28 31
28 92
28 94
29 30
30 31
30 78
30 93
30 95
31 32
32 33
33 34
33 41
33 50
34 35
34 45
34 47
34 78
35 36
36 37
36 72
37 38
37 92
38 39
38 59
38 72
39 40
39 74
39 87
39 99
40 41
40 49
41 42
41 47
42 43
42 46
42 82
43 44
44 45
44 50
45 46
45 52
46 47
46 50
46 69
46 83
47 48
47 53
47 68
48 49
48 63
48 90
49 50
49 67
50 51
51 52
52 53
52 71
53 54
54 55
55 56
55 81
55 82
55 91
56 57
57 58
58 59
58 80
59 60
60 61
60 92
61 62
61 69
62 63
62 67
63 64
63 84
63 88
64 65
64 69
64 70
65 66
66 67
67 68
67 71
67 75
68 69
69 70
69 72
70 71
70 83
71 72
71 85
72 73
72 86
73 74
74 75
75 76
76 77
76 82
77 78
78 79
79 80
79 81
79 97
80 81
81 82
82 83
82 87
83 84
84 85
85 86
86 87
86 93
87 88
88 89
89 90
90 91
90 99
91 92
92 93
93 94
94 95
95 96
96 97
97 98
97 100
98 99
99 100
