100 400
1 2
1 3
1 18
1 97
2 3
2 4
2 7
2 18
2 25
2 49
2 65
2 75
2 76
2 96
3 4
3 38
3 65
3 67
3 79
3 86
3 96
3 97
4 7
4 10
4 15
4 16
4 20
4 26
4 68
4 72
4 79
4 97
4 100
5 6
5 23
5 28
5 29
5 32
5 35
5 54
5 78
5 85
5 89
5 92
6 12
6 21
6 24
6 57
6 59
6 80
6 84
6 87
6 89
6 95
7 8
7 31
7 41
7 96
8 9
8 10
8 18
8 19
8 38
8 49
8 52
8 58
8 75
8 86
8 96
8 97
9 10
9 16
9 20
9 25
9 31
9 41
9 45
9 64
9 94
10 11
10 58
10 63
10 69
10 79
10 93
11 13
11 15
11 18
11 38
11 74
11 100
12 14
12 21
12 29
12 35
12 39
12 78
12 91
13 15
13 26
13 63
13 72
13 75
13 79
13 81
14 17
14 32
14 36
14 80
15 16
15 65
15 100
16 18
16 49
16 51
16 64
16 83
16 90
17 21
17 36
17 42
17 55
17 80
17 95
18 19
18 25
18 33
18 53
18 76
18 81
18 100
19 20
19 51
19 64
19 65
19 68
19 96
20 25
20 38
20 49
20 75
20 76
20 97
21 22
21 54
21 55
21 59
22 23
22 28
22 50
22 62
22 78
22 85
22 95
23 24
23 27
23 29
23 39
23 42
23 50
23 54
23 84
23 85
23 99
24 27
24 29
24 87
24 95
25 26
25 31
25 53
25 70
25 72
25 76
26 31
26 65
26 70
26 79
27 28
27 39
27 47
27 56
27 57
27 59
28 29
28 47
28 57
28 61
28 66
28 73
28 78
29 30
29 32
29 57
29 78
30 32
30 39
30 54
30 66
31 33
31 38
31 51
31 52
31 67
31 71
31 76
31 81
31 94
32 34
32 46
32 55
33 38
33 58
33 65
33 67
33 69
34 35
34 42
35 36
35 46
35 54
35 59
35 80
35 85
35 98
36 37
36 39
36 42
36 46
36 48
36 50
36 54
36 59
36 66
36 84
37 39
37 57
37 61
37 84
37 95
38 41
38 64
38 71
38 74
38 81
38 88
38 96
38 97
39 40
39 55
39 89
39 91
39 99
40 42
40 46
40 48
40 61
40 66
41 43
41 53
41 74
41 94
41 100
42 44
42 95
42 98
43 45
43 53
43 58
43 64
44 46
44 84
44 91
45 49
45 88
45 90
45 93
45 97
46 47
46 80
46 84
46 85
46 87
47 48
47 54
47 55
47 78
47 98
48 50
48 56
48 57
48 95
48 99
49 51
49 65
49 75
49 88
49 100
50 54
50 78
51 52
52 53
52 69
52 97
53 58
53 71
53 76
53 79
54 55
54 57
54 85
54 95
55 56
55 61
55 78
55 82
55 84
56 57
56 87
57 59
57 78
57 89
58 60
58 76
58 100
59 61
59 85
59 92
60 63
60 68
60 72
60 75
60 76
61 62
61 78
61 92
62 66
62 78
63 64
64 65
64 74
64 88
64 93
64 96
65 67
65 100
66 73
66 98
67 68
67 100
68 69
69 70
69 100
70 71
70 94
71 72
71 74
72 74
72 83
73 78
73 89
74 75
74 93
75 76
75 79
76 77
76 86
76 94
76 96
77 79
78 80
78 91
79 81
80 82
80 85
80 95
81 83
81 86
82 84
82 95
83 86
83 90
84 85
84 92
85 87
86 88
86 90
87 89
87 92
88 90
89 91
90 93
91 92
92 95
93 94
94 96
95 98
96 97
97 100
98 99
