100 400
1 2
1 4
1 26
1 60
2 3
2 10
2 61
2 88
2 94
3 4
3 34
3 38
3 85
3 88
4 5
4 81
4 92
4 94
4 99
5 6
5 14
5 18
5 37
5 77
5 82
6 7
6 27
6 47
6 52
6 68
6 78
6 81
6 94
7 8
7 12
7 28
7 45
7 53
7 59
7 62
7 90
7 92
8 9
8 16
8 31
8 38
8 58
8 83
8 90
8 91
9 10
9 62
9 85
10 11
10 24
10 33
10 44
10 47
10 48
10 57
10 68
10 78
11 12
11 14
11 33
11 48
11 70
11 91
11 93
12 13
12 32
12 37
12 47
12 75
12 84
12 91
13 14
13 45
13 48
14 15
14 27
14 54
14 78
14 81
14 91
14 92
15 16
15 41
15 55
15 83
15 99
16 17
16 29
16 34
16 37
16 41
16 48
16 96
17 18
17 37
17 88
18 19
18 42
18 60
18 64
18 65
18 68
18 100
19 20
19 28
19 58
19 67
19 71
20 21
20 28
20 39
20 44
20 70
20 71
20 73
20 77
20 91
21 22
21 30
21 53
21 65
21 75
21 88
22 23
22 25
22 61
22 82
23 24
23 56
23 88
24 25
24 27
24 29
24 43
24 54
24 66
24 75
25 26
25 49
25 69
25 73
25 79
25 80
25 81
25 92
26 27
26 34
26 41
26 43
26 62
26 80
26 88
26 92
27 28
27 73
27 83
27 92
27 93
27 98
28 29
28 34
28 37
28 55
29 30
29 41
29 66
29 80
29 96
30 31
30 44
30 55
30 86
31 32
31 33
31 57
31 65
31 68
31 93
32 33
32 49
32 68
32 73
32 96
33 34
33 74
33 75
34 35
34 38
34 50
35 36
35 43
35 54
35 60
35 66
35 71
36 37
36 57
36 60
36 73
36 77
37 38
37 46
37 85
38 39
39 40
39 57
39 58
39 72
39 86
39 98
40 41
41 42
41 53
41 56
41 63
41 74
41 83
42 43
42 49
42 58
42 73
42 90
43 44
43 53
43 60
43 61
43 71
43 81
43 83
43 95
44 45
44 54
44 66
44 81
44 89
44 97
45 46
45 50
45 55
45 64
45 81
45 99
46 47
46 58
46 74
46 80
46 86
46 100
47 48
47 93
48 49
48 63
48 83
48 84
48 86
49 50
49 84
49 93
50 51
50 52
50 56
50 81
50 86
50 92
50 94
51 52
51 66
52 53
52 60
52 68
52 89
53 54
53 63
53 64
53 79
53 84
54 55
54 59
54 60
54 92
54 93
54 94
55 56
55 59
55 62
55 69
55 85
56 57
56 66
56 84
56 98
57 58
57 65
57 81
58 59
58 69
58 83
58 96
59 60
59 61
59 69
59 70
59 94
59 100
60 61
60 73
60 74
60 78
61 62
61 64
61 76
62 63
62 66
62 69
62 84
63 64
63 69
63 72
63 73
63 99
64 65
64 89
65 66
65 68
65 76
65 91
66 67
66 74
66 99
67 68
67 71
67 85
68 69
69 70
69 89
69 93
70 71
70 74
70 96
71 72
71 78
71 79
71 82
71 90
71 91
71 94
72 73
72 84
72 100
73 74
73 82
74 75
74 85
74 91
75 76
76 77
76 88
77 78
77 89
77 96
78 79
78 95
79 80
80 81
80 91
80 96
81 82
81 96
82 83
83 84
83 92
83 93
84 85
85 86
85 93
86 87
86 90
86 95
87 88
87 91
88 89
89 90
89 95
89 98
90 91
90 93
91 92
92 93
93 94
94 95
95 96
96 97
97 98
98 99
99 100
