100 400
1 2
1 6
1 35
1 56
1 62
1 77
1 99
2 3
2 7
2 10
2 22
2 25
2 45
2 62
2 71
2 80
3 4
3 9
3 26
3 43
3 44
3 51
3 55
3 82
3 83
4 5
4 10
4 17
4 26
4 79
4 87
4 93
5 6
5 7
5 14
5 20
5 23
5 43
5 80
5 82
5 90
5 99
6 7
6 10
6 12
6 38
6 49
6 65
6 69
6 88
7 8
7 9
7 13
7 34
7 54
7 57
7 85
8 9
8 31
8 40
8 61
8 78
9 10
9 25
9 35
9 41
9 55
9 64
9 87
10 11
10 42
10 73
10 81
10 95
11 12
11 54
11 82
11 93
12 13
12 24
12 34
12 54
12 58
12 73
12 76
12 78
12 88
12 94
13 14
13 24
13 25
13 55
13 64
13 67
13 68
13 84
13 87
13 95
13 99
14 15
14 35
14 41
14 49
14 58
14 90
15 16
15 29
15 36
15 57
15 82
15 84
16 17
16 26
16 33
16 43
16 46
16 47
16 48
16 53
16 61
17 18
17 29
17 43
17 44
17 53
17 69
17 84
18 19
18 21
18 34
18 46
18 69
18 86
19 20
19 44
19 51
19 60
19 80
19 85
19 88
19 97
20 21
20 31
20 78
20 90
21 22
21 26
21 59
21 67
21 74
21 92
22 23
22 29
22 30
22 31
22 71
23 24
23 30
23 59
23 71
23 78
23 89
23 93
24 25
24 63
25 26
25 30
25 87
26 27
26 42
26 44
26 74
26 93
27 28
27 31
27 33
27 78
28 29
28 45
28 52
28 53
28 71
28 81
29 30
29 33
29 46
29 47
29 48
29 64
30 31
30 36
30 58
30 72
30 81
30 85
31 32
31 70
31 82
31 97
32 33
32 78
32 91
32 97
33 34
33 70
33 96
34 35
34 52
34 61
34 75
34 90
35 36
35 38
35 39
35 42
35 43
35 51
35 53
35 65
35 83
35 87
36 37
36 46
36 80
36 81
36 97
37 38
37 52
37 88
37 89
37 96
38 39
38 42
38 45
38 68
39 40
39 81
39 86
40 41
40 42
40 47
40 50
40 74
41 42
41 43
41 46
41 91
42 43
42 51
42 74
42 80
42 84
42 86
43 44
43 63
43 77
44 45
44 53
45 46
45 52
45 73
45 76
45 98
46 47
46 61
46 65
46 95
47 48
47 54
47 60
47 68
47 73
48 49
48 72
48 88
48 90
49 50
49 57
49 78
49 84
49 85
49 86
49 91
49 95
50 51
50 67
50 75
50 76
50 95
50 97
51 52
51 61
51 72
52 53
53 54
53 56
53 58
53 70
53 82
53 83
53 87
54 55
54 64
54 80
55 56
55 87
56 57
56 59
56 64
57 58
57 92
58 59
58 81
59 60
59 61
59 62
59 92
59 94
60 61
60 77
60 100
61 62
61 72
61 75
61 86
62 63
62 81
62 97
63 64
63 71
63 83
63 90
64 65
64 66
64 74
64 79
64 89
64 91
64 97
65 66
66 67
66 86
66 95
67 68
67 72
68 69
68 81
68 84
68 95
69 70
69 86
70 71
70 72
70 79
71 72
71 94
72 73
72 77
73 74
73 96
73 98
74 75
74 83
75 76
75 94
76 77
76 86
76 96
76 99
77 78
78 79
79 80
80 81
80 87
81 82
82 83
82 90
82 99
83 84
84 85
85 86
85 91
85 95
86 87
87 88
87 95
88 89
89 90
89 96
90 91
91 92
92 93
93 94
94 95
95 96
95 100
96 97
97 98
98 99
99 100
