01101101
01100011
01101001
01111001
01110010
01101110
01110110
01101011
01101000
01101000
01110111
01100011
01101001
01101101
01101110
01110001
01100001
01111001
01100010
01101100
01111010
01100111
01110111
01110011
01110011
01110000
01101011
01101001
01110000
01110110
01100100
01110010
01101011
01110011
01100010
01110111
01100010
01110011
01110110
01110100
01111001
01100101
01110101
01100101
01101110
01110100
01100111
01110010
01100100
01110010
01110111
01100101
01110111
01101000
01110001
01100010
01101110
01101010
01101001
01100111
01101001
01101001
01110110
01100011
01101110
01100100
01101100
01110001
01100111
01101101
01101011
01101011
01100111
01101011
01110011
01100111
01100011
01100011
01110000
01110011
01101100
01101100
01110110
01110111
01101111
01110001
01110001
01110000
01101110
01100111
01111000
01101001
01111000
01100011
01111000
01110011
01111001
01101010
01101000
01110011
01101100
01100101
01100011
01100111
01101101
01110100
01101001
01110111
01110011
01101110
01101110
01111001
01100110
01100111
01111000
01101010
01101110
01101010
01110100
01100011
01101110
01101001
01101011
01110110
01110001
01101000
01111010
01100110
01110000
01100111
01100001
01110011
01100101
01110111
01101111
01111010
01110000
01110010
01101101
01100110
01111000
01111000
01101010
01101001
01111000
01100110
01100001
01100011
01100110
01101010
01110100
01110111
01101110
01101100
01110100
01101101
01110101
01110010
01110000
01111000
01100011
01110110
01110111
01111001
01101110
01110011
01110100
01101101
01110011
01110011
01101000
01100011
01110110
01110011
01101100
01110100
01100100
01110001
01100010
01110101
01100100
01101111
01100011
01111001
01101010
01101011
01100010
01100100
01101001
01100001
01111000
01110100
01101010
01110110
01101010
01110101
01110110
01100111
01110000
01100010
01110000
01110101
01110010
01101011
01101101
01111001
01100010
01100010
01111010
01100011
01100101
01111010
01100010
01100100
01100101
01111000
01101011
01101010
01100010
01110101
01110110
01100110
01101110
01110000
01101011
01101101
01101110
01110110
01100100
01100100
01101010
01100011
01100001
01100110
01101010
01110100
01100001
01110101
01100011
01101110
01100101
01100100
01111001
01100010
01100010
01100001
01101011
01110011
01101010
01110100
01110101
01101010
01111001
01111000
01110000
01100100
01100101
01100001
01100110
01111000
01101101
01110000
01110111
01110010
01101000
01100010
01101110
01101101
01111010
01111000
01111001
01110101
01110000
01100100
01101100
01110110
01101000
01101110
01111001
01100101
01101101
01110101
01101110
01101010
01100111
01100011
01100111
01110000
01101111
01110101
01100001
01101110
01100100
01100001
01110001
01111001
01111010
01100111
01101110
01100100
01101010
01101101
01110110
01101011
01110111
01100101
01110001
01100111
01101100
01110100
01100010
01100011
01101100
01110101
01111001
01101111
01101111
01100100
01110111
01101111
01110011
01100101
01110100
01101000
01100010
01110000
01110011
01100010
01110110
01101111
01110001
01110111
01101001
01111001
01111001
01101010
01101011
01101001
01110001
01110001
01110010
01101110
01100111
01100111
01100100
01100011
01100111
01110001
01111010
01110000
01111000
01100001
01100111
01111010
01100011
01110111
01111000
01101001
01100100
01101110
01110110
01101110
01110101
01101100
01100010
01100010
01100101
01100101
01100011
01101110
01100110
01101111
01111001
01101111
01101101
01101110
01101101
01110111
01110100
01100101
01110011
01110000
01111010
01110111
01110110
01100100
01101001
01100101
01101011
01110010
01100011
01110101
01101010
01101110
01111010
01111001
01110111
01110110
