100 1 100 20
1 91 71 106 86
2 45 22 49 26
3 84 38 98 52
4 95 22 105 32
5 82 1 92 11
6 64 27 81 44
7 54 8 71 25
8 27 32 43 48
9 66 93 77 104
10 9 22 11 24
11 9 64 14 69
12 67 99 79 111
13 99 94 109 104
14 64 14 73 23
15 13 5 24 16
16 95 64 98 67
17 27 55 37 65
18 54 50 68 64
19 35 85 38 88
20 11 48 29 66
21 79 90 93 104
22 94 66 106 78
23 57 9 74 26
24 94 78 102 86
25 70 2 75 7
26 31 63 42 74
27 100 18 110 28
28 40 61 54 75
29 41 41 59 59
30 10 95 20 105
31 94 93 96 95
32 39 15 42 18
33 52 43 54 45
34 58 73 67 82
35 21 13 29 21
36 19 97 36 114
37 75 84 91 100
38 63 56 68 61
39 34 57 38 61
40 72 72 84 84
41 80 61 86 67
42 62 6 80 24
43 71 41 81 51
44 20 98 25 103
45 85 4 96 15
46 38 14 52 28
47 66 45 86 65
48 65 68 72 75
49 48 82 62 96
50 88 33 102 47
51 99 99 118 118
52 46 48 54 56
53 99 23 107 31
54 94 88 110 104
55 56 16 61 21
56 56 77 74 95
57 27 36 44 53
58 34 87 46 99
59 84 25 89 30
60 22 84 39 101
61 80 82 84 86
62 93 61 106 74
63 48 57 67 76
64 39 66 51 78
65 61 88 79 106
66 70 84 82 96
67 33 100 50 117
68 12 13 22 23
69 55 37 58 40
70 17 91 37 111
71 9 17 13 21
72 14 21 17 24
73 88 93 100 105
74 7 11 21 25
75 17 10 22 15
76 12 21 16 25
77 94 55 101 62
78 17 33 27 43
79 6 40 17 51
80 9 24 19 34
81 19 70 33 84
82 26 85 40 99
83 53 53 66 66
84 76 43 79 46
85 26 9 37 20
86 90 60 91 61
87 90 33 93 36
88 76 10 80 14
89 12 10 22 20
90 99 60 110 71
91 7 5 23 21
92 65 35 74 44
93 57 84 76 103
94 79 80 88 89
95 11 58 25 72
96 5 72 10 77
97 27 19 35 27
98 10 13 13 16
99 27 27 31 31
100 36 9 39 12
