100 1 100 20
1 89 64 102 77
2 21 1 23 3
3 56 39 58 41
4 38 47 53 62
5 20 64 24 68
6 46 7 64 25
7 35 23 54 42
8 10 43 21 54
9 62 84 66 88
10 72 79 87 94
11 38 87 45 94
12 23 89 40 106
13 35 87 40 92
14 93 3 111 21
15 11 44 18 51
16 18 56 22 60
17 66 68 74 76
18 32 96 40 104
19 79 22 81 24
20 27 38 44 55
21 48 80 52 84
22 70 87 84 101
23 14 29 19 34
24 49 23 52 26
25 69 100 88 119
26 13 73 25 85
27 81 16 89 24
28 34 25 41 32
29 95 24 100 29
30 47 91 61 105
31 92 100 99 107
32 99 81 102 84
33 4 14 11 21
34 98 36 99 37
35 27 69 36 78
36 49 81 61 93
37 42 96 52 106
38 77 34 95 52
39 48 88 64 104
40 30 70 33 73
41 19 59 33 73
42 56 94 75 113
43 39 58 58 77
44 30 86 36 92
45 56 4 64 12
46 81 88 98 105
47 46 10 54 18
48 12 89 18 95
49 78 10 94 26
50 68 40 73 45
51 8 46 14 52
52 66 26 73 33
53 99 30 100 31
54 64 28 82 46
55 22 6 37 21
56 23 61 25 63
57 55 82 72 99
58 76 41 88 53
59 72 96 84 108
60 79 35 93 49
61 13 77 31 95
62 16 26 36 46
63 53 46 56 49
64 86 78 88 80
65 7 40 24 57
66 46 52 55 61
67 35 88 55 108
68 22 19 38 35
69 41 62 56 77
70 19 73 21 75
71 21 58 28 65
72 33 64 52 83
73 82 62 83 63
74 40 97 59 116
75 59 7 71 19
76 65 65 76 76
77 46 20 59 33
78 92 35 107 50
79 72 30 88 46
80 75 14 95 34
81 55 22 64 31
82 11 18 15 22
83 51 66 70 85
84 71 92 82 103
85 73 11 78 16
86 21 75 29 83
87 37 60 46 69
88 48 74 49 75
89 75 99 83 107
90 56 59 69 72
91 44 10 50 16
92 24 80 42 98
93 76 93 90 107
94 21 35 24 38
95 95 46 110 61
96 76 35 84 43
97 42 3 55 16
98 89 39 94 44
99 4 31 13 40
100 92 12 99 19
