100 1 100 20
1 32 77 48 93
2 21 38 38 55
3 2 38 15 51
4 93 35 111 53
5 57 44 77 64
6 32 75 50 93
7 8 64 27 83
8 14 41 33 60
9 11 5 13 7
10 89 71 101 83
11 92 37 105 50
12 62 23 73 34
13 8 25 19 36
14 64 58 71 65
15 37 9 44 16
16 17 85 23 91
17 57 58 71 72
18 68 73 79 84
19 44 84 47 87
20 17 81 25 89
21 61 44 70 53
22 49 86 56 93
23 10 64 24 78
24 98 16 100 18
25 71 60 73 62
26 31 97 37 103
27 77 9 89 21
28 94 18 101 25
29 8 99 18 109
30 88 26 90 28
31 73 34 90 51
32 61 48 73 60
33 28 53 39 64
34 56 24 60 28
35 84 26 89 31
36 64 56 67 59
37 63 79 80 96
38 62 13 67 18
39 26 100 46 120
40 50 84 60 94
41 58 82 74 98
42 60 1 68 9
43 8 48 18 58
44 95 60 112 77
45 87 53 96 62
46 32 34 44 46
47 10 88 20 98
48 97 87 102 92
49 36 72 38 74
50 93 24 99 30
51 70 27 90 47
52 39 6 53 20
53 30 57 42 69
54 87 77 96 86
55 25 56 32 63
56 45 8 46 9
57 81 27 89 35
58 66 10 75 19
59 44 55 60 71
60 33 9 43 19
61 77 15 84 22
62 10 82 24 96
63 18 38 32 52
64 42 30 43 31
65 70 76 76 82
66 82 11 89 18
67 48 72 63 87
68 91 32 111 52
69 7 1 22 16
70 65 75 80 90
71 32 77 33 78
72 82 73 94 85
73 15 19 16 20
74 86 71 100 85
75 21 59 28 66
76 55 79 73 97
77 38 46 50 58
78 86 16 102 32
79 61 62 69 70
80 44 1 54 11
81 25 71 38 84
82 31 63 42 74
83 79 54 85 60
84 35 43 53 61
85 62 59 77 74
86 10 61 30 81
87 26 51 44 69
88 93 19 103 29
89 86 8 103 25
90 5 31 6 32
91 83 46 87 50
92 63 38 79 54
93 92 10 109 27
94 65 91 68 94
95 97 45 111 59
96 60 2 76 18
97 64 64 69 69
98 70 93 77 100
99 77 53 82 58
100 8 46 11 49
