100 1 100 20
1 78 95 98 115
2 18 2 19 3
3 26 23 31 28
4 17 91 27 101
5 84 6 93 15
6 43 27 49 33
7 53 97 59 103
8 1 38 19 56
9 84 96 88 100
10 82 18 86 22
11 98 7 100 9
12 85 20 102 37
13 97 49 103 55
14 25 89 34 98
15 31 54 38 61
16 75 89 85 99
17 33 11 49 27
18 97 55 115 73
19 69 71 82 84
20 48 43 51 46
21 58 29 64 35
22 21 99 39 117
23 98 74 107 83
24 45 87 46 88
25 9 60 19 70
26 58 77 63 82
27 87 26 88 27
28 30 44 39 53
29 57 86 70 99
30 57 10 64 17
31 9 27 25 43
32 80 75 97 92
33 80 88 92 100
34 54 41 67 54
35 84 42 93 51
36 67 67 68 68
37 58 64 73 79
38 78 68 96 86
39 81 35 100 54
40 45 10 52 17
41 88 9 98 19
42 3 72 9 78
43 10 42 28 60
44 26 88 30 92
45 98 81 112 95
46 43 34 52 43
47 72 86 73 87
48 80 48 94 62
49 28 44 35 51
50 60 31 61 32
51 77 19 86 28
52 62 75 65 78
53 71 25 90 44
54 50 82 53 85
55 35 89 39 93
56 48 7 66 25
57 56 6 71 21
58 98 55 104 61
59 5 25 7 27
60 72 14 78 20
61 9 1 11 3
62 2 12 22 32
63 89 22 95 28
64 81 54 85 58
65 91 66 107 82
66 100 36 120 56
67 3 38 11 46
68 28 67 34 73
69 4 80 18 94
70 48 10 49 11
71 43 94 56 107
72 17 78 36 97
73 45 65 53 73
74 11 12 23 24
75 93 63 98 68
76 62 83 77 98
77 55 8 67 20
78 63 58 73 68
79 17 89 26 98
80 99 38 107 46
81 20 29 29 38
82 10 45 29 64
83 77 38 80 41
84 13 82 24 93
85 3 45 16 58
86 42 94 49 101
87 21 44 39 62
88 76 34 82 40
89 27 22 32 27
90 31 95 51 115
91 41 36 43 38
92 9 86 28 105
93 32 57 42 67
94 35 66 45 76
95 39 81 52 94
96 97 3 106 12
97 53 24 61 32
98 34 45 46 57
99 94 31 111 48
100 69 1 74 6
