100 1 100 20
1 53 34 61 42
2 61 69 74 82
3 32 19 49 36
4 57 23 75 41
5 5 6 14 15
6 21 39 28 46
7 34 43 42 51
8 64 40 71 47
9 52 22 55 25
10 41 15 51 25
11 4 48 19 63
12 1 71 21 91
13 59 65 66 72
14 65 97 80 112
15 41 56 48 63
16 91 2 99 10
17 68 74 77 83
18 14 10 33 29
19 87 79 103 95
20 94 11 114 31
21 42 59 54 71
22 22 71 25 74
23 79 16 83 20
24 100 100 116 116
25 33 81 38 86
26 82 89 83 90
27 95 61 112 78
28 12 74 18 80
29 21 49 27 55
30 35 57 41 63
31 15 68 24 77
32 21 61 28 68
33 92 80 104 92
34 68 69 87 88
35 57 79 76 98
36 38 6 43 11
37 55 49 70 64
38 38 16 49 27
39 76 93 77 94
40 33 41 50 58
41 7 22 18 33
42 76 44 83 51
43 78 38 80 40
44 6 88 16 98
45 26 2 32 8
46 19 75 31 87
47 41 61 52 72
48 88 18 106 36
49 46 69 64 87
50 30 44 36 50
51 22 97 38 113
52 92 94 94 96
53 50 86 69 105
54 46 18 48 20
55 57 15 70 28
56 57 87 66 96
57 76 84 92 100
58 93 22 113 42
59 8 62 11 65
60 9 98 25 114
61 19 1 33 15
62 66 83 85 102
63 66 67 76 77
64 82 7 90 15
65 31 77 50 96
66 23 64 29 70
67 27 3 38 14
68 5 60 16 71
69 51 69 60 78
70 5 6 13 14
71 61 32 63 34
72 26 42 41 57
73 72 32 88 48
74 14 54 19 59
75 91 7 106 22
76 41 78 49 86
77 79 88 95 104
78 48 25 63 40
79 50 7 67 24
80 84 80 97 93
81 66 71 72 77
82 88 31 90 33
83 17 75 19 77
84 44 66 62 84
85 52 29 64 41
86 60 23 63 26
87 24 32 37 45
88 10 11 29 30
89 42 53 59 70
90 41 21 43 23
91 64 80 68 84
92 60 52 69 61
93 3 16 17 30
94 40 33 50 43
95 89 81 96 88
96 31 50 34 53
97 48 69 63 84
98 14 23 34 43
99 8 76 22 90
100 72 64 75 67
