100 1 100 20
1 33 38 43 48
2 51 29 58 36
3 21 30 40 49
4 19 49 39 69
5 30 12 42 24
6 76 39 79 42
7 51 49 59 57
8 88 64 90 66
9 13 39 31 57
10 24 51 34 61
11 92 52 96 56
12 93 98 112 117
13 5 23 8 26
14 4 57 7 60
15 31 84 42 95
16 11 1 26 16
17 60 17 69 26
18 73 64 91 82
19 17 51 35 69
20 80 100 85 105
21 96 14 98 16
22 94 17 113 36
23 41 46 52 57
24 47 45 57 55
25 66 50 77 61
26 14 79 31 96
27 52 38 61 47
28 56 67 66 77
29 24 60 38 74
30 55 88 60 93
31 93 24 100 31
32 84 11 96 23
33 97 73 110 86
34 15 35 26 46
35 67 75 82 90
36 98 42 107 51
37 72 57 83 68
38 43 49 46 52
39 64 83 79 98
40 22 29 38 45
41 90 14 92 16
42 66 43 86 63
43 50 97 60 107
44 87 76 97 86
45 30 68 45 83
46 43 42 52 51
47 95 17 106 28
48 70 45 77 52
49 72 33 73 34
50 94 58 100 64
51 10 100 23 113
52 46 99 50 103
53 13 56 28 71
54 33 13 34 14
55 51 58 60 67
56 42 51 51 60
57 15 61 30 76
58 81 19 83 21
59 24 30 31 37
60 16 22 20 26
61 39 49 53 63
62 30 54 50 74
63 17 96 28 107
64 93 45 109 61
65 89 23 94 28
66 3 69 20 86
67 99 75 105 81
68 38 81 52 95
69 74 92 76 94
70 69 53 74 58
71 20 6 35 21
72 50 85 61 96
73 61 75 72 86
74 79 27 83 31
75 40 88 45 93
76 92 54 96 58
77 61 88 80 107
78 98 47 101 50
79 50 80 51 81
80 20 75 28 83
81 92 11 93 12
82 54 89 71 106
83 9 33 17 41
84 11 56 14 59
85 86 35 100 49
86 5 2 6 3
87 3 88 15 100
88 45 95 55 105
89 97 62 117 82
90 45 43 50 48
91 4 36 16 48
92 83 11 102 30
93 30 7 42 19
94 14 77 15 78
95 49 88 66 105
96 18 41 34 57
97 4 35 13 44
98 40 4 47 11
99 98 13 115 30
100 21 83 36 98
