100 1 100 20
1 87 89 95 97
2 93 64 95 66
3 83 11 88 16
4 25 32 39 46
5 66 58 69 61
6 84 11 100 27
7 26 74 34 82
8 14 58 17 61
9 89 64 97 72
10 62 14 70 22
11 29 45 40 56
12 74 60 76 62
13 12 45 31 64
14 26 78 27 79
15 44 64 54 74
16 89 1 103 15
17 22 18 29 25
18 35 84 39 88
19 83 13 103 33
20 34 15 49 30
21 7 75 13 81
22 68 63 78 73
23 8 69 19 80
24 16 17 34 35
25 28 62 46 80
26 4 53 22 71
27 90 2 93 5
28 64 38 77 51
29 39 70 50 81
30 24 47 30 53
31 93 37 105 49
32 97 17 104 24
33 22 33 24 35
34 30 3 32 5
35 92 6 110 24
36 94 18 112 36
37 4 27 22 45
38 71 32 88 49
39 57 65 66 74
40 90 35 104 49
41 44 24 58 38
42 3 4 6 7
43 22 47 38 63
44 20 90 36 106
45 12 36 28 52
46 45 83 60 98
47 73 7 92 26
48 56 90 68 102
49 90 66 106 82
50 65 33 83 51
51 64 100 69 105
52 6 90 24 108
53 43 7 51 15
54 57 49 62 54
55 10 37 26 53
56 12 88 14 90
57 12 68 16 72
58 100 2 112 14
59 81 6 95 20
60 73 84 75 86
61 38 20 47 29
62 2 90 6 94
63 60 1 63 4
64 71 36 73 38
65 40 68 41 69
66 17 5 30 18
67 74 40 81 47
68 33 97 35 99
69 37 88 42 93
70 25 23 35 33
71 16 32 35 51
72 49 61 69 81
73 61 79 66 84
74 5 26 10 31
75 2 66 3 67
76 47 91 66 110
77 78 40 90 52
78 98 75 104 81
79 37 45 56 64
80 88 74 106 92
81 98 15 110 27
82 24 87 35 98
83 15 18 24 27
84 90 52 102 64
85 91 72 93 74
86 13 84 19 90
87 72 38 77 43
88 31 3 38 10
89 96 65 115 84
90 40 91 52 103
91 93 26 94 27
92 53 6 70 23
93 70 50 75 55
94 84 78 88 82
95 68 37 84 53
96 47 23 63 39
97 68 37 77 46
98 19 13 27 21
99 87 95 103 111
100 125 125 151 151
