100 51
17 72
88 15
47 44
25 82
43 48
53 28
57 100
34 46
90 99
71 46
56 59
6 35
73 58
40 70
8 58
57 26
85 4
42 51
85 73
88 12
33 2
78 50
82 98
25 23
92 10
58 64
29 82
58 44
90 60
16 1
78 45
63 51
29 79
18 100
9 7
13 6
40 40
20 88
20 54
82 21
4 97
1 81
14 6
45 76
69 94
2 15
15 99
30 86
36 49
4 4
6 16
15 36
69 97
45 11
38 40
81 93
47 21
39 78
100 27
8 59
5 22
99 10
72 64
81 31
87 47
79 95
23 84
67 71
19 74
12 31
11 83
66 13
87 84
37 9
73 49
93 18
53 78
5 11
92 62
31 94
35 26
99 53
48 62
11 73
72 77
22 57
83 7
28 50
26 22
65 87
1 28
26 93
70 34
62 95
36 32
79 8
91 14
97 71
50 9
2 48
