100 26
22 28
43 98
67 95
29 33
65 97
46 95
47 7
81 28
7 27
31 83
42 13
64 73
20 47
5 27
86 81
64 43
74 38
100 69
15 73
12 34
87 1
90 78
70 8
56 15
59 25
7 47
93 6
53 9
49 3
39 42
81 49
31 71
46 12
89 77
13 33
41 17
69 94
63 100
88 93
97 59
94 56
63 79
83 32
41 38
67 71
42 48
98 23
54 23
51 32
70 25
68 67
45 92
83 16
45 52
75 6
12 41
93 12
24 68
9 56
26 67
28 49
89 22
6 35
10 61
22 100
76 40
79 50
32 92
66 81
84 41
71 82
40 10
21 14
43 82
54 86
6 15
35 5
94 96
2 93
100 61
95 53
32 10
91 36
80 91
33 98
18 88
95 77
85 1
80 79
38 88
57 62
21 62
8 70
50 9
61 36
26 44
2 80
85 31
16 40
97 46
