100 36
81 50
88 51
95 87
69 89
42 31
21 76
53 65
74 72
31 7
85 19
85 93
87 41
74 48
88 85
81 34
57 8
23 95
51 34
43 2
7 57
8 21
11 21
61 82
5 91
2 94
35 62
6 40
35 40
51 74
36 22
92 30
44 64
17 86
59 94
6 13
3 78
60 67
9 64
87 18
38 1
50 86
17 30
27 42
58 11
9 50
44 49
67 44
94 61
20 66
54 82
31 60
27 8
76 53
48 10
79 58
92 95
22 9
58 44
36 53
76 79
94 20
1 2
23 72
12 10
98 67
54 93
73 15
66 92
97 29
2 66
72 14
64 60
66 90
63 22
71 99
47 5
68 4
60 89
47 13
82 62
84 39
20 74
97 97
37 20
79 35
89 83
1 91
7 68
28 19
67 43
77 57
98 100
16 39
15 24
10 85
3 54
8 51
4 49
12 92
40 41
