100 79
28 82
75 82
68 32
18 70
50 21
84 92
32 33
52 46
34 86
48 10
94 2
24 10
25 25
60 9
90 14
1 46
90 55
60 86
23 99
95 23
89 68
35 74
35 24
51 58
88 50
14 7
54 6
3 85
27 3
94 14
75 49
42 68
92 38
11 80
32 7
3 24
81 33
63 88
14 4
5 71
30 55
38 21
86 91
50 40
88 38
19 65
73 51
40 95
44 52
30 84
62 94
97 58
52 80
83 9
39 15
38 27
23 17
19 48
86 84
82 94
67 39
68 3
1 37
6 39
81 20
91 90
5 81
40 32
70 88
70 57
17 81
24 73
56 61
29 62
11 57
96 56
53 65
39 30
6 54
96 73
73 69
41 61
7 5
16 52
4 99
77 15
4 60
36 20
9 98
95 45
65 25
77 76
85 76
69 83
49 91
92 64
78 44
36 97
83 85
2 98
