20
4 9 11 7 17 19 19 6 8 6 18 10 4 7 21 9 8 17 14 7
7 7 20 20 16 9 7 18 10 16 16 15 19 5 14 4 6 7 7 12
18 3 6 10 4 3 6 5 9 9 19 8 18 11 15 10 12 12 5 4
3 13 3 4 18 9 13 18 12 13 17 14 9 11 17 20 5 12 17 11
10 10 17 16 20 9 21 9 19 15 19 14 4 3 12 20 5 5 11 13
8 4 19 19 16 18 11 10 16 17 21 10 16 17 14 17 7 18 19 20
3 13 10 10 4 7 15 10 12 7 9 12 10 12 20 15 17 16 19 9
9 19 8 3 14 12 12 12 21 3 8 21 3 5 16 19 11 15 16 15
4 21 16 20 20 9 9 21 12 16 18 9 11 3 21 15 6 12 20 21
16 15 13 17 11 10 9 19 19 20 13 10 3 8 4 10 8 4 11 6
21 12 17 19 5 7 16 20 20 10 18 18 18 11 6 5 13 13 3 7
7 19 9 13 20 19 13 11 7 18 5 11 17 17 15 14 6 7 20 3
21 19 12 15 11 19 15 11 4 5 12 15 6 14 3 3 5 4 7 6
3 16 3 7 13 10 14 20 12 15 8 12 4 5 19 21 19 4 4 18
18 20 8 13 18 4 20 12 5 21 11 12 18 16 20 3 3 10 11 9
17 15 18 10 5 9 16 11 4 20 4 7 9 18 21 15 10 10 16 19
15 7 4 17 10 9 14 16 5 20 17 14 13 20 13 7 21 18 5 6
8 11 19 7 9 13 21 14 3 5 12 3 15 14 10 12 4 5 14 20
21 12 14 8 18 20 11 14 9 16 9 17 5 18 10 16 17 14 13 12
15 10 16 12 9 19 18 13 14 4 16 16 16 20 5 8 7 5 13 16
