30
16 10 3 16 16 3 6 16 17 21 13 4 15 16 16 16 10 20 14 8 20 6 19 10 20 11 15 21 16 17
21 11 9 11 4 4 10 9 10 16 9 3 13 6 6 20 19 20 15 12 15 4 19 16 3 3 13 17 17 10
20 8 8 19 14 17 3 6 5 8 12 7 7 9 21 19 17 12 5 3 7 14 12 19 5 18 6 7 18 20
3 17 3 19 6 21 3 4 11 9 17 8 4 16 14 3 19 5 9 7 14 15 13 20 16 7 16 19 19 20
19 7 18 20 10 10 21 16 9 8 8 21 8 14 6 20 21 10 10 13 18 16 7 4 20 4 3 21 20 17
12 13 15 21 21 20 16 8 13 20 4 8 12 4 15 10 12 18 18 14 15 15 8 11 10 11 20 5 5 13
4 3 12 10 13 8 9 20 3 17 5 16 9 4 17 12 10 18 7 16 18 10 21 20 5 20 6 12 9 6
11 7 17 13 3 20 10 6 19 15 8 13 20 6 12 4 12 15 5 14 21 12 20 21 17 8 21 12 13 17
3 11 15 3 9 7 20 18 18 7 17 21 13 15 10 4 7 16 3 5 12 21 16 7 3 12 13 13 4 16
9 15 20 6 15 5 5 6 12 5 11 10 10 9 18 14 21 18 12 10 14 18 5 4 4 12 11 3 17 21
8 3 20 14 7 12 3 18 7 8 11 20 17 7 18 20 15 4 13 15 6 21 3 15 6 5 13 4 21 14
5 9 9 6 5 11 10 9 11 10 8 19 3 18 5 10 6 7 7 6 13 10 8 3 18 17 7 16 10 6
4 6 18 21 4 20 20 14 4 4 11 4 13 18 10 8 9 15 3 5 11 3 20 18 20 8 5 13 16 10
8 18 19 21 11 19 11 14 7 6 14 17 13 13 16 11 14 12 10 8 12 13 13 16 13 10 17 21 4 9
20 3 10 3 16 10 20 10 15 11 21 11 14 16 4 7 21 3 21 11 13 3 3 10 6 4 17 8 7 17
3 12 6 10 13 20 6 10 16 5 14 18 13 7 7 15 7 20 4 15 3 13 4 10 12 21 8 9 9 3
6 10 15 14 14 4 14 13 20 18 16 16 18 21 10 15 16 10 5 11 6 7 15 21 20 12 17 7 6 7
13 4 16 5 7 14 16 4 14 14 17 21 15 18 12 12 3 7 14 19 11 13 6 15 18 14 6 18 19 6
18 7 15 6 3 15 5 7 20 6 20 11 7 6 6 21 10 15 18 5 15 9 6 21 15 12 11 11 15 8
20 16 12 3 17 14 4 12 13 13 19 8 17 16 11 14 15 20 15 10 19 7 3 10 7 12 4 11 15 21
16 4 11 21 10 14 11 17 20 10 3 10 9 18 5 7 5 12 5 21 5 5 21 21 5 17 11 14 12 14
6 3 7 15 14 15 21 4 18 16 7 3 9 12 15 10 4 18 15 8 16 19 13 7 10 21 9 18 18 18
8 12 18 4 11 11 18 8 8 16 9 6 17 4 20 7 12 17 12 4 4 15 17 9 21 4 16 17 11 8
7 10 7 10 9 15 3 21 15 7 16 17 15 17 7 6 7 12 12 9 21 4 5 17 15 5 20 13 12 8
4 17 3 15 6 13 18 19 9 8 11 13 13 10 18 13 19 8 12 4 15 21 21 15 16 5 3 6 6 20
5 13 10 10 18 8 16 9 15 4 3 15 6 12 17 3 21 20 14 4 10 15 10 4 12 13 4 14 19 18
17 15 15 12 21 3 21 3 19 15 17 9 14 14 6 18 8 13 7 15 19 9 14 18 9 16 3 3 21 3
10 9 9 18 13 3 18 21 5 9 17 3 12 7 14 3 15 6 15 9 3 11 11 8 9 8 8 19 14 18
19 9 18 9 19 12 16 19 20 11 10 13 21 21 12 7 8 11 4 18 9 20 18 13 9 14 12 3 17 15
6 10 7 3 13 7 13 12 7 4 5 21 6 3 16 18 8 11 7 20 6 14 10 3 18 4 18 17 13 20
