50
18 14 19 19 21 7 4 3 5 8 15 21 4 6 21 8 3 16 15 13 7 7 14 12 4 13 9 18 14 20 7 17 9 21 7 4 6 6 10 15 18 11 17 9 9 12 7 12 10 20
12 16 14 14 8 19 5 17 9 7 21 8 10 12 13 3 7 5 19 12 12 15 7 4 20 6 3 6 5 20 4 13 11 20 17 7 12 6 13 18 6 9 16 3 18 9 7 17 21 15
10 5 6 9 17 5 16 17 4 20 12 11 18 11 8 6 8 13 17 16 11 3 18 9 10 8 11 17 16 13 12 17 15 18 4 16 14 3 7 5 16 20 9 11 13 18 10 9 10 12
9 20 7 11 15 18 5 18 15 20 13 12 14 16 19 10 3 10 21 5 7 19 17 19 7 12 21 8 20 10 3 5 21 11 9 18 14 21 19 10 17 19 17 21 16 6 18 7 7 15
3 3 15 5 14 7 3 5 9 14 19 21 11 19 5 9 19 16 16 6 10 19 20 14 20 18 6 7 10 7 18 18 8 5 15 11 16 11 21 7 17 13 13 18 8 14 16 5 3 11
6 17 9 9 14 18 5 16 14 9 6 21 19 14 14 17 13 18 17 12 9 6 20 15 3 5 18 14 13 13 7 21 21 19 14 13 8 9 18 13 3 11 8 14 5 20 16 9 20 5
3 11 4 21 16 13 15 7 4 16 5 12 5 8 11 7 3 8 17 21 4 21 3 16 5 13 19 6 9 4 15 4 13 7 20 8 12 7 5 11 20 11 19 11 7 8 21 18 5 10
6 16 9 10 16 19 6 10 7 20 17 20 16 6 10 8 20 6 7 14 20 15 7 9 16 17 4 20 17 12 20 11 6 16 8 9 8 13 20 9 11 15 7 18 6 17 17 11 12 3
14 21 3 6 16 11 9 11 8 16 8 17 16 8 12 17 10 18 18 20 20 15 17 18 10 10 8 9 8 6 6 20 6 14 21 11 10 17 4 21 15 11 9 11 20 21 16 5 4 20
10 14 15 4 15 10 7 18 16 18 6 20 10 4 18 10 12 8 4 21 20 4 12 20 9 11 17 9 17 18 13 8 12 17 14 7 19 21 6 3 4 8 17 21 4 9 3 9 8 3
5 21 7 14 17 20 4 21 7 10 18 8 17 14 17 10 16 11 18 21 16 14 17 4 9 5 7 10 14 20 9 11 20 20 8 20 9 15 15 16 5 6 21 18 3 15 14 16 6 16
20 7 18 10 18 12 18 20 17 14 6 12 12 9 7 17 12 4 15 21 9 3 15 12 19 18 15 18 6 12 14 19 8 12 15 19 16 17 10 5 15 7 19 18 5 19 18 10 3 10
16 6 6 18 21 10 21 7 9 8 4 19 7 13 11 4 20 19 20 8 18 14 10 19 20 11 12 9 18 11 9 10 10 13 10 18 5 8 9 8 14 10 10 16 11 15 16 6 8 7
14 20 16 12 3 18 17 12 16 10 11 14 9 12 20 13 14 11 5 11 11 21 5 4 6 14 4 16 3 6 13 18 20 6 6 11 14 10 19 7 11 11 8 21 8 21 12 12 5 19
17 18 10 16 19 7 5 19 5 17 19 4 4 18 18 15 8 3 15 5 9 7 9 7 18 18 18 14 10 6 8 21 19 3 21 20 11 21 16 19 16 21 11 6 5 9 18 13 14 13
16 5 19 8 21 12 9 5 7 9 11 10 11 5 16 10 4 10 18 21 15 9 6 13 21 8 8 19 4 9 20 5 10 16 17 6 3 18 7 3 20 3 8 15 12 20 18 12 5 3
11 21 19 19 13 5 8 20 5 11 20 10 8 21 12 16 21 10 5 7 15 19 3 12 3 3 21 16 18 9 6 16 5 11 10 5 18 8 17 5 13 9 19 7 20 16 10 12 13 14
11 9 10 21 21 14 16 14 19 5 5 12 5 17 14 18 16 17 21 5 3 19 11 20 18 5 17 17 20 13 7 5 13 10 6 18 4 18 8 18 6 14 16 12 16 7 21 11 8 11
20 5 9 4 15 7 18 3 4 12 11 12 11 16 5 6 15 18 7 8 10 11 7 21 6 19 21 4 21 16 15 9 5 6 20 4 16 15 15 19 19 8 6 4 8 16 19 17 16 11
6 4 7 18 19 19 16 19 3 14 20 10 21 5 18 21 20 12 6 18 13 6 14 16 4 21 6 20 7 18 4 11 7 3 17 20 9 10 18 18 5 9 8 3 11 9 4 13 17 12
20 10 20 14 7 11 7 15 8 16 16 5 21 10 6 12 19 20 8 5 13 4 10 5 14 5 20 3 15 4 19 18 8 9 14 5 16 15 10 8 10 14 11 7 16 21 16 19 19 16
18 6 9 14 4 12 17 12 5 9 18 9 5 17 10 12 14 6 9 21 15 15 10 5 9 6 15 3 6 3 12 11 15 3 21 18 21 4 16 12 8 19 18 3 7 13 20 8 11 5
12 18 12 17 12 11 5 10 3 18 19 7 20 18 16 19 5 8 17 10 3 12 8 11 19 11 19 3 11 9 10 19 7 6 3 4 21 10 9 15 3 17 7 4 21 7 16 21 12 3
12 6 14 21 11 6 9 10 13 15 3 4 10 6 14 15 13 17 20 15 10 16 7 15 15 16 7 21 21 13 8 9 14 10 10 17 17 17 7 21 9 4 16 6 9 16 13 14 10 17
17 10 10 11 6 20 17 16 6 12 14 15 4 19 21 20 21 21 10 15 12 6 10 17 17 9 13 19 20 15 20 16 10 7 17 14 13 12 3 9 17 15 9 5 3 21 8 14 8 6
13 4 6 4 14 12 3 5 14 3 16 15 18 6 5 16 11 16 5 8 7 12 6 11 13 19 15 13 8 20 10 21 17 13 12 10 3 20 9 16 20 15 4 7 3 16 17 15 13 13
12 3 10 9 4 13 5 14 17 16 18 3 10 10 12 8 8 11 19 17 13 19 19 4 9 4 20 19 4 3 17 3 5 7 13 14 5 12 21 4 20 5 13 5 8 5 6 15 12 19
6 7 14 9 9 18 16 7 5 15 11 7 9 18 16 18 19 10 17 13 10 6 21 14 8 13 8 19 19 7 18 12 13 12 5 11 16 16 21 19 3 14 21 14 20 10 16 11 18 7
18 14 16 13 11 12 21 3 16 3 14 12 5 20 4 10 14 10 17 11 13 8 5 7 20 20 20 6 4 5 11 3 20 21 6 8 8 14 20 10 7 6 20 10 13 7 4 11 3 18
7 14 6 19 8 5 18 3 3 15 12 5 7 11 11 19 12 11 13 13 5 9 16 18 16 3 19 13 6 18 17 4 6 5 6 13 9 5 9 12 17 17 3 12 19 17 8 12 4 6
13 15 19 5 16 10 3 16 12 5 15 19 18 16 4 19 14 11 18 18 18 6 9 5 17 8 12 6 18 6 14 19 7 19 13 10 12 19 5 5 3 21 15 7 13 7 20 13 6 14
17 8 21 4 19 3 19 17 7 20 16 18 9 7 8 12 3 4 14 9 4 10 18 20 17 5 6 17 15 11 9 12 9 19 17 14 14 9 10 15 7 9 10 16 11 20 17 20 10 17
17 14 3 5 15 14 18 19 16 15 15 3 12 18 19 21 11 4 17 9 7 9 12 10 20 4 3 18 9 12 3 3 10 3 9 13 4 20 21 4 17 4 7 5 10 20 17 6 7 14
12 11 11 14 21 3 4 8 11 13 10 17 12 4 16 8 13 21 5 7 15 6 4 18 17 17 10 9 16 3 13 11 8 17 11 4 20 4 20 7 13 4 3 20 17 12 18 21 15 3
20 11 21 7 6 7 17 11 17 4 5 17 18 17 8 15 8 14 21 13 7 9 13 4 3 17 7 12 20 7 12 12 16 12 4 5 11 5 3 14 4 16 17 8 16 7 14 5 20 9
12 18 16 17 14 5 16 10 10 17 13 18 7 16 16 6 21 17 11 16 18 7 12 20 13 13 4 3 18 10 6 14 15 4 3 20 18 21 3 17 7 16 5 21 18 11 11 15 19 17
15 17 11 5 14 4 12 9 5 13 8 12 17 17 8 6 13 6 8 11 4 7 20 3 3 9 21 5 14 6 11 10 19 16 10 15 21 9 9 20 17 6 19 11 20 18 20 4 18 18
13 16 14 9 7 14 13 5 7 13 13 14 3 12 12 17 14 16 11 19 8 6 4 8 13 11 8 5 19 3 5 3 3 21 3 20 3 21 18 14 6 19 21 14 3 5 18 3 18 5
5 10 15 10 7 6 13 8 13 19 13 7 21 17 10 19 14 12 14 16 15 5 4 16 15 11 4 4 21 11 8 4 5 6 11 9 9 16 6 19 6 18 17 16 19 21 15 19 6 6
3 4 6 7 9 5 9 11 10 6 14 9 18 6 21 13 11 13 18 6 17 12 21 6 8 12 7 18 7 5 5 12 5 15 16 17 4 10 16 11 19 10 17 9 11 6 5 14 16 12
10 8 13 16 10 5 5 21 15 13 21 10 10 15 19 12 5 20 3 18 13 20 8 5 9 20 5 6 6 3 14 15 19 11 8 11 19 19 19 11 5 15 15 3 7 19 11 8 19 4
18 6 12 8 17 5 8 15 20 11 3 19 13 12 8 12 21 10 12 16 18 13 13 6 7 15 12 9 9 7 6 17 12 17 8 7 10 16 21 5 16 18 6 8 18 6 18 9 14 9
5 10 3 5 16 4 21 6 20 3 15 7 10 14 4 20 7 18 17 7 8 3 8 3 3 17 21 7 10 18 6 7 21 21 14 6 4 19 3 14 18 8 11 12 17 20 21 13 12 10
12 17 21 5 21 3 15 11 16 15 21 16 15 5 5 16 5 6 6 10 12 8 10 9 4 19 3 15 6 14 19 16 17 15 19 4 3 18 11 19 14 8 18 12 4 13 14 11 7 5
16 20 4 21 3 8 11 8 15 19 9 16 5 16 10 3 12 4 15 14 18 11 11 4 11 10 12 5 15 5 18 12 17 5 21 4 8 6 13 17 7 9 13 11 15 16 10 16 20 10
5 5 18 17 4 5 13 7 8 19 10 11 16 12 7 4 9 13 18 12 12 6 21 20 3 8 3 17 5 15 13 14 15 21 3 18 17 14 14 12 17 3 11 10 16 18 8 8 13 11
19 15 6 4 13 9 16 8 9 12 12 10 7 6 21 13 16 6 20 17 9 18 16 17 3 9 11 21 8 4 12 4 15 15 21 19 20 4 10 8 12 16 5 4 3 11 5 20 15 17
11 6 19 13 11 12 9 19 19 5 4 13 14 4 3 4 10 5 18 7 7 7 16 16 10 19 9 7 11 9 8 8 17 20 16 16 9 4 6 13 3 16 18 16 13 7 15 15 6 5
7 14 21 14 9 5 7 19 19 17 6 21 21 13 18 14 13 20 17 8 6 11 12 11 7 12 13 10 16 19 13 21 3 10 16 19 17 7 15 12 10 7 21 8 6 14 9 8 19 4
11 11 15 11 20 16 21 19 8 9 8 6 5 12 21 4 11 12 19 5 3 19 8 6 15 3 15 21 21 19 6 14 3 16 17 10 16 19 14 14 21 12 16 6 16 19 3 9 21 9
