70
9 5 15 8 17 9 19 16 8 4 20 5 20 9 4 10 17 10 14 3 17 15 8 15 5 14 15 12 21 8 5 17 19 9 6 16 20 10 4 14 9 14 19 11 16 20 4 5 14 10 19 19 4 4 16 8 14 16 8 10 8 20 16 13 20 15 17 17 3 21
6 16 21 21 8 17 16 13 19 5 9 14 12 20 4 14 20 6 18 7 4 16 19 17 16 14 9 7 17 13 20 13 20 21 13 19 18 18 13 9 20 4 11 6 8 16 18 19 7 11 20 21 3 10 12 20 12 14 19 6 17 9 3 18 3 8 5 17 7 9
16 15 4 17 16 8 8 12 12 5 20 10 18 9 12 17 21 18 14 20 8 5 17 4 6 21 19 15 18 5 21 8 10 9 9 21 11 17 16 13 8 12 15 8 18 21 21 6 15 20 15 6 6 8 5 18 16 13 21 8 14 4 7 11 7 11 13 17 5 8
14 7 10 13 20 20 5 10 10 5 21 12 12 21 5 6 19 13 12 9 7 18 9 8 19 21 3 15 20 8 3 4 11 16 10 3 16 21 19 18 7 5 18 5 11 18 10 3 12 17 13 16 3 7 7 3 8 10 15 16 12 10 18 3 9 6 21 12 20 21
16 9 11 9 11 4 21 9 17 4 20 13 15 15 19 13 11 19 14 12 15 19 20 21 18 18 16 11 7 21 16 21 16 3 9 4 11 9 10 16 7 15 16 20 21 15 7 20 7 12 10 13 3 9 21 17 3 14 14 6 9 19 8 14 7 13 10 13 5 18
16 17 12 21 14 3 14 17 8 18 21 4 17 15 7 18 4 13 8 9 3 14 11 13 13 17 13 20 9 16 6 10 3 14 16 16 4 9 20 20 3 7 8 17 18 10 19 4 18 11 18 9 20 13 13 11 8 15 17 12 6 18 19 6 12 16 7 12 17 12
14 14 11 7 19 6 6 5 7 10 14 13 9 4 7 5 18 17 21 19 5 9 6 19 5 7 14 20 8 7 7 10 20 19 19 16 9 12 16 17 6 15 6 12 20 14 8 21 12 9 16 6 20 4 7 5 6 15 5 21 12 15 8 11 20 14 7 13 16 6
19 21 8 17 19 6 15 13 14 18 6 15 10 5 3 4 11 9 20 9 12 4 11 4 16 6 9 6 17 13 17 8 6 7 15 9 18 11 15 17 17 18 8 19 12 12 10 18 12 18 6 9 11 13 3 21 20 3 4 4 19 18 19 15 4 11 21 10 17 5
16 13 7 14 4 6 15 8 21 21 13 12 16 4 5 5 16 21 8 11 17 14 18 7 18 4 20 19 13 20 12 7 18 11 14 4 8 9 11 18 21 15 7 20 6 4 3 19 13 11 11 14 3 8 15 4 11 13 19 17 8 19 3 19 8 3 7 17 10 4
18 13 9 19 19 5 6 5 4 16 18 9 18 8 7 15 16 7 6 3 12 12 16 10 14 5 14 13 15 17 10 11 15 10 3 10 18 12 18 13 3 16 19 18 11 9 16 20 8 14 16 21 18 4 12 5 19 11 8 7 9 6 21 3 13 17 18 21 4 6
19 5 3 15 20 16 10 4 14 3 21 10 5 8 21 13 16 12 8 4 11 5 8 7 12 20 12 20 16 5 21 3 8 10 9 18 18 14 7 19 8 6 14 15 8 6 20 12 19 13 6 17 11 11 16 4 17 13 4 10 18 8 21 19 6 15 10 19 19 9
21 17 3 3 15 21 16 11 9 7 20 5 11 9 13 18 11 17 12 5 19 4 20 9 14 12 17 20 13 19 14 14 16 8 15 21 4 16 14 11 21 8 7 3 9 10 7 10 4 11 15 19 7 13 13 19 12 7 15 5 20 21 14 18 21 16 4 16 3 19
14 20 15 19 9 12 7 8 7 3 9 19 8 19 8 10 4 18 4 15 3 18 15 9 10 16 20 12 5 11 3 12 6 18 14 13 3 17 17 12 3 13 12 18 19 17 13 6 6 9 16 6 13 12 5 3 17 15 9 15 12 4 11 12 12 13 6 14 21 12
14 6 21 7 11 14 11 20 20 21 17 16 10 10 8 3 9 14 3 17 18 18 8 5 11 18 6 14 6 16 11 21 20 5 9 16 20 12 10 21 17 20 11 3 13 4 20 14 15 21 17 10 10 19 13 14 15 8 16 13 4 9 20 10 11 6 3 6 21 3
3 15 20 8 16 18 8 5 17 13 18 10 12 21 11 11 20 19 15 19 8 11 7 18 5 20 9 15 11 5 19 6 7 19 4 14 17 6 17 19 8 16 16 3 3 15 15 6 19 15 7 16 8 6 8 19 16 17 9 20 8 9 19 17 12 20 6 14 15 15
3 18 12 14 18 5 7 3 6 9 14 13 20 8 8 13 7 19 21 14 13 5 8 18 18 4 19 15 9 15 17 14 18 5 18 11 18 4 6 10 3 4 9 14 3 4 12 6 17 18 5 17 13 20 19 12 3 20 10 16 16 20 13 10 19 13 21 15 19 17
6 9 4 10 11 14 10 20 12 4 7 14 18 9 20 6 18 4 18 6 3 17 12 20 4 20 16 20 3 5 15 14 19 8 13 8 17 16 17 6 19 9 18 21 13 19 4 17 16 8 8 16 3 15 10 18 5 7 20 12 14 20 16 18 20 9 6 17 19 6
14 6 13 14 17 4 16 13 11 18 9 21 15 12 13 19 19 13 9 20 11 7 17 10 17 16 21 7 10 21 19 17 6 10 11 16 7 17 18 13 17 14 10 14 3 3 4 16 18 4 8 8 16 7 21 14 3 17 3 5 14 11 17 18 8 5 6 11 20 4
19 16 14 14 12 16 3 7 9 15 15 8 6 5 17 3 11 13 14 17 20 5 13 21 7 19 15 8 15 13 16 20 5 16 13 21 9 11 14 11 9 8 17 19 16 11 5 7 5 15 9 19 12 20 13 11 18 10 5 16 19 7 9 17 5 6 16 3 5 11
3 14 7 19 11 10 5 19 13 16 14 10 19 20 20 4 21 13 18 8 18 19 7 20 7 9 15 11 8 9 15 7 19 4 17 6 3 16 11 11 3 8 12 20 19 8 13 11 14 18 8 19 9 21 13 20 12 6 4 9 9 17 6 19 3 16 18 17 12 4
9 12 9 9 19 21 5 18 7 5 17 15 9 6 8 12 20 7 20 17 8 3 19 14 12 20 18 5 17 5 9 17 11 16 16 16 21 21 6 18 11 11 20 20 5 4 16 6 4 15 8 10 8 9 16 19 20 21 13 19 4 19 6 17 12 16 16 21 11 4
7 12 19 15 4 6 19 19 17 7 7 4 11 18 12 3 12 9 8 18 6 20 20 12 21 4 7 9 7 11 11 5 17 10 6 11 17 8 18 5 21 16 5 10 18 9 19 10 3 16 5 3 11 4 6 12 13 15 18 6 10 17 3 3 21 18 11 4 3 4
9 5 20 13 14 4 15 9 16 14 8 7 3 11 13 8 17 17 11 7 15 6 12 17 12 7 5 6 16 5 6 5 14 6 5 6 12 20 8 19 11 6 16 11 7 8 21 21 18 17 9 9 15 12 20 21 17 7 18 13 20 5 17 16 5 20 14 9 12 18
14 5 9 19 17 13 4 9 14 13 7 18 15 11 15 15 20 3 19 20 11 6 9 18 16 5 16 14 14 3 18 4 6 21 17 4 15 15 8 21 11 10 14 20 18 4 8 7 14 7 20 6 17 16 20 16 7 21 5 19 7 14 16 18 18 16 7 16 7 11
20 3 10 11 12 6 6 13 8 20 6 6 13 16 11 20 16 14 13 15 3 14 7 10 8 21 7 17 10 21 15 11 5 17 18 17 21 12 10 4 6 5 3 8 8 5 21 18 15 19 5 16 13 10 13 5 10 17 4 7 9 4 21 11 3 12 19 8 3 14
4 12 10 10 6 3 10 17 3 12 7 10 6 19 3 20 18 6 7 17 18 19 7 6 9 3 17 16 14 19 3 7 18 19 4 14 19 15 5 9 8 9 12 13 21 13 21 10 16 15 21 9 16 7 11 7 9 13 5 4 6 12 9 5 10 17 21 15 6 3
20 18 16 19 6 17 4 16 14 5 13 15 3 12 13 12 8 12 21 5 13 4 12 12 11 5 10 13 13 13 13 11 6 20 10 3 12 14 10 10 13 8 11 7 8 20 10 3 11 20 20 18 19 12 21 14 15 13 11 18 11 17 21 6 20 7 4 5 16 21
14 17 12 10 5 10 7 14 10 15 18 14 9 8 15 20 21 4 14 9 13 15 19 14 14 8 21 8 18 7 3 4 4 18 9 21 15 7 15 19 11 8 14 17 19 5 12 5 3 20 9 10 17 15 12 10 5 10 16 6 8 21 14 7 19 11 13 5 19 5
14 21 21 19 8 10 19 10 5 15 15 21 20 7 21 14 12 16 21 5 12 9 3 7 21 4 11 6 18 15 6 8 6 10 12 21 10 15 11 16 19 5 20 11 21 12 9 15 8 4 21 6 3 15 13 17 13 17 3 5 7 16 13 18 9 5 6 15 11 7
10 6 17 19 18 9 15 11 3 5 3 12 12 11 16 14 11 11 14 21 5 13 14 15 10 12 8 3 3 6 19 20 4 20 13 5 18 18 20 12 21 18 12 5 10 5 8 4 11 21 18 8 21 19 18 4 7 9 18 8 10 9 11 12 3 13 3 15 13 7
9 19 17 19 14 5 20 4 5 17 16 11 21 9 16 14 16 3 11 13 11 8 7 9 6 19 10 12 8 13 19 12 7 10 11 14 13 4 6 16 8 20 21 18 18 13 5 17 4 18 19 9 7 20 16 6 16 11 16 5 19 19 18 19 12 13 3 19 7 4
3 14 13 4 7 11 7 9 17 21 11 14 18 8 8 8 10 15 8 19 8 15 9 13 8 5 6 4 21 8 12 4 9 5 19 17 14 13 16 18 20 6 15 12 12 20 21 14 9 14 15 10 12 16 18 9 8 13 4 17 16 5 21 11 16 13 17 11 9 3
10 5 15 20 3 11 18 21 9 3 9 20 4 6 7 6 13 5 3 7 20 21 16 9 9 16 18 6 16 5 16 9 5 5 21 15 6 19 5 5 15 13 19 7 5 13 14 6 6 13 7 16 4 15 9 3 11 12 14 16 15 21 20 4 14 21 8 21 11 6
5 10 9 7 18 9 15 4 16 7 15 15 11 13 9 21 9 8 18 17 6 5 5 14 18 12 19 21 9 4 13 21 19 5 19 6 19 11 20 3 17 6 4 15 14 12 13 3 20 3 3 9 20 7 10 14 7 14 18 14 21 13 15 3 15 6 13 13 12 20
21 3 18 12 3 11 21 13 11 7 4 20 3 20 7 20 12 13 17 7 15 11 11 8 4 9 10 9 19 14 9 5 4 6 9 17 16 12 15 14 5 5 21 11 19 21 3 11 16 3 15 16 12 14 16 11 3 18 20 15 16 16 16 13 11 11 18 6 6 12
21 13 9 17 21 16 9 10 11 3 20 21 6 21 12 8 10 10 7 18 4 20 13 5 6 3 9 4 17 9 14 6 9 5 20 16 7 3 6 8 5 12 20 8 3 8 3 14 13 14 20 4 7 7 14 17 9 10 15 20 6 21 14 8 19 21 10 15 6 11
18 7 21 8 6 10 17 6 10 20 18 3 10 10 12 8 3 16 7 14 17 8 17 4 8 17 14 16 10 14 4 4 14 15 15 3 4 8 3 8 18 17 13 8 14 4 4 14 21 17 8 13 19 9 20 16 20 18 13 14 17 15 10 14 11 3 13 19 13 4
6 15 18 11 19 8 6 21 20 19 13 11 5 8 12 21 7 10 5 18 15 21 10 3 14 19 20 7 13 20 8 11 5 12 12 21 14 9 9 17 17 16 5 19 17 6 17 16 7 11 12 11 6 4 11 3 6 15 18 4 6 15 11 7 18 8 15 10 12 6
16 3 20 17 4 3 8 11 13 7 7 13 15 4 12 20 7 9 19 19 16 18 13 13 3 3 18 4 8 20 5 15 18 14 8 15 13 13 14 4 5 11 13 9 15 3 10 20 3 20 13 13 4 11 12 10 3 18 3 17 7 20 15 3 5 13 20 14 9 7
6 14 7 16 8 12 11 12 12 5 15 11 9 20 6 11 11 20 11 21 21 20 16 4 5 18 6 3 21 18 20 7 19 11 5 13 19 13 18 7 15 21 3 17 18 19 18 9 4 8 3 19 12 15 6 20 21 16 10 4 16 14 18 16 20 19 15 6 20 18
16 8 13 21 8 5 20 15 20 3 21 13 15 9 19 15 7 21 5 16 19 20 9 8 10 9 16 5 15 21 16 21 13 4 5 7 15 9 4 8 10 8 12 19 11 8 6 12 17 11 6 21 16 13 8 3 12 3 13 15 11 18 5 21 15 12 21 13 11 8
17 16 4 6 13 6 10 13 14 17 21 15 5 11 6 18 19 17 11 9 16 12 15 8 17 14 16 12 21 8 8 19 18 3 9 16 15 15 8 16 16 14 15 14 6 10 11 4 4 11 18 12 20 19 13 10 8 12 18 17 15 12 4 10 8 15 14 9 7 9
8 5 5 18 12 4 8 21 20 19 3 12 9 10 14 13 19 18 4 3 7 12 16 6 16 10 11 13 4 14 3 20 10 11 17 17 10 17 7 7 18 10 10 8 14 10 13 3 6 5 6 14 19 10 6 15 3 5 12 6 16 19 10 18 19 21 10 21 9 15
17 11 7 17 16 16 17 7 6 13 16 3 12 13 17 8 6 11 20 10 13 5 13 6 9 6 21 20 6 4 11 4 15 5 11 6 3 18 14 12 6 10 6 20 9 4 10 21 21 7 6 5 16 14 11 13 17 14 21 7 14 12 8 5 18 12 11 14 6 11
18 14 9 12 15 11 11 4 13 8 5 4 20 12 13 4 9 3 9 13 4 15 11 3 7 11 16 6 13 8 11 10 12 19 9 10 9 6 13 20 3 8 5 12 21 16 18 20 13 13 19 10 7 21 5 16 11 10 19 6 11 13 21 19 17 9 13 12 6 6
20 21 13 15 6 19 8 7 7 7 16 4 15 11 19 10 14 11 11 20 17 3 15 10 20 5 16 15 10 17 21 6 4 16 8 7 9 21 13 17 10 7 4 4 8 7 19 17 18 21 7 7 19 5 6 19 21 16 21 17 8 16 10 3 3 9 3 21 12 10
14 21 11 11 5 6 16 3 14 11 14 10 10 13 15 6 17 16 16 13 17 17 8 13 5 5 12 14 15 21 4 14 12 5 14 16 19 15 9 13 5 18 13 21 15 15 18 6 5 16 6 13 4 18 6 16 18 8 9 21 6 21 9 20 13 13 11 5 17 21
4 19 7 12 15 20 19 17 10 4 17 9 11 19 19 15 3 6 9 8 17 20 11 16 12 21 21 16 18 10 8 4 5 20 16 18 18 5 12 8 6 19 8 7 8 16 14 15 18 8 6 9 12 3 10 3 9 20 6 17 15 18 10 10 9 8 17 5 21 16
10 6 16 6 3 21 4 9 17 4 17 19 11 7 19 16 5 4 10 9 14 15 8 7 15 21 13 21 6 18 13 20 14 7 15 6 21 20 8 3 19 16 7 5 16 3 19 20 13 6 9 4 12 9 20 8 21 18 12 18 15 5 7 18 18 12 11 9 19 10
5 17 3 8 19 16 7 15 20 19 5 17 3 16 11 9 11 3 17 16 3 20 9 15 4 5 21 19 16 5 12 6 11 14 19 12 9 17 8 12 3 5 18 8 11 9 19 9 5 15 14 5 21 11 15 12 6 21 21 6 17 16 7 4 10 4 3 10 14 10
11 5 3 16 19 14 5 14 3 14 8 17 15 21 21 11 3 19 15 21 18 21 9 11 17 7 8 12 18 10 20 17 14 9 7 6 21 6 10 20 12 16 14 16 7 19 16 19 5 16 5 7 4 17 4 17 13 21 18 12 14 20 8 4 5 5 5 11 5 17
18 3 13 18 18 13 20 21 3 15 5 15 9 18 13 7 12 7 6 14 14 7 13 8 15 18 12 8 11 7 21 15 14 20 3 7 14 21 20 14 17 16 17 16 7 8 3 21 5 15 7 19 9 9 14 6 4 7 21 6 13 18 13 7 16 7 15 20 13 5
20 14 21 11 16 3 3 4 18 10 7 15 9 5 15 12 6 18 4 21 4 15 14 16 17 21 21 12 18 10 19 15 3 13 21 6 20 20 9 13 7 15 13 15 12 17 21 4 16 5 21 17 4 13 10 18 8 4 5 6 6 14 4 15 10 21 18 13 17 12
19 12 10 15 14 15 20 20 7 10 16 10 14 16 13 16 15 18 12 9 20 20 14 7 7 13 6 6 3 9 16 3 12 20 19 19 20 15 15 9 10 11 9 16 17 10 12 8 9 15 4 10 11 8 13 20 17 6 18 5 8 7 12 13 5 11 14 7 16 14
17 10 12 13 9 3 5 11 12 12 15 9 12 4 20 21 3 8 17 9 6 15 16 18 20 6 20 18 6 15 5 21 21 16 15 6 6 14 7 3 18 6 12 15 21 15 9 10 21 9 21 10 14 10 17 3 16 10 4 12 12 19 11 7 5 5 8 14 10 13
19 10 5 15 9 14 10 9 14 13 19 12 4 6 4 6 19 4 16 19 7 19 21 15 14 10 10 5 4 17 21 8 5 15 9 12 16 8 16 16 13 15 15 10 4 10 9 9 8 8 15 15 7 17 12 8 20 6 4 6 6 3 4 7 11 19 8 16 5 20
3 18 20 16 12 21 10 14 13 14 4 9 8 18 17 3 21 6 15 13 15 12 16 9 5 21 12 3 17 10 9 16 18 4 18 17 17 5 14 12 9 21 6 17 18 15 14 14 11 17 12 6 3 4 8 3 9 11 21 3 10 20 14 19 3 15 12 14 19 5
18 13 4 21 10 10 5 7 12 21 6 19 3 8 21 11 11 9 13 3 20 9 19 13 6 13 8 6 5 11 20 5 5 19 20 20 20 10 19 4 13 6 10 20 6 16 9 3 16 18 4 14 6 17 19 3 3 10 15 19 15 6 4 20 3 4 5 9 7 9
19 5 13 19 18 8 3 6 4 15 12 18 9 10 14 3 13 5 5 9 14 5 12 4 17 10 16 20 18 10 8 9 18 3 6 14 13 9 17 16 14 11 21 19 18 18 14 14 16 17 17 10 11 8 19 14 7 10 16 17 12 5 19 21 16 4 12 17 5 3
18 7 12 10 19 11 8 10 18 4 4 11 15 13 18 6 8 20 20 6 13 10 17 9 13 15 17 9 16 14 6 17 6 14 9 12 8 19 14 12 3 12 15 7 9 10 8 18 20 3 8 15 3 4 7 19 19 10 9 16 9 19 6 18 16 3 19 18 10 7
4 7 5 9 7 4 18 5 5 15 18 3 17 9 13 12 16 8 21 19 15 6 7 12 9 21 11 21 6 17 18 14 7 4 21 15 10 3 14 7 8 16 12 15 13 8 12 12 19 12 19 14 12 20 20 12 11 18 5 17 15 16 10 5 14 10 13 10 7 5
15 17 8 5 20 14 8 15 4 16 12 17 17 20 3 6 3 21 20 16 7 21 16 5 13 5 18 6 7 5 10 14 13 13 16 5 9 18 8 20 7 17 13 4 15 8 15 13 15 6 18 14 21 8 10 20 7 10 5 5 8 4 11 7 13 21 14 6 11 14
14 12 6 18 4 9 10 3 16 3 17 11 5 12 8 15 19 18 7 16 11 5 16 8 16 9 8 21 9 11 21 16 11 10 19 4 7 14 20 13 20 3 11 4 20 21 14 10 20 4 20 8 21 21 12 17 11 11 4 12 10 17 6 3 21 18 8 10 17 20
4 17 7 9 4 8 15 15 17 14 17 16 16 10 5 14 10 15 8 6 12 6 20 8 14 16 3 20 14 7 19 5 8 21 10 12 9 5 12 16 20 4 16 14 13 12 17 13 20 6 15 4 7 21 20 15 3 10 16 13 9 15 11 17 15 12 8 6 8 19
15 7 12 17 5 12 6 5 8 8 5 11 19 21 3 15 20 13 16 11 10 11 13 13 5 20 9 11 20 16 20 8 19 16 15 19 7 12 21 18 21 19 13 18 20 9 5 7 3 10 13 19 15 10 6 4 19 16 21 20 4 10 12 7 18 14 5 16 18 20
21 12 18 8 12 20 8 11 9 11 16 10 9 16 20 4 5 9 14 18 12 12 14 5 9 20 19 6 6 11 10 20 12 10 10 10 7 12 12 21 17 3 20 13 16 9 15 10 5 5 9 5 9 19 9 21 17 12 3 20 17 12 17 10 13 17 11 7 18 15
18 5 6 19 4 6 14 18 21 12 13 6 17 12 19 13 19 13 21 19 7 12 14 13 16 16 8 15 14 12 17 13 8 13 15 20 20 20 5 9 7 15 9 9 6 3 13 5 5 21 5 20 21 4 19 20 18 8 18 19 4 11 18 13 19 9 9 21 20 11
7 6 12 3 9 17 3 11 16 16 11 14 13 10 20 4 8 12 13 4 4 15 15 3 10 4 19 15 17 5 8 10 10 13 10 14 5 17 17 10 9 3 3 6 17 15 6 15 4 9 19 19 9 19 8 5 16 19 15 13 7 15 19 19 13 17 17 16 10 8
12 21 9 16 12 18 17 21 18 14 10 17 3 15 13 12 19 20 17 5 18 10 18 20 13 15 10 11 10 11 9 9 15 20 21 20 14 14 6 21 6 15 20 7 15 15 10 16 17 15 15 7 13 18 4 3 13 19 10 3 10 13 18 8 13 16 11 3 18 6
8 16 16 18 12 4 12 7 19 20 11 13 20 3 11 6 12 4 6 15 14 21 18 5 7 7 7 10 6 18 14 16 9 19 6 9 11 19 12 4 21 3 3 4 11 5 19 13 8 14 13 3 21 4 14 20 12 6 10 20 6 18 4 4 21 15 9 19 9 12
