80
19 17 9 11 16 17 4 7 17 21 11 11 21 10 4 15 8 17 13 12 3 11 17 11 5 15 13 6 15 6 3 16 5 13 3 6 10 7 8 12 11 9 4 15 16 15 7 11 16 13 8 21 3 16 13 20 18 21 7 11 9 9 9 16 16 6 10 12 18 9 8 9 8 21 7 11 13 12 11 20
16 9 3 11 9 10 13 6 20 16 14 11 16 13 4 16 10 6 3 7 12 15 11 7 15 6 21 10 18 7 7 18 11 7 18 15 12 19 7 15 4 21 17 19 5 15 4 15 16 17 12 12 6 18 21 18 6 15 17 13 17 16 5 7 16 11 4 8 6 5 11 15 21 13 14 12 20 18 13 4
6 17 21 8 17 3 14 14 17 6 17 6 19 7 12 10 21 18 13 20 15 16 19 11 16 6 5 15 3 18 8 10 11 6 8 20 10 12 21 21 8 13 9 20 9 4 12 5 10 10 13 4 4 10 9 20 20 10 3 14 4 10 4 21 14 10 7 14 19 12 8 7 10 13 6 7 13 5 8 13
6 21 7 7 9 5 14 15 12 6 16 13 14 14 21 7 11 11 5 12 17 11 13 9 14 17 11 12 13 14 14 13 19 13 5 18 17 4 17 6 20 21 19 7 14 9 9 4 4 15 6 15 6 16 10 5 8 21 7 3 8 6 8 21 6 8 8 16 6 8 19 11 18 15 10 4 20 8 14 17
8 4 13 4 19 13 20 17 14 12 6 21 5 7 11 21 21 7 6 14 15 9 10 7 21 10 8 5 21 18 16 3 20 16 6 8 21 13 12 7 20 17 20 6 7 20 10 17 6 20 17 19 11 7 5 13 17 12 16 13 10 17 6 15 19 13 12 11 17 9 21 19 11 19 8 20 17 20 3 5
12 6 13 18 21 19 19 9 19 14 17 16 17 3 20 17 3 7 10 4 15 13 15 20 10 10 8 7 20 10 3 7 20 9 15 5 19 16 7 16 12 11 21 8 16 7 12 16 15 10 5 8 10 13 14 19 18 10 14 9 8 20 21 9 20 16 5 19 4 16 5 17 17 15 13 15 21 15 19 10
21 11 3 16 6 12 8 6 6 6 3 11 10 8 12 3 9 12 7 15 12 9 15 19 18 11 13 16 17 6 17 10 10 10 12 10 5 14 4 10 3 12 13 20 8 16 5 21 10 15 14 12 20 12 12 17 21 9 20 11 19 14 4 15 4 11 10 20 17 21 5 7 7 19 10 20 4 3 16 15
14 5 10 17 7 20 19 3 3 16 3 5 4 5 9 6 9 5 5 11 17 21 5 13 14 20 10 18 9 14 19 4 4 8 7 16 3 7 16 15 19 5 11 11 5 14 21 21 7 12 19 18 17 4 14 8 12 20 17 8 6 17 5 3 10 18 6 7 21 6 15 16 7 14 3 10 11 21 16 21
8 17 15 11 14 21 4 9 18 10 14 7 8 3 15 21 12 5 6 3 11 16 18 12 4 13 15 12 16 9 15 12 5 19 9 5 10 8 5 10 21 5 21 17 9 16 15 21 9 6 17 11 4 14 20 7 13 11 15 3 13 14 5 5 17 13 6 18 21 21 12 17 10 8 13 8 15 20 12 11
5 13 16 10 12 7 3 21 5 19 5 10 20 3 15 7 7 10 16 17 11 15 11 19 19 11 10 12 8 12 17 5 5 9 6 15 15 14 21 14 14 13 20 6 5 18 10 4 5 20 4 16 19 9 17 8 20 10 5 9 13 12 20 12 20 3 7 21 12 21 3 3 3 5 6 20 4 20 17 18
11 12 16 3 12 10 11 11 4 7 9 13 15 3 7 12 9 9 18 18 18 19 7 6 6 19 6 3 8 12 8 17 8 10 17 20 14 5 7 17 11 11 17 20 3 8 20 5 16 18 13 20 9 18 17 3 10 12 4 10 8 9 17 19 16 12 13 13 15 21 16 16 5 19 5 3 18 13 6 14
17 5 9 7 16 17 13 16 16 6 9 14 8 10 17 9 12 4 17 4 15 7 10 5 10 3 17 12 8 9 13 9 11 4 8 11 5 6 4 4 11 9 4 10 9 8 3 9 19 19 4 11 5 11 11 13 18 4 17 13 9 4 12 13 15 13 4 5 16 7 20 9 15 21 12 6 3 11 5 13
17 14 19 7 8 21 13 13 13 15 9 7 17 8 13 20 11 13 5 9 11 20 4 16 12 17 15 3 7 13 18 14 12 13 17 11 3 21 5 15 14 15 8 13 7 15 17 12 16 4 14 15 9 11 11 4 15 8 5 7 9 9 19 6 17 9 21 4 16 18 19 14 19 6 3 5 3 8 13 17
16 3 20 20 10 3 21 20 14 17 17 8 18 11 17 20 10 15 5 4 14 9 5 12 14 7 5 9 15 17 13 9 21 10 21 15 13 4 12 19 17 4 18 19 9 10 12 18 20 20 7 11 4 7 10 14 12 6 16 16 13 6 17 3 20 8 6 3 8 12 4 11 4 5 18 13 20 16 15 9
5 16 16 14 5 10 17 12 5 5 11 11 10 11 7 5 7 18 20 7 18 7 14 4 12 7 20 8 14 19 8 10 12 5 7 18 21 16 15 4 21 7 11 19 14 12 19 14 12 16 21 8 16 8 8 3 6 8 14 13 9 9 10 9 9 10 19 21 12 21 21 15 18 3 3 10 4 6 7 15
10 5 12 17 12 19 11 4 19 12 17 19 9 8 11 9 13 4 17 5 15 15 8 18 11 17 3 18 9 17 19 5 14 7 19 17 16 16 17 14 19 12 9 9 9 7 17 5 20 7 17 12 11 18 21 19 9 18 13 11 5 8 13 4 3 17 20 15 15 6 20 15 11 8 5 4 6 6 19 12
20 6 10 3 21 16 7 5 7 3 4 19 4 15 10 19 16 9 13 4 11 15 5 15 18 11 20 12 9 6 16 13 14 21 18 17 17 8 16 10 6 7 10 3 15 14 8 10 14 7 18 10 20 6 12 14 11 21 12 20 6 5 19 16 20 21 15 5 11 3 21 7 5 18 14 14 4 15 4 4
17 15 12 4 7 19 5 8 8 19 6 16 5 20 15 10 12 19 13 15 6 16 9 18 4 16 13 10 14 19 4 19 11 12 19 18 12 21 16 12 4 17 6 6 6 3 11 8 18 6 6 6 11 20 21 10 19 11 9 7 14 17 13 4 4 8 10 3 15 3 18 3 16 15 8 13 5 19 18 5
21 21 16 7 10 6 17 11 10 14 3 14 11 17 21 4 17 3 3 15 20 13 5 7 20 13 13 20 16 6 5 13 9 14 17 11 18 8 16 10 3 21 5 19 13 18 10 19 5 7 4 6 4 6 18 4 6 9 13 8 9 12 16 13 17 9 7 3 13 5 11 3 13 10 21 8 13 10 18 3
15 5 13 9 15 15 20 6 12 3 7 13 7 10 15 6 9 8 5 18 13 4 14 12 21 21 21 21 18 10 15 10 12 8 5 10 18 14 12 19 21 3 9 6 11 21 13 13 10 4 18 13 11 15 19 21 17 14 21 15 7 20 7 6 17 18 10 9 9 16 13 3 11 21 8 3 14 14 4 12
8 4 9 8 6 10 18 5 4 14 3 4 6 19 5 9 21 19 21 20 18 15 7 11 11 9 10 17 15 16 19 17 15 21 21 20 18 21 18 14 10 19 15 4 7 14 3 11 9 20 10 8 14 3 18 11 8 8 6 8 8 20 20 16 8 21 13 9 17 9 15 9 6 8 11 14 8 19 20 7
21 18 17 17 17 15 8 9 20 9 15 18 15 17 9 8 6 8 19 14 18 17 15 19 20 6 21 17 8 14 16 6 7 19 16 3 11 4 7 13 17 16 18 20 17 8 20 3 4 12 21 16 3 14 4 7 12 12 21 7 12 3 18 12 19 17 17 8 15 4 3 8 13 17 7 16 4 13 16 3
12 3 15 6 12 11 16 3 16 19 19 11 4 15 14 5 18 11 20 11 11 13 14 10 14 5 15 11 17 4 13 8 12 6 18 15 14 15 4 14 11 16 11 12 19 20 11 6 10 13 19 5 8 4 11 6 19 4 16 20 15 17 14 6 18 20 5 5 14 16 5 19 9 16 19 3 11 20 18 10
7 15 20 19 8 17 17 3 3 9 19 8 3 9 9 8 19 17 17 21 11 6 16 12 4 11 9 13 3 10 11 14 4 20 5 18 10 12 9 4 9 8 6 21 16 10 3 11 14 17 9 4 4 8 4 3 11 15 4 13 15 13 11 4 7 5 8 13 5 4 8 20 12 10 14 3 11 7 9 19
5 9 4 21 4 16 11 21 5 19 10 17 20 3 20 18 15 12 6 15 7 19 4 13 9 17 11 13 16 21 21 17 4 20 14 15 14 4 18 15 5 9 13 18 7 6 6 19 4 11 11 6 21 8 14 4 18 21 16 9 19 4 7 12 14 8 7 14 16 19 9 6 7 9 16 19 8 12 13 14
21 10 14 6 7 4 19 16 14 6 13 15 20 11 15 20 20 6 9 11 19 18 10 13 12 3 19 21 19 13 4 14 21 13 9 14 6 21 19 16 19 21 3 5 4 20 14 16 5 9 5 4 6 9 15 13 6 7 16 4 16 21 6 13 20 21 9 12 19 13 14 8 19 13 5 19 6 13 21 17
12 19 15 16 4 6 17 18 3 7 6 14 14 6 15 8 18 7 11 7 3 15 18 20 9 21 17 18 5 18 4 6 16 8 6 12 12 17 15 12 4 3 17 5 16 13 4 21 3 5 3 19 8 10 8 4 21 10 16 18 20 20 17 12 7 20 11 21 5 21 20 19 17 8 9 11 21 16 19 15
17 8 19 15 12 9 21 19 21 7 13 11 19 10 3 14 9 13 3 4 12 11 19 5 14 10 17 15 13 8 10 4 16 3 14 16 12 7 5 7 9 13 13 13 19 18 12 11 6 21 13 7 6 18 14 15 19 17 5 14 15 15 3 18 6 9 16 20 18 20 19 6 6 9 10 4 18 10 4 19
20 16 8 3 4 3 16 8 6 16 7 6 19 6 14 13 15 3 20 4 4 16 4 18 21 3 17 14 8 17 14 7 17 7 19 5 15 11 13 5 11 16 3 20 16 20 20 5 6 16 14 5 13 8 4 6 8 20 9 21 6 20 21 14 6 4 7 16 21 21 3 6 18 11 10 14 14 15 6 3
18 16 15 5 14 9 7 8 21 18 16 11 14 6 12 12 13 19 15 7 4 6 18 10 15 19 17 15 18 5 4 5 13 7 4 5 19 13 15 18 12 7 4 9 10 10 11 17 8 11 11 9 12 20 11 10 18 9 15 12 5 11 17 15 20 21 21 3 4 21 18 12 18 14 21 13 16 19 7 20
20 10 15 11 4 16 5 4 9 11 15 18 21 5 3 4 4 3 5 10 14 20 12 19 5 4 13 13 17 7 14 15 14 8 18 12 9 6 17 6 6 8 12 20 13 14 15 14 12 9 14 6 16 20 17 18 20 21 7 19 3 4 7 10 15 12 18 4 12 13 19 7 15 9 9 6 13 12 11 19
16 7 14 5 18 15 13 18 4 15 6 14 13 11 14 16 12 11 19 9 6 17 17 14 13 16 3 20 10 12 12 21 5 19 7 13 12 3 3 10 19 14 16 13 5 21 20 17 15 12 9 8 10 21 5 12 13 7 12 6 10 9 10 10 18 10 20 4 12 14 15 20 14 16 12 8 10 18 14 16
6 8 19 18 5 20 13 21 4 17 14 4 8 6 14 7 18 18 7 14 19 20 6 16 7 8 14 13 21 11 13 10 17 3 21 14 15 6 5 7 7 8 7 11 17 15 4 11 7 6 12 11 4 16 20 18 3 3 12 17 13 8 5 17 6 8 7 18 19 19 11 15 18 17 21 12 3 21 9 21
7 17 10 11 13 4 4 10 4 19 8 3 14 15 3 6 20 5 14 6 7 9 21 13 15 6 4 20 10 17 6 12 3 13 3 13 9 17 10 19 15 7 10 10 5 16 18 9 21 6 10 9 11 14 20 7 20 7 10 20 5 7 4 14 19 12 3 11 17 12 18 11 8 5 16 20 21 20 16 6
9 6 8 15 7 9 5 12 9 11 12 15 12 10 5 21 9 20 6 13 6 3 21 19 15 15 14 5 8 11 10 14 8 15 13 12 6 15 6 8 10 11 20 6 8 19 21 20 14 9 14 16 21 10 6 15 11 19 14 10 15 12 12 9 19 18 17 4 8 13 13 15 13 16 8 7 8 19 6 10
6 10 8 9 7 18 7 4 4 11 7 4 16 18 18 21 7 7 15 4 19 13 11 21 7 17 11 18 14 18 12 12 17 10 6 8 20 9 14 11 12 15 17 13 19 4 4 5 17 21 17 11 19 15 19 9 3 15 12 21 7 6 3 11 12 5 8 18 18 20 5 16 14 3 4 6 21 8 10 4
20 11 5 18 21 11 3 13 4 18 9 14 16 15 6 15 14 4 20 18 15 21 10 15 21 20 14 11 8 14 3 11 20 21 14 11 5 8 18 4 20 7 21 16 13 6 6 8 13 7 6 17 12 18 18 21 15 9 10 20 21 4 16 4 14 5 18 21 18 9 3 10 8 6 4 11 15 13 13 11
14 5 8 21 18 3 3 20 18 8 3 19 21 8 9 14 13 12 16 16 21 13 21 5 3 12 4 18 16 18 20 10 6 11 17 5 15 5 3 8 10 3 5 8 8 11 12 13 5 7 16 21 14 12 13 14 21 16 5 3 21 12 18 3 3 18 7 21 6 15 13 18 13 8 5 10 10 20 14 5
17 18 13 17 19 12 11 13 17 6 14 17 6 16 5 11 16 8 7 12 17 11 17 20 7 11 14 4 15 17 5 5 7 14 10 15 21 7 14 10 16 18 5 4 11 20 3 18 14 10 20 18 9 21 20 13 13 8 3 19 21 12 20 15 15 13 16 15 21 21 15 5 15 7 20 8 10 9 5 11
13 4 19 12 20 8 14 8 4 6 21 11 6 7 10 3 20 15 7 21 9 11 20 12 17 18 11 8 13 14 8 21 18 18 6 15 10 3 14 20 11 21 5 9 13 19 5 13 6 11 18 21 6 15 11 4 12 15 6 12 4 21 20 19 20 14 13 15 18 5 6 21 18 3 4 9 17 7 14 17
18 16 12 7 13 11 14 19 10 12 12 12 21 8 12 15 9 19 16 5 7 4 7 21 11 7 8 14 19 6 7 20 10 4 13 17 4 9 16 13 5 21 6 9 6 6 16 19 20 12 16 6 15 16 11 16 21 5 16 5 19 7 16 8 16 6 17 21 14 18 16 15 16 7 14 6 19 7 6 9
15 6 5 3 10 11 15 12 13 15 19 17 21 11 9 8 11 21 17 18 21 16 14 19 18 3 20 9 18 15 9 17 13 4 5 9 11 11 17 7 17 14 14 4 13 8 17 14 10 15 11 11 11 18 9 9 11 15 14 14 18 20 13 13 17 11 9 8 18 18 6 10 11 4 13 9 20 12 11 14
14 14 8 19 7 8 4 5 15 3 7 13 15 3 5 4 11 15 4 19 16 5 14 17 8 21 10 9 4 11 4 20 18 4 20 11 18 9 13 4 10 4 19 21 6 16 18 10 20 6 18 13 17 18 5 21 19 18 3 7 21 4 20 13 18 5 4 17 4 4 21 14 21 16 3 16 17 11 12 6
21 7 19 9 6 3 9 6 16 8 7 11 17 12 19 9 20 4 20 18 11 18 7 11 10 7 11 5 6 20 13 5 19 12 17 11 18 17 8 20 14 7 14 19 19 21 11 19 21 7 6 14 19 20 15 21 4 8 6 14 18 9 9 15 21 19 17 15 9 14 11 5 15 11 11 18 4 18 15 16
20 12 11 7 16 5 18 7 19 6 11 6 17 18 7 18 12 9 19 20 10 6 21 9 11 11 17 15 14 17 19 4 17 4 5 6 21 21 11 6 20 7 18 8 14 21 13 8 21 19 13 8 9 17 11 16 7 18 19 19 19 5 20 10 20 16 12 6 17 13 11 12 16 4 20 6 4 7 8 3
19 18 13 15 12 14 19 8 8 18 14 17 20 14 14 6 20 4 5 5 8 16 11 17 13 18 15 5 5 17 4 3 3 11 20 17 6 17 11 7 7 20 9 3 13 20 8 3 12 6 16 10 10 18 4 17 6 8 15 21 8 3 20 20 15 17 12 14 20 10 14 19 7 18 7 21 6 4 14 12
8 5 12 3 6 10 14 19 8 6 15 19 16 12 14 18 10 16 11 8 21 10 21 15 18 12 13 8 16 3 21 13 10 4 6 15 5 13 21 9 9 19 11 20 5 3 4 11 13 8 13 14 19 20 7 5 4 7 4 21 21 14 15 10 7 14 20 19 21 16 17 7 9 13 14 16 5 18 10 8
17 11 16 4 19 14 7 15 12 12 17 15 15 5 4 9 21 19 3 8 5 8 3 21 20 16 3 13 7 19 17 12 7 10 16 14 15 16 7 6 19 16 8 16 5 5 5 14 5 7 21 16 11 3 12 4 16 15 3 16 7 18 7 12 7 21 19 13 21 20 10 13 7 10 18 14 19 12 17 9
5 11 19 7 15 3 12 16 9 21 13 4 14 20 15 13 14 12 13 12 10 10 7 21 14 4 18 12 13 21 4 13 6 4 7 13 15 15 15 11 20 21 17 12 11 8 15 11 9 11 20 7 19 15 16 8 10 21 12 6 10 3 9 10 14 19 12 4 9 6 3 3 18 14 14 5 6 12 11 4
6 4 15 11 10 3 20 19 4 4 3 3 11 16 3 12 12 21 8 21 9 18 18 6 15 17 4 4 11 14 12 14 17 13 6 10 21 14 7 19 7 20 10 14 19 14 9 14 12 18 19 20 3 5 6 13 12 17 12 10 7 20 9 5 19 7 19 9 5 17 16 5 10 21 15 14 15 3 4 16
20 10 7 18 18 19 20 18 19 14 9 5 18 14 10 19 5 9 15 12 18 16 12 10 7 18 21 21 18 6 6 18 20 20 8 13 17 10 12 13 17 4 16 6 20 17 3 10 3 12 5 5 20 16 13 16 18 6 9 6 12 6 15 19 21 11 17 12 15 19 6 12 5 20 13 12 14 8 6 6
11 3 8 9 12 8 5 21 10 21 14 10 14 5 13 9 18 6 12 4 14 8 5 6 7 20 8 5 19 16 12 13 16 16 11 18 14 4 7 16 20 16 16 21 5 16 5 15 12 6 8 18 11 21 18 6 4 20 16 18 16 14 16 17 21 18 4 3 18 13 21 5 4 7 11 14 18 10 10 17
8 14 7 20 6 6 12 9 9 20 9 17 13 7 17 6 11 16 13 5 7 4 21 6 15 11 11 4 13 10 11 15 7 7 19 12 6 6 11 5 5 15 12 10 8 8 7 5 8 3 9 17 14 5 13 4 13 15 16 5 6 18 5 16 17 15 3 11 6 11 5 20 16 9 4 19 9 13 11 15
13 19 17 14 11 8 15 4 12 4 8 19 8 15 3 12 20 19 11 15 19 14 20 17 6 13 10 7 16 17 11 17 15 5 14 18 10 15 15 15 15 10 12 4 13 15 13 6 6 5 11 9 16 4 3 7 7 5 9 18 18 17 13 12 5 5 13 6 21 13 14 20 8 14 3 11 5 11 20 13
15 11 5 15 21 21 18 4 13 3 9 8 7 6 6 11 3 9 17 9 4 4 12 9 14 10 5 5 19 8 16 18 18 8 15 21 14 15 4 14 9 4 19 12 6 21 6 7 14 16 11 11 4 20 5 8 8 16 8 7 8 11 4 18 15 19 10 9 9 10 6 12 15 10 9 16 19 21 13 5
17 5 17 6 10 14 20 5 10 3 11 11 7 10 7 12 9 14 20 10 17 7 14 15 6 21 20 15 14 21 15 4 21 15 13 11 3 19 4 19 6 9 20 14 13 14 13 7 14 7 12 8 6 7 15 14 14 21 21 8 13 19 3 14 19 16 5 11 3 20 10 7 19 17 17 8 12 12 18 8
19 12 4 20 5 19 20 18 13 18 10 8 15 16 14 19 20 5 4 14 12 9 11 4 11 12 9 21 19 14 16 7 5 18 5 12 21 14 10 9 15 15 16 11 5 8 7 19 10 10 10 21 15 17 14 6 15 15 10 5 15 17 21 14 7 8 21 11 6 8 9 20 14 18 8 20 4 12 16 9
6 18 16 21 7 9 15 9 16 4 16 15 21 21 6 11 12 17 9 3 9 5 16 18 8 3 4 20 9 4 15 18 21 7 6 20 16 4 18 9 17 3 17 20 20 20 13 5 20 4 14 4 7 7 11 13 3 20 14 15 15 6 21 3 13 20 15 7 11 20 17 10 4 13 5 9 16 8 8 7
15 18 10 19 18 10 8 17 18 18 10 19 9 4 16 17 11 8 8 8 16 19 10 8 19 9 12 14 4 10 9 3 20 15 9 3 14 9 20 11 11 9 10 3 10 10 14 14 10 20 21 14 11 6 13 8 6 18 4 6 11 7 17 6 14 3 3 13 20 7 15 16 14 10 5 20 11 9 5 12
17 20 14 4 15 5 6 20 20 20 16 3 19 17 19 10 16 13 4 13 17 14 21 8 3 21 9 4 18 19 20 11 12 5 4 11 10 14 17 6 20 18 7 8 12 21 15 10 20 15 15 11 7 11 4 11 19 20 16 16 15 4 6 15 11 4 12 19 3 7 10 7 3 13 13 20 9 12 10 18
4 11 6 10 7 7 18 17 8 9 20 19 10 11 5 16 19 8 19 21 12 18 15 13 11 9 11 8 4 6 7 9 12 14 3 3 7 9 13 18 16 14 17 14 3 7 8 11 19 12 10 13 13 9 10 15 5 8 16 12 11 11 5 7 4 19 5 8 13 12 13 21 18 17 18 6 14 9 18 12
17 12 3 10 8 13 21 10 5 5 4 12 12 6 10 17 13 19 11 9 5 11 21 11 8 10 4 3 21 20 13 12 14 17 8 8 19 12 3 4 15 3 5 18 3 15 19 17 12 11 7 20 8 11 13 16 20 20 7 3 15 8 18 3 4 19 15 6 21 8 18 13 7 6 6 18 11 17 13 15
7 5 15 10 12 16 18 5 20 11 17 18 9 14 17 20 12 6 19 13 9 13 6 20 16 10 12 15 9 17 16 18 12 11 17 20 13 10 15 11 20 20 12 21 11 21 6 13 4 11 18 8 10 18 20 11 6 13 9 4 4 6 21 12 16 8 8 8 10 12 5 5 18 10 21 11 9 19 18 16
10 6 10 13 20 7 16 15 13 5 3 4 16 19 13 16 7 21 14 19 10 12 20 7 10 10 10 9 12 6 16 8 16 21 5 17 21 21 7 5 16 9 3 17 5 4 19 6 11 7 7 15 9 10 10 6 16 12 14 5 4 21 9 18 15 8 18 16 4 4 15 7 10 7 19 18 16 18 17 14
13 6 8 17 10 3 17 7 5 16 6 8 10 6 8 14 16 8 11 9 15 4 18 15 7 7 4 12 5 9 10 11 18 21 7 18 16 15 18 7 14 14 13 4 7 16 19 5 6 9 15 11 8 21 3 9 20 17 20 17 7 9 15 8 19 21 9 4 4 10 20 18 4 15 17 6 8 18 15 12
16 20 20 6 9 7 9 20 5 10 3 17 20 6 3 9 3 16 15 21 10 9 10 4 13 14 8 7 4 5 5 9 17 9 4 8 9 5 10 8 15 13 14 8 11 3 4 13 4 11 14 12 14 21 13 20 9 16 12 14 16 12 19 4 3 20 14 9 4 19 21 7 11 8 15 11 20 8 7 7
6 7 7 15 13 16 12 20 6 8 11 15 11 21 13 12 15 18 13 14 3 17 9 19 15 18 10 21 16 14 16 20 18 5 6 21 19 14 8 15 7 8 18 13 12 14 18 7 16 18 17 20 11 6 12 14 6 12 15 15 11 7 9 17 16 5 18 3 16 17 14 10 9 8 4 10 12 7 12 7
17 14 13 7 4 6 7 17 5 7 18 14 8 16 12 12 20 12 9 17 6 12 11 6 6 13 4 10 9 14 12 3 16 5 8 21 18 12 5 13 8 4 14 14 18 21 10 18 15 16 13 15 10 10 4 8 9 11 7 14 12 11 19 3 13 13 13 8 17 10 17 9 7 17 3 3 6 16 4 11
20 4 10 7 5 18 10 14 14 3 8 8 7 15 4 17 6 11 8 20 15 16 15 15 9 14 15 13 12 21 12 6 5 20 20 13 15 12 4 3 16 19 18 18 20 16 17 16 8 8 11 20 9 13 6 16 20 20 11 21 12 19 4 13 13 17 4 4 19 13 20 17 14 19 16 17 13 21 19 3
16 16 14 10 3 14 19 14 4 3 7 13 16 20 3 14 3 4 7 19 13 8 20 4 15 10 14 12 9 15 6 16 5 13 19 16 8 17 8 13 11 8 16 14 17 4 10 4 20 15 21 3 11 10 13 17 12 6 15 15 8 12 14 18 20 7 15 18 3 3 20 6 9 12 18 13 7 18 8 12
15 5 10 13 10 11 21 14 19 12 4 13 6 7 14 11 4 4 15 5 14 4 3 4 13 17 5 19 13 17 6 7 9 6 17 18 3 16 13 18 20 5 8 19 10 6 6 10 20 8 13 5 16 20 8 17 18 3 20 11 19 16 14 4 4 8 13 18 14 5 9 4 15 10 6 10 8 7 10 4
7 19 12 6 20 14 14 7 21 3 13 7 3 3 7 11 16 12 20 11 8 14 6 4 14 13 17 4 11 3 17 11 7 8 13 10 19 12 12 10 10 10 16 8 13 18 3 14 21 19 11 21 17 10 7 19 17 4 18 20 11 4 17 14 15 4 20 3 12 17 13 17 17 15 21 6 3 3 7 19
5 9 10 15 3 15 4 21 7 8 9 8 19 3 19 5 13 8 8 14 13 19 19 14 12 20 7 10 13 13 21 3 15 11 3 15 21 6 9 6 8 9 4 5 21 11 4 15 5 10 19 13 7 9 11 14 17 17 16 20 3 8 6 17 16 12 13 18 11 17 10 14 21 6 19 3 7 18 18 17
21 14 21 16 4 16 6 18 9 3 6 13 18 14 16 15 6 11 20 3 10 12 13 18 3 6 9 15 8 8 15 13 11 16 5 6 4 17 4 19 5 9 9 6 9 13 21 19 9 15 6 4 4 21 20 10 11 3 4 6 18 15 17 17 15 10 21 11 8 21 5 19 6 14 19 14 5 8 19 7
11 18 12 5 19 21 12 10 20 7 16 13 4 20 7 20 15 17 7 12 9 9 7 13 10 9 20 21 5 21 8 20 16 4 6 17 20 10 12 15 19 14 8 11 18 6 7 17 12 20 12 21 18 7 15 5 15 10 12 14 20 19 12 19 11 17 11 3 12 5 21 14 16 6 6 15 14 16 18 3
15 4 19 11 17 4 11 7 4 5 4 3 17 21 3 3 20 6 5 6 18 3 20 7 18 4 10 13 16 18 7 7 9 18 10 5 10 11 21 15 10 4 3 16 10 19 12 6 17 10 8 14 20 8 17 18 5 18 21 14 21 4 7 9 18 4 3 16 4 15 6 10 6 5 14 11 9 19 17 4
4 13 18 6 10 16 7 4 17 4 21 8 8 7 18 8 11 16 4 5 5 17 5 19 6 11 6 18 18 10 15 3 6 16 16 17 20 9 6 17 13 13 13 16 18 18 20 4 20 9 13 5 17 20 18 16 11 5 11 14 12 3 21 3 4 21 19 10 20 20 14 8 13 8 4 3 11 19 4 12
10 6 16 9 11 3 17 7 6 12 9 10 5 9 18 17 5 9 17 14 15 15 19 12 8 8 9 15 17 13 3 11 6 11 7 7 14 20 11 14 12 19 9 20 20 6 16 15 3 9 14 4 4 16 10 16 20 14 13 9 12 11 6 16 5 18 5 12 9 15 11 14 11 19 16 10 11 7 19 9
8 8 12 19 16 16 4 17 13 7 8 12 14 19 5 7 12 13 5 14 12 8 20 12 9 5 9 4 17 14 7 21 9 13 19 6 20 20 17 5 13 12 20 9 4 19 16 9 4 4 7 3 8 4 6 13 13 14 9 7 14 19 4 6 13 17 13 11 18 18 10 7 3 5 10 4 14 10 18 14
10 8 5 14 7 10 20 11 7 10 16 8 10 12 10 20 3 12 8 13 19 6 10 21 3 15 14 17 14 19 3 18 6 5 18 18 16 13 19 5 11 13 7 17 8 4 6 9 20 13 15 10 12 18 13 5 8 13 15 8 19 21 11 17 4 8 9 7 8 8 12 6 12 15 12 4 14 13 21 6
