20
00000000000000000000
0
00000000001000000000
67689
10000000000000000000
83778676
10000000000000000000
524288
10000000000000000001
83778677
10000000000000000010
83778678
11000000000000000000
83778676
10000000000000001000
524296
10000000000000001001
524297
10000000000000001010
524297
11000000000000001000
524296
11000000000000001000
786440
10010000100000001000
524296
10000000000000001111
524296
10000000000000011111
524296
11111111111111111111
524296
11111111111111111111
1048575
11111111111111111110
1048574
11111111111111111101
1048573
11111111111111111100
1048572