96643
175899
186984
177896
170459
169058
155187
171183
166946
158275
110662
181913
18850
165808
127821
184463
175354
120844
170547
187633
193575
187218
166825
197617
189666
161935
113946
97579
98343
101165
171924
168896
167086
18384
186899
194787
164255
155120
93057
141682
183732
98876
177759
100116
142293
160861
100509
116784
105912
175397
174018
170310
170407
164450
169090
190043
170114
139397
151108
152683
179728
98881
184608
103805
189143
185296
94017
160914
100482
177027
109348
183741
101248
180750
117630
187042
104752
144424
194015
152173
149826
159314
150087
162126
189770
172694
153427
104024
119255
181826
118147
183509
162415
116381
192236
180517
189165
194321
140707
144957
